STATE/UT,Year,TYPE OF JAIL,"Number of Central Jails",Total Capacity of male Inmates,Total Capacity of female Inmates,Total Capacity of Inmates,Male Inmate population,Female Inmate population,Total Inmate population
ANDHRA PRADESH,2001,CENTRAL JAIL,6,5522,20,5542,6116,117,6233
ANDHRA PRADESH,2001,DISTRICT JAIL,10,1751,88,1839,2673,137,2810
ANDHRA PRADESH,2001,SUB JAIL,118,2703,390,3093,3451,161,3612
ANDHRA PRADESH,2001,WOMEN JAIL,2,0,320,320,0,170,170
ANDHRA PRADESH,2001,BORSTAL SCHOOL,1,93,0,93,17,0,17
ANDHRA PRADESH,2001,OPEN JAIL,2,385,0,385,248,0,248
ANDHRA PRADESH,2001,SPECIAL JAIL,0,0,0,0,0,0,0
ANDHRA PRADESH,2001,OTHERS,0,0,0,0,0,0,0
ANDHRA PRADESH,2001,TOTAL,139,10454,818,11272,12505,585,13090
ANDHRA PRADESH,2002,CENTRAL JAIL,7,5986,128,6114,7286,161,7447
ANDHRA PRADESH,2002,DISTRICT JAIL,9,1301,76,1377,2158,111,2269
ANDHRA PRADESH,2002,SUB JAIL,118,2750,397,3147,3025,201,3226
ANDHRA PRADESH,2002,WOMEN JAIL,2,0,320,320,0,235,235
ANDHRA PRADESH,2002,BORSTAL SCHOOL,1,93,0,93,28,0,28
ANDHRA PRADESH,2002,OPEN JAIL,2,385,0,385,218,0,218
ANDHRA PRADESH,2002,SPECIAL JAIL,0,0,0,0,0,0,0
ANDHRA PRADESH,2002,OTHERS,0,0,0,0,0,0,0
ANDHRA PRADESH,2002,TOTAL,139,10515,921,11436,12715,708,13423
ANDHRA PRADESH,2003,CENTRAL JAIL,7,5966,128,6094,7603,213,7816
ANDHRA PRADESH,2003,DISTRICT JAIL,9,1357,80,1437,2196,165,2361
ANDHRA PRADESH,2003,SUB JAIL,120,2752,400,3152,3296,22,3318
ANDHRA PRADESH,2003,WOMEN JAIL,2,0,320,320,0,313,313
ANDHRA PRADESH,2003,BORSTAL SCHOOL,1,93,0,93,22,0,22
ANDHRA PRADESH,2003,OPEN JAIL,2,385,0,385,254,0,254
ANDHRA PRADESH,2003,SPECIAL JAIL,0,0,0,0,0,0,0
ANDHRA PRADESH,2003,OTHERS,0,0,0,0,0,0,0
ANDHRA PRADESH,2003,TOTAL,141,10553,928,11481,13371,713,14084
ANDHRA PRADESH,2004,CENTRAL JAIL,7,6428,204,6632,7377,209,7586
ANDHRA PRADESH,2004,DISTRICT JAIL,9,1518,119,1637,2289,180,2469
ANDHRA PRADESH,2004,SUB JAIL,120,2801,402,3203,3140,42,3182
ANDHRA PRADESH,2004,WOMEN JAIL,2,0,320,320,0,354,354
ANDHRA PRADESH,2004,BORSTAL SCHOOL,1,93,0,93,6,0,6
ANDHRA PRADESH,2004,OPEN JAIL,2,385,0,385,284,0,284
ANDHRA PRADESH,2004,SPECIAL JAIL,0,0,0,0,0,0,0
ANDHRA PRADESH,2004,OTHERS,0,0,0,0,0,0,0
ANDHRA PRADESH,2004,TOTAL,141,11225,1045,12270,13096,785,13881
ANDHRA PRADESH,2005,CENTRAL JAIL,7,6428,204,6632,8059,141,8200
ANDHRA PRADESH,2005,DISTRICT JAIL,9,1518,119,1637,2090,222,2312
ANDHRA PRADESH,2005,SUB JAIL,120,2801,402,3203,3283,51,3334
ANDHRA PRADESH,2005,WOMEN JAIL,2,0,320,320,0,470,470
ANDHRA PRADESH,2005,BORSTAL SCHOOL,1,93,0,93,7,0,7
ANDHRA PRADESH,2005,OPEN JAIL,2,385,0,385,290,0,290
ANDHRA PRADESH,2005,SPECIAL JAIL,0,0,0,0,0,0,0
ANDHRA PRADESH,2005,OTHERS,0,0,0,0,0,0,0
ANDHRA PRADESH,2005,TOTAL,141,11225,1045,12270,13729,884,14613
ANDHRA PRADESH,2006,CENTRAL JAIL,7,6428,204,6632,7996,158,8154
ANDHRA PRADESH,2006,DISTRICT JAIL,9,1518,119,1637,2571,239,2810
ANDHRA PRADESH,2006,SUB JAIL,120,2954,350,3304,3660,76,3736
ANDHRA PRADESH,2006,WOMEN JAIL,2,0,320,320,0,372,372
ANDHRA PRADESH,2006,BORSTAL SCHOOL,1,93,0,93,14,0,14
ANDHRA PRADESH,2006,OPEN JAIL,2,430,0,430,335,0,335
ANDHRA PRADESH,2006,SPECIAL JAIL,0,0,0,0,0,0,0
ANDHRA PRADESH,2006,OTHERS,0,0,0,0,0,0,0
ANDHRA PRADESH,2006,TOTAL,141,11423,993,12416,14576,845,15421
ANDHRA PRADESH,2007,CENTRAL JAIL,7,6428,204,6632,8092,147,8239
ANDHRA PRADESH,2007,DISTRICT JAIL,9,1518,119,1637,2372,202,2574
ANDHRA PRADESH,2007,SUB JAIL,113,3230,368,3598,3367,155,3522
ANDHRA PRADESH,2007,WOMEN JAIL,2,0,320,320,0,363,363
ANDHRA PRADESH,2007,BORSTAL SCHOOL,1,93,0,93,13,0,13
ANDHRA PRADESH,2007,OPEN JAIL,2,430,0,430,334,0,334
ANDHRA PRADESH,2007,SPECIAL JAIL,0,0,0,0,0,0,0
ANDHRA PRADESH,2007,OTHERS,0,0,0,0,0,0,0
ANDHRA PRADESH,2007,TOTAL,134,11699,1011,12710,14178,867,15045
ANDHRA PRADESH,2008,CENTRAL JAIL,7,7137,262,7399,7617,118,7735
ANDHRA PRADESH,2008,DISTRICT JAIL,10,1956,193,2149,2242,184,2426
ANDHRA PRADESH,2008,SUB JAIL,121,3989,543,4532,3000,240,3240
ANDHRA PRADESH,2008,WOMEN JAIL,2,0,380,380,0,332,332
ANDHRA PRADESH,2008,BORSTAL SCHOOL,1,93,0,93,7,0,7
ANDHRA PRADESH,2008,OPEN JAIL,2,430,0,430,340,0,340
ANDHRA PRADESH,2008,SPECIAL JAIL,0,0,0,0,0,0,0
ANDHRA PRADESH,2008,OTHERS,0,0,0,0,0,0,0
ANDHRA PRADESH,2008,TOTAL,143,13605,1378,14983,13206,874,14080
ANDHRA PRADESH,2009,CENTRAL JAIL,7,6957,242,7199,6470,176,6646
ANDHRA PRADESH,2009,DISTRICT JAIL,11,2380,245,2625,2156,160,2316
ANDHRA PRADESH,2009,SUB JAIL,118,4239,581,4820,3089,213,3302
ANDHRA PRADESH,2009,WOMEN JAIL,2,0,380,380,0,227,227
ANDHRA PRADESH,2009,BORSTAL SCHOOL,1,93,0,93,12,0,12
ANDHRA PRADESH,2009,OPEN JAIL,2,430,0,430,305,0,305
ANDHRA PRADESH,2009,SPECIAL JAIL,0,0,0,0,0,0,0
ANDHRA PRADESH,2009,OTHERS,0,0,0,0,0,0,0
ANDHRA PRADESH,2009,TOTAL,141,14099,1448,15547,12032,776,12808
ANDHRA PRADESH,2010,CENTRAL JAIL,7,6982,242,7224,6802,138,6940
ANDHRA PRADESH,2010,DISTRICT JAIL,11,2430,245,2675,1789,162,1951
ANDHRA PRADESH,2010,SUB JAIL,120,4416,605,5021,2769,191,2960
ANDHRA PRADESH,2010,WOMEN JAIL,2,0,308,308,0,288,288
ANDHRA PRADESH,2010,BORSTAL SCHOOL,1,93,0,93,13,0,13
ANDHRA PRADESH,2010,OPEN JAIL,2,430,0,430,338,0,338
ANDHRA PRADESH,2010,SPECIAL JAIL,0,0,0,0,0,0,0
ANDHRA PRADESH,2010,OTHERS,0,0,0,0,0,0,0
ANDHRA PRADESH,2010,TOTAL,143,14351,1400,15751,11711,779,12490
ANDHRA PRADESH,2011,CENTRAL JAIL,7,7344,242,7586,6944,146,7090
ANDHRA PRADESH,2011,DISTRICT JAIL,12,2681,278,2959,2275,177,2452
ANDHRA PRADESH,2011,SUB JAIL,96,4116,569,4685,2867,210,3077
ANDHRA PRADESH,2011,WOMEN JAIL,2,0,320,320,0,309,309
ANDHRA PRADESH,2011,BORSTAL SCHOOL,1,93,0,93,6,0,6
ANDHRA PRADESH,2011,OPEN JAIL,2,430,0,430,279,0,279
ANDHRA PRADESH,2011,SPECIAL JAIL,0,0,0,0,0,0,0
ANDHRA PRADESH,2011,OTHERS,0,0,0,0,0,0,0
ANDHRA PRADESH,2011,TOTAL,120,14664,1409,16073,12371,842,13213
ANDHRA PRADESH,2012,CENTRAL JAIL,7,6621,192,6813,6723,213,6936
ANDHRA PRADESH,2012,DISTRICT JAIL,15,3155,369,3524,2155,165,2320
ANDHRA PRADESH,2012,SUB JAIL,94,3353,467,3820,3155,234,3389
ANDHRA PRADESH,2012,WOMEN JAIL,2,0,380,380,0,312,312
ANDHRA PRADESH,2012,BORSTAL SCHOOL,1,93,0,93,5,0,5
ANDHRA PRADESH,2012,OPEN JAIL,2,430,0,430,323,0,323
ANDHRA PRADESH,2012,SPECIAL JAIL,0,0,0,0,0,0,0
ANDHRA PRADESH,2012,OTHERS,0,0,0,0,0,0,0
ANDHRA PRADESH,2012,TOTAL,121,13652,1408,15060,12361,924,13285
ARUNACHAL PRADESH,2009,CENTRAL JAIL,0,0,0,0,0,0,0
ARUNACHAL PRADESH,2009,DISTRICT JAIL,1,44,12,56,58,4,62
ARUNACHAL PRADESH,2009,SUB JAIL,0,0,0,0,0,0,0
ARUNACHAL PRADESH,2009,WOMEN JAIL,0,0,0,0,0,0,0
ARUNACHAL PRADESH,2009,BORSTAL SCHOOL,0,0,0,0,0,0,0
ARUNACHAL PRADESH,2009,OPEN JAIL,0,0,0,0,0,0,0
ARUNACHAL PRADESH,2009,SPECIAL JAIL,0,0,0,0,0,0,0
ARUNACHAL PRADESH,2009,OTHERS,0,0,0,0,0,0,0
ARUNACHAL PRADESH,2009,TOTAL,1,44,12,56,58,4,62
ARUNACHAL PRADESH,2010,CENTRAL JAIL,0,0,0,0,0,0,0
ARUNACHAL PRADESH,2010,DISTRICT JAIL,1,44,12,56,53,4,57
ARUNACHAL PRADESH,2010,SUB JAIL,0,0,0,0,0,0,0
ARUNACHAL PRADESH,2010,WOMEN JAIL,0,0,0,0,0,0,0
ARUNACHAL PRADESH,2010,BORSTAL SCHOOL,0,0,0,0,0,0,0
ARUNACHAL PRADESH,2010,OPEN JAIL,0,0,0,0,0,0,0
ARUNACHAL PRADESH,2010,SPECIAL JAIL,0,0,0,0,0,0,0
ARUNACHAL PRADESH,2010,OTHERS,0,0,0,0,0,0,0
ARUNACHAL PRADESH,2010,TOTAL,1,44,12,56,53,4,57
ARUNACHAL PRADESH,2011,CENTRAL JAIL,0,0,0,0,0,0,0
ARUNACHAL PRADESH,2011,DISTRICT JAIL,1,44,12,56,50,5,55
ARUNACHAL PRADESH,2011,SUB JAIL,0,0,0,0,0,0,0
ARUNACHAL PRADESH,2011,WOMEN JAIL,0,0,0,0,0,0,0
ARUNACHAL PRADESH,2011,BORSTAL SCHOOL,0,0,0,0,0,0,0
ARUNACHAL PRADESH,2011,OPEN JAIL,0,0,0,0,0,0,0
ARUNACHAL PRADESH,2011,SPECIAL JAIL,0,0,0,0,0,0,0
ARUNACHAL PRADESH,2011,OTHERS,0,0,0,0,0,0,0
ARUNACHAL PRADESH,2011,TOTAL,1,44,12,56,50,5,55
ARUNACHAL PRADESH,2012,CENTRAL JAIL,0,0,0,0,0,0,0
ARUNACHAL PRADESH,2012,DISTRICT JAIL,1,44,12,56,67,4,71
ARUNACHAL PRADESH,2012,SUB JAIL,0,0,0,0,0,0,0
ARUNACHAL PRADESH,2012,WOMEN JAIL,0,0,0,0,0,0,0
ARUNACHAL PRADESH,2012,BORSTAL SCHOOL,0,0,0,0,0,0,0
ARUNACHAL PRADESH,2012,OPEN JAIL,0,0,0,0,0,0,0
ARUNACHAL PRADESH,2012,SPECIAL JAIL,0,0,0,0,0,0,0
ARUNACHAL PRADESH,2012,OTHERS,0,0,0,0,0,0,0
ARUNACHAL PRADESH,2012,TOTAL,1,44,12,56,67,4,71
ASSAM,2001,CENTRAL JAIL,0,0,0,0,0,0,0
ASSAM,2001,DISTRICT JAIL,23,5287,354,5641,6076,159,6235
ASSAM,2001,SUB JAIL,0,0,0,0,0,0,0
ASSAM,2001,WOMEN JAIL,0,0,0,0,0,0,0
ASSAM,2001,BORSTAL SCHOOL,0,0,0,0,0,0,0
ASSAM,2001,OPEN JAIL,1,100,0,100,36,0,36
ASSAM,2001,SPECIAL JAIL,1,360,8,368,164,15,179
ASSAM,2001,OTHERS,1,24,8,32,35,0,35
ASSAM,2001,TOTAL,26,5771,370,6141,6311,174,6485
ASSAM,2002,CENTRAL JAIL,6,3115,139,3254,3416,93,3509
ASSAM,2002,DISTRICT JAIL,18,2184,225,2409,3020,68,3088
ASSAM,2002,SUB JAIL,1,24,8,32,34,0,34
ASSAM,2002,WOMEN JAIL,0,0,0,0,0,0,0
ASSAM,2002,BORSTAL SCHOOL,0,0,0,0,0,0,0
ASSAM,2002,OPEN JAIL,1,100,0,100,43,0,43
ASSAM,2002,SPECIAL JAIL,1,360,8,368,387,6,393
ASSAM,2002,OTHERS,0,0,0,0,0,0,0
ASSAM,2002,TOTAL,27,5783,380,6163,6900,167,7067
ASSAM,2003,CENTRAL JAIL,6,3167,139,3306,3619,97,3716
ASSAM,2003,DISTRICT JAIL,18,2184,225,2409,3328,110,3438
ASSAM,2003,SUB JAIL,1,24,8,32,23,0,23
ASSAM,2003,WOMEN JAIL,0,0,0,0,0,0,0
ASSAM,2003,BORSTAL SCHOOL,0,0,0,0,0,0,0
ASSAM,2003,OPEN JAIL,1,100,0,100,43,0,43
ASSAM,2003,SPECIAL JAIL,1,360,8,368,413,4,417
ASSAM,2003,OTHERS,0,0,0,0,0,0,0
ASSAM,2003,TOTAL,27,5835,380,6215,7426,211,7637
ASSAM,2004,CENTRAL JAIL,6,3167,139,3306,3686,107,3793
ASSAM,2004,DISTRICT JAIL,18,2184,225,2409,3358,130,3488
ASSAM,2004,SUB JAIL,1,24,8,32,29,0,29
ASSAM,2004,WOMEN JAIL,0,0,0,0,0,0,0
ASSAM,2004,BORSTAL SCHOOL,0,0,0,0,0,0,0
ASSAM,2004,OPEN JAIL,1,100,0,100,34,0,34
ASSAM,2004,SPECIAL JAIL,1,360,8,368,470,14,484
ASSAM,2004,OTHERS,0,0,0,0,0,0,0
ASSAM,2004,TOTAL,27,5835,380,6215,7577,251,7828
ASSAM,2005,CENTRAL JAIL,6,3247,139,3386,4070,99,4169
ASSAM,2005,DISTRICT JAIL,18,2213,254,2467,3819,108,3927
ASSAM,2005,SUB JAIL,1,24,8,32,32,0,32
ASSAM,2005,WOMEN JAIL,0,0,0,0,0,0,0
ASSAM,2005,BORSTAL SCHOOL,0,0,0,0,0,0,0
ASSAM,2005,OPEN JAIL,1,100,0,100,28,0,28
ASSAM,2005,SPECIAL JAIL,1,360,12,372,350,7,357
ASSAM,2005,OTHERS,0,0,0,0,0,0,0
ASSAM,2005,TOTAL,27,5944,413,6357,8299,214,8513
ASSAM,2006,CENTRAL JAIL,6,3247,139,3386,3884,100,3984
ASSAM,2006,DISTRICT JAIL,18,2213,254,2467,4003,140,4143
ASSAM,2006,SUB JAIL,1,24,8,32,58,1,59
ASSAM,2006,WOMEN JAIL,0,0,0,0,0,0,0
ASSAM,2006,BORSTAL SCHOOL,0,0,0,0,0,0,0
ASSAM,2006,OPEN JAIL,1,100,0,100,43,0,43
ASSAM,2006,SPECIAL JAIL,1,360,12,372,307,2,309
ASSAM,2006,OTHERS,0,0,0,0,0,0,0
ASSAM,2006,TOTAL,27,5944,413,6357,8295,243,8538
ASSAM,2007,CENTRAL JAIL,6,3247,139,3386,3942,102,4044
ASSAM,2007,DISTRICT JAIL,18,2213,254,2467,4189,138,4327
ASSAM,2007,SUB JAIL,1,24,8,32,56,0,56
ASSAM,2007,WOMEN JAIL,0,0,0,0,0,0,0
ASSAM,2007,BORSTAL SCHOOL,0,0,0,0,0,0,0
ASSAM,2007,OPEN JAIL,1,100,0,100,38,0,38
ASSAM,2007,SPECIAL JAIL,1,360,12,372,229,11,240
ASSAM,2007,OTHERS,0,0,0,0,0,0,0
ASSAM,2007,TOTAL,27,5944,413,6357,8454,251,8705
ASSAM,2008,CENTRAL JAIL,6,3247,139,3386,3847,126,3973
ASSAM,2008,DISTRICT JAIL,18,2213,254,2467,4293,177,4470
ASSAM,2008,SUB JAIL,1,24,8,32,64,1,65
ASSAM,2008,WOMEN JAIL,0,0,0,0,0,0,0
ASSAM,2008,BORSTAL SCHOOL,0,0,0,0,0,0,0
ASSAM,2008,OPEN JAIL,1,100,0,100,43,0,43
ASSAM,2008,SPECIAL JAIL,1,360,12,372,182,9,191
ASSAM,2008,OTHERS,0,0,0,0,0,0,0
ASSAM,2008,TOTAL,27,5944,413,6357,8429,313,8742
ASSAM,2009,CENTRAL JAIL,6,3247,139,3386,3001,102,3103
ASSAM,2009,DISTRICT JAIL,21,2706,316,3022,4562,182,4744
ASSAM,2009,SUB JAIL,1,24,8,32,47,0,47
ASSAM,2009,WOMEN JAIL,0,0,0,0,0,0,0
ASSAM,2009,BORSTAL SCHOOL,0,0,0,0,0,0,0
ASSAM,2009,OPEN JAIL,1,100,0,100,35,0,35
ASSAM,2009,SPECIAL JAIL,1,360,12,372,216,15,231
ASSAM,2009,OTHERS,0,0,0,0,0,0,0
ASSAM,2009,TOTAL,30,6437,475,6912,7861,299,8160
ASSAM,2010,CENTRAL JAIL,6,3247,139,3386,2961,104,3065
ASSAM,2010,DISTRICT JAIL,21,3188,336,3524,4357,169,4526
ASSAM,2010,SUB JAIL,1,24,8,32,56,0,56
ASSAM,2010,WOMEN JAIL,0,0,0,0,0,0,0
ASSAM,2010,BORSTAL SCHOOL,0,0,0,0,0,0,0
ASSAM,2010,OPEN JAIL,1,100,0,100,28,0,28
ASSAM,2010,SPECIAL JAIL,1,360,12,372,247,0,247
ASSAM,2010,OTHERS,0,0,0,0,0,0,0
ASSAM,2010,TOTAL,30,6919,495,7414,7649,273,7922
ASSAM,2011,CENTRAL JAIL,6,3305,152,3457,3176,122,3298
ASSAM,2011,DISTRICT JAIL,21,3188,336,3524,4439,174,4613
ASSAM,2011,SUB JAIL,1,24,8,32,75,1,76
ASSAM,2011,WOMEN JAIL,0,0,0,0,0,0,0
ASSAM,2011,BORSTAL SCHOOL,0,0,0,0,0,0,0
ASSAM,2011,OPEN JAIL,1,100,0,100,23,0,23
ASSAM,2011,SPECIAL JAIL,1,360,12,372,192,1,193
ASSAM,2011,OTHERS,0,0,0,0,0,0,0
ASSAM,2011,TOTAL,30,6977,508,7485,7905,298,8203
ASSAM,2012,CENTRAL JAIL,6,3743,207,3950,3023,107,3130
ASSAM,2012,DISTRICT JAIL,21,3188,336,3524,4648,177,4825
ASSAM,2012,SUB JAIL,1,24,8,32,77,0,77
ASSAM,2012,WOMEN JAIL,0,0,0,0,0,0,0
ASSAM,2012,BORSTAL SCHOOL,0,0,0,0,0,0,0
ASSAM,2012,OPEN JAIL,1,100,0,100,31,0,31
ASSAM,2012,SPECIAL JAIL,1,360,12,372,201,7,208
ASSAM,2012,OTHERS,0,0,0,0,0,0,0
ASSAM,2012,TOTAL,30,7415,563,7978,7980,291,8271
BIHAR,2001,CENTRAL JAIL,6,10017,18,10035,9804,84,9888
BIHAR,2001,DISTRICT JAIL,23,6665,284,6949,18249,555,18804
BIHAR,2001,SUB JAIL,24,3208,184,3392,6983,158,7141
BIHAR,2001,WOMEN JAIL,1,0,83,83,0,74,74
BIHAR,2001,BORSTAL SCHOOL,0,0,0,0,0,0,0
BIHAR,2001,OPEN JAIL,0,0,0,0,0,0,0
BIHAR,2001,SPECIAL JAIL,0,0,0,0,0,0,0
BIHAR,2001,OTHERS,0,0,0,0,0,0,0
BIHAR,2001,TOTAL,54,19890,569,20459,35036,871,35907
BIHAR,2002,CENTRAL JAIL,6,10026,29,10055,10764,127,10891
BIHAR,2002,DISTRICT JAIL,23,7492,357,7849,18332,645,18977
BIHAR,2002,SUB JAIL,24,3398,190,3588,7157,174,7331
BIHAR,2002,WOMEN JAIL,1,0,83,83,0,101,101
BIHAR,2002,BORSTAL SCHOOL,0,0,0,0,0,0,0
BIHAR,2002,OPEN JAIL,0,0,0,0,0,0,0
BIHAR,2002,SPECIAL JAIL,0,0,0,0,0,0,0
BIHAR,2002,OTHERS,0,0,0,0,0,0,0
BIHAR,2002,TOTAL,54,20916,659,21575,36253,1047,37300
BIHAR,2003,CENTRAL JAIL,6,10026,29,10055,10458,111,10569
BIHAR,2003,DISTRICT JAIL,23,7492,357,7849,19027,644,19671
BIHAR,2003,SUB JAIL,24,3398,190,3588,6789,188,6977
BIHAR,2003,WOMEN JAIL,1,0,83,83,0,106,106
BIHAR,2003,BORSTAL SCHOOL,0,0,0,0,0,0,0
BIHAR,2003,OPEN JAIL,0,0,0,0,0,0,0
BIHAR,2003,SPECIAL JAIL,0,0,0,0,0,0,0
BIHAR,2003,OTHERS,0,0,0,0,0,0,0
BIHAR,2003,TOTAL,54,20916,659,21575,36274,1049,37323
BIHAR,2004,CENTRAL JAIL,6,10026,29,10055,10464,209,10673
BIHAR,2004,DISTRICT JAIL,23,7492,357,7849,15639,418,16057
BIHAR,2004,SUB JAIL,24,3398,190,3588,6097,151,6248
BIHAR,2004,WOMEN JAIL,1,0,83,83,0,95,95
BIHAR,2004,BORSTAL SCHOOL,0,0,0,0,0,0,0
BIHAR,2004,OPEN JAIL,0,0,0,0,0,0,0
BIHAR,2004,SPECIAL JAIL,0,0,0,0,0,0,0
BIHAR,2004,OTHERS,0,0,0,0,0,0,0
BIHAR,2004,TOTAL,54,20916,659,21575,32200,873,33073
BIHAR,2005,CENTRAL JAIL,6,10030,125,10155,12877,284,13161
BIHAR,2005,DISTRICT JAIL,23,7624,357,7981,22552,704,23256
BIHAR,2005,SUB JAIL,25,3598,215,3813,9067,237,9304
BIHAR,2005,WOMEN JAIL,1,0,83,83,0,97,97
BIHAR,2005,BORSTAL SCHOOL,0,0,0,0,0,0,0
BIHAR,2005,OPEN JAIL,0,0,0,0,0,0,0
BIHAR,2005,SPECIAL JAIL,0,0,0,0,0,0,0
BIHAR,2005,OTHERS,0,0,0,0,0,0,0
BIHAR,2005,TOTAL,55,21252,780,22032,44496,1322,45818
BIHAR,2006,CENTRAL JAIL,6,10334,125,10459,12543,272,12815
BIHAR,2006,DISTRICT JAIL,23,9352,350,9702,21613,757,22370
BIHAR,2006,SUB JAIL,25,4023,225,4248,8707,301,9008
BIHAR,2006,WOMEN JAIL,1,0,83,83,0,88,88
BIHAR,2006,BORSTAL SCHOOL,0,0,0,0,0,0,0
BIHAR,2006,OPEN JAIL,0,0,0,0,0,0,0
BIHAR,2006,SPECIAL JAIL,0,0,0,0,0,0,0
BIHAR,2006,OTHERS,0,0,0,0,0,0,0
BIHAR,2006,TOTAL,55,23709,783,24492,42863,1418,44281
BIHAR,2007,CENTRAL JAIL,6,11322,125,11447,10962,254,11216
BIHAR,2007,DISTRICT JAIL,32,14502,432,14934,23340,813,24153
BIHAR,2007,SUB JAIL,16,2964,170,3134,4044,117,4161
BIHAR,2007,WOMEN JAIL,1,0,83,83,0,108,108
BIHAR,2007,BORSTAL SCHOOL,0,0,0,0,0,0,0
BIHAR,2007,OPEN JAIL,0,0,0,0,0,0,0
BIHAR,2007,SPECIAL JAIL,0,0,0,0,0,0,0
BIHAR,2007,OTHERS,0,0,0,0,0,0,0
BIHAR,2007,TOTAL,55,28788,810,29598,38346,1292,39638
BIHAR,2008,CENTRAL JAIL,6,12082,257,12339,11016,257,11273
BIHAR,2008,DISTRICT JAIL,32,15701,507,16208,21844,766,22610
BIHAR,2008,SUB JAIL,16,3037,218,3255,3620,111,3731
BIHAR,2008,WOMEN JAIL,1,0,83,83,0,95,95
BIHAR,2008,BORSTAL SCHOOL,0,0,0,0,0,0,0
BIHAR,2008,OPEN JAIL,0,0,0,0,0,0,0
BIHAR,2008,SPECIAL JAIL,0,0,0,0,0,0,0
BIHAR,2008,OTHERS,0,0,0,0,0,0,0
BIHAR,2008,TOTAL,55,30820,1065,31885,36480,1229,37709
BIHAR,2009,CENTRAL JAIL,6,12092,257,12349,9916,207,10123
BIHAR,2009,DISTRICT JAIL,32,15850,491,16341,19677,629,20306
BIHAR,2009,SUB JAIL,16,3162,243,3405,3092,97,3189
BIHAR,2009,WOMEN JAIL,1,0,83,83,0,93,93
BIHAR,2009,BORSTAL SCHOOL,0,0,0,0,0,0,0
BIHAR,2009,OPEN JAIL,0,0,0,0,0,0,0
BIHAR,2009,SPECIAL JAIL,0,0,0,0,0,0,0
BIHAR,2009,OTHERS,0,0,0,0,0,0,0
BIHAR,2009,TOTAL,55,31104,1074,32178,32685,1026,33711
BIHAR,2010,CENTRAL JAIL,8,13999,301,14300,10418,237,10655
BIHAR,2010,DISTRICT JAIL,30,14934,490,15424,15605,518,16123
BIHAR,2010,SUB JAIL,16,3094,218,3312,2785,66,2851
BIHAR,2010,WOMEN JAIL,1,0,83,83,0,71,71
BIHAR,2010,BORSTAL SCHOOL,0,0,0,0,0,0,0
BIHAR,2010,OPEN JAIL,0,0,0,0,0,0,0
BIHAR,2010,SPECIAL JAIL,0,0,0,0,0,0,0
BIHAR,2010,OTHERS,0,0,0,0,0,0,0
BIHAR,2010,TOTAL,55,32027,1092,33119,28808,892,29700
BIHAR,2011,CENTRAL JAIL,7,10771,301,11072,8550,227,8777
BIHAR,2011,DISTRICT JAIL,30,15513,531,16044,15018,509,15527
BIHAR,2011,SUB JAIL,16,3066,221,3287,2619,89,2708
BIHAR,2011,WOMEN JAIL,1,0,83,83,0,56,56
BIHAR,2011,BORSTAL SCHOOL,0,0,0,0,0,0,0
BIHAR,2011,OPEN JAIL,0,0,0,0,0,0,0
BIHAR,2011,SPECIAL JAIL,1,3288,0,3288,964,0,964
BIHAR,2011,OTHERS,0,0,0,0,0,0,0
BIHAR,2011,TOTAL,55,32638,1136,33774,27151,881,28032
BIHAR,2012,CENTRAL JAIL,7,11259,301,11560,8668,261,8929
BIHAR,2012,DISTRICT JAIL,31,16011,555,16566,14876,504,15380
BIHAR,2012,SUB JAIL,16,3283,223,3506,3036,97,3133
BIHAR,2012,WOMEN JAIL,1,0,83,83,0,66,66
BIHAR,2012,BORSTAL SCHOOL,0,0,0,0,0,0,0
BIHAR,2012,OPEN JAIL,1,104,0,104,102,0,102
BIHAR,2012,SPECIAL JAIL,1,3288,0,3288,940,0,940
BIHAR,2012,OTHERS,0,0,0,0,0,0,0
BIHAR,2012,TOTAL,57,33945,1162,35107,27622,928,28550
CHHATTISGARH,2012,CENTRAL JAIL,5,3694,282,3976,9383,620,10003
CHHATTISGARH,2012,DISTRICT JAIL,10,1095,99,1194,2948,79,3027
CHHATTISGARH,2012,SUB JAIL,12,596,84,680,1750,0,1750
CHHATTISGARH,2012,WOMEN JAIL,0,0,0,0,0,0,0
CHHATTISGARH,2012,BORSTAL SCHOOL,0,0,0,0,0,0,0
CHHATTISGARH,2012,OPEN JAIL,0,0,0,0,0,0,0
CHHATTISGARH,2012,SPECIAL JAIL,0,0,0,0,0,0,0
CHHATTISGARH,2012,OTHERS,0,0,0,0,0,0,0
CHHATTISGARH,2012,TOTAL,27,5385,465,5850,14081,699,14780
CHHATTISGARH,2001,CENTRAL JAIL,4,2345,148,2493,6255,332,6587
CHHATTISGARH,2001,DISTRICT JAIL,2,568,23,591,1086,58,1144
CHHATTISGARH,2001,SUB JAIL,20,1141,118,1259,1907,0,1907
CHHATTISGARH,2001,WOMEN JAIL,0,0,0,0,0,0,0
CHHATTISGARH,2001,BORSTAL SCHOOL,0,0,0,0,0,0,0
CHHATTISGARH,2001,OPEN JAIL,1,200,0,200,29,0,29
CHHATTISGARH,2001,SPECIAL JAIL,0,0,0,0,0,0,0
CHHATTISGARH,2001,OTHERS,0,0,0,0,0,0,0
CHHATTISGARH,2001,TOTAL,27,4254,289,4543,9277,390,9667
CHHATTISGARH,2002,CENTRAL JAIL,4,2345,148,2493,6300,362,6662
CHHATTISGARH,2002,DISTRICT JAIL,6,938,77,1015,1512,65,1577
CHHATTISGARH,2002,SUB JAIL,16,731,84,815,1746,0,1746
CHHATTISGARH,2002,WOMEN JAIL,0,0,0,0,0,0,0
CHHATTISGARH,2002,BORSTAL SCHOOL,0,0,0,0,0,0,0
CHHATTISGARH,2002,OPEN JAIL,1,200,0,200,21,0,21
CHHATTISGARH,2002,SPECIAL JAIL,0,0,0,0,0,0,0
CHHATTISGARH,2002,OTHERS,0,0,0,0,0,0,0
CHHATTISGARH,2002,TOTAL,27,4214,309,4523,9579,427,10006
CHHATTISGARH,2003,CENTRAL JAIL,4,2445,148,2593,5780,309,6089
CHHATTISGARH,2003,DISTRICT JAIL,6,1000,85,1085,1314,50,1364
CHHATTISGARH,2003,SUB JAIL,16,706,109,815,1408,0,1408
CHHATTISGARH,2003,WOMEN JAIL,0,0,0,0,0,0,0
CHHATTISGARH,2003,BORSTAL SCHOOL,0,0,0,0,0,0,0
CHHATTISGARH,2003,OPEN JAIL,1,200,0,200,0,0,0
CHHATTISGARH,2003,SPECIAL JAIL,0,0,0,0,0,0,0
CHHATTISGARH,2003,OTHERS,0,0,0,0,0,0,0
CHHATTISGARH,2003,TOTAL,27,4351,342,4693,8502,359,8861
CHHATTISGARH,2004,CENTRAL JAIL,4,2445,148,2593,5387,335,5722
CHHATTISGARH,2004,DISTRICT JAIL,6,1000,85,1085,1338,64,1402
CHHATTISGARH,2004,SUB JAIL,17,772,113,885,1749,0,1749
CHHATTISGARH,2004,WOMEN JAIL,0,0,0,0,0,0,0
CHHATTISGARH,2004,BORSTAL SCHOOL,0,0,0,0,0,0,0
CHHATTISGARH,2004,OPEN JAIL,0,0,0,0,0,0,0
CHHATTISGARH,2004,SPECIAL JAIL,0,0,0,0,0,0,0
CHHATTISGARH,2004,OTHERS,0,0,0,0,0,0,0
CHHATTISGARH,2004,TOTAL,27,4217,346,4563,8474,399,8873
CHHATTISGARH,2005,CENTRAL JAIL,4,2445,148,2593,6019,360,6379
CHHATTISGARH,2005,DISTRICT JAIL,6,1000,85,1085,1620,63,1683
CHHATTISGARH,2005,SUB JAIL,17,772,113,885,1759,0,1759
CHHATTISGARH,2005,WOMEN JAIL,0,0,0,0,0,0,0
CHHATTISGARH,2005,BORSTAL SCHOOL,0,0,0,0,0,0,0
CHHATTISGARH,2005,OPEN JAIL,0,0,0,0,0,0,0
CHHATTISGARH,2005,SPECIAL JAIL,0,0,0,0,0,0,0
CHHATTISGARH,2005,OTHERS,0,0,0,0,0,0,0
CHHATTISGARH,2005,TOTAL,27,4217,346,4563,9398,423,9821
CHHATTISGARH,2006,CENTRAL JAIL,4,2719,230,2949,6091,396,6487
CHHATTISGARH,2006,DISTRICT JAIL,6,1087,98,1185,1657,75,1732
CHHATTISGARH,2006,SUB JAIL,17,1052,113,1165,2140,0,2140
CHHATTISGARH,2006,WOMEN JAIL,0,0,0,0,0,0,0
CHHATTISGARH,2006,BORSTAL SCHOOL,0,0,0,0,0,0,0
CHHATTISGARH,2006,OPEN JAIL,0,0,0,0,0,0,0
CHHATTISGARH,2006,SPECIAL JAIL,0,0,0,0,0,0,0
CHHATTISGARH,2006,OTHERS,0,0,0,0,0,0,0
CHHATTISGARH,2006,TOTAL,27,4858,441,5299,9888,471,10359
CHHATTISGARH,2007,CENTRAL JAIL,5,3063,282,3345,7151,438,7589
CHHATTISGARH,2007,DISTRICT JAIL,10,1141,93,1234,1676,23,1699
CHHATTISGARH,2007,SUB JAIL,12,725,103,828,1163,0,1163
CHHATTISGARH,2007,WOMEN JAIL,0,0,0,0,0,0,0
CHHATTISGARH,2007,BORSTAL SCHOOL,0,0,0,0,0,0,0
CHHATTISGARH,2007,OPEN JAIL,0,0,0,0,0,0,0
CHHATTISGARH,2007,SPECIAL JAIL,0,0,0,0,0,0,0
CHHATTISGARH,2007,OTHERS,0,0,0,0,0,0,0
CHHATTISGARH,2007,TOTAL,27,4929,478,5407,9990,461,10451
CHHATTISGARH,2008,CENTRAL JAIL,5,3063,282,3345,7628,464,8092
CHHATTISGARH,2008,DISTRICT JAIL,10,1200,94,1294,1831,32,1863
CHHATTISGARH,2008,SUB JAIL,12,511,69,580,1275,0,1275
CHHATTISGARH,2008,WOMEN JAIL,0,0,0,0,0,0,0
CHHATTISGARH,2008,BORSTAL SCHOOL,0,0,0,0,0,0,0
CHHATTISGARH,2008,OPEN JAIL,0,0,0,0,0,0,0
CHHATTISGARH,2008,SPECIAL JAIL,0,0,0,0,0,0,0
CHHATTISGARH,2008,OTHERS,0,0,0,0,0,0,0
CHHATTISGARH,2008,TOTAL,27,4774,445,5219,10734,496,11230
CHHATTISGARH,2009,CENTRAL JAIL,5,3063,282,3345,8053,522,8575
CHHATTISGARH,2009,DISTRICT JAIL,10,1201,93,1294,2143,54,2197
CHHATTISGARH,2009,SUB JAIL,12,510,70,580,1370,0,1370
CHHATTISGARH,2009,WOMEN JAIL,0,0,0,0,0,0,0
CHHATTISGARH,2009,BORSTAL SCHOOL,0,0,0,0,0,0,0
CHHATTISGARH,2009,OPEN JAIL,0,0,0,0,0,0,0
CHHATTISGARH,2009,SPECIAL JAIL,0,0,0,0,0,0,0
CHHATTISGARH,2009,OTHERS,0,0,0,0,0,0,0
CHHATTISGARH,2009,TOTAL,27,4774,445,5219,11566,576,12142
CHHATTISGARH,2010,CENTRAL JAIL,5,3393,282,3675,8689,538,9227
CHHATTISGARH,2010,DISTRICT JAIL,10,1096,98,1194,2518,46,2564
CHHATTISGARH,2010,SUB JAIL,10,510,70,580,1124,0,1124
CHHATTISGARH,2010,WOMEN JAIL,0,0,0,0,0,0,0
CHHATTISGARH,2010,BORSTAL SCHOOL,0,0,0,0,0,0,0
CHHATTISGARH,2010,OPEN JAIL,0,0,0,0,0,0,0
CHHATTISGARH,2010,SPECIAL JAIL,0,0,0,0,0,0,0
CHHATTISGARH,2010,OTHERS,0,0,0,0,0,0,0
CHHATTISGARH,2010,TOTAL,25,4999,450,5449,12331,584,12915
CHHATTISGARH,2011,CENTRAL JAIL,5,3374,282,3656,9280,586,9866
CHHATTISGARH,2011,DISTRICT JAIL,10,1095,99,1194,2823,48,2871
CHHATTISGARH,2011,SUB JAIL,10,510,70,580,1181,0,1181
CHHATTISGARH,2011,WOMEN JAIL,0,0,0,0,0,0,0
CHHATTISGARH,2011,BORSTAL SCHOOL,0,0,0,0,0,0,0
CHHATTISGARH,2011,OPEN JAIL,0,0,0,0,0,0,0
CHHATTISGARH,2011,SPECIAL JAIL,0,0,0,0,0,0,0
CHHATTISGARH,2011,OTHERS,0,0,0,0,0,0,0
CHHATTISGARH,2011,TOTAL,25,4979,451,5430,13284,634,13918
GOA,2001,CENTRAL JAIL,1,140,25,165,154,11,165
GOA,2001,DISTRICT JAIL,0,0,0,0,0,0,0
GOA,2001,SUB JAIL,1,75,0,75,182,0,182
GOA,2001,WOMEN JAIL,0,0,0,0,0,0,0
GOA,2001,BORSTAL SCHOOL,0,0,0,0,0,0,0
GOA,2001,OPEN JAIL,0,0,0,0,0,0,0
GOA,2001,SPECIAL JAIL,0,0,0,0,0,0,0
GOA,2001,OTHERS,2,99,0,99,105,0,105
GOA,2001,TOTAL,4,314,25,339,441,11,452
GOA,2002,CENTRAL JAIL,1,145,25,170,153,9,162
GOA,2002,DISTRICT JAIL,0,0,0,0,0,0,0
GOA,2002,SUB JAIL,1,75,0,75,85,0,85
GOA,2002,WOMEN JAIL,0,0,0,0,0,0,0
GOA,2002,BORSTAL SCHOOL,0,0,0,0,0,0,0
GOA,2002,OPEN JAIL,0,0,0,0,0,0,0
GOA,2002,SPECIAL JAIL,0,0,0,0,0,0,0
GOA,2002,OTHERS,3,98,0,98,105,0,105
GOA,2002,TOTAL,5,318,25,343,343,9,352
GOA,2003,CENTRAL JAIL,1,142,25,167,153,12,165
GOA,2003,DISTRICT JAIL,0,0,0,0,0,0,0
GOA,2003,SUB JAIL,1,75,0,75,100,0,100
GOA,2003,WOMEN JAIL,0,0,0,0,0,0,0
GOA,2003,BORSTAL SCHOOL,0,0,0,0,0,0,0
GOA,2003,OPEN JAIL,0,0,0,0,0,0,0
GOA,2003,SPECIAL JAIL,0,0,0,0,0,0,0
GOA,2003,OTHERS,3,114,0,114,267,0,267
GOA,2003,TOTAL,5,331,25,356,520,12,532
GOA,2004,CENTRAL JAIL,1,142,25,167,166,11,177
GOA,2004,DISTRICT JAIL,0,0,0,0,0,0,0
GOA,2004,SUB JAIL,1,95,20,115,126,0,126
GOA,2004,WOMEN JAIL,0,0,0,0,0,0,0
GOA,2004,BORSTAL SCHOOL,0,0,0,0,0,0,0
GOA,2004,OPEN JAIL,0,0,0,0,0,0,0
GOA,2004,SPECIAL JAIL,0,0,0,0,0,0,0
GOA,2004,OTHERS,3,98,0,98,124,0,124
GOA,2004,TOTAL,5,335,45,380,416,11,427
GOA,2005,CENTRAL JAIL,1,125,25,150,125,20,145
GOA,2005,DISTRICT JAIL,0,0,0,0,0,0,0
GOA,2005,SUB JAIL,1,115,0,115,107,0,107
GOA,2005,WOMEN JAIL,0,0,0,0,0,0,0
GOA,2005,BORSTAL SCHOOL,0,0,0,0,0,0,0
GOA,2005,OPEN JAIL,0,0,0,0,0,0,0
GOA,2005,SPECIAL JAIL,0,0,0,0,0,0,0
GOA,2005,OTHERS,3,91,0,91,132,0,132
GOA,2005,TOTAL,5,331,25,356,364,20,384
GOA,2006,CENTRAL JAIL,1,125,25,150,122,20,142
GOA,2006,DISTRICT JAIL,0,0,0,0,0,0,0
GOA,2006,SUB JAIL,1,115,0,115,121,0,121
GOA,2006,WOMEN JAIL,0,0,0,0,0,0,0
GOA,2006,BORSTAL SCHOOL,0,0,0,0,0,0,0
GOA,2006,OPEN JAIL,0,0,0,0,0,0,0
GOA,2006,SPECIAL JAIL,0,0,0,0,0,0,0
GOA,2006,OTHERS,3,91,0,91,117,0,117
GOA,2006,TOTAL,5,331,25,356,360,20,380
GOA,2007,CENTRAL JAIL,1,125,25,150,122,20,142
GOA,2007,DISTRICT JAIL,0,0,0,0,0,0,0
GOA,2007,SUB JAIL,1,115,0,115,99,0,99
GOA,2007,WOMEN JAIL,0,0,0,0,0,0,0
GOA,2007,BORSTAL SCHOOL,0,0,0,0,0,0,0
GOA,2007,OPEN JAIL,0,0,0,0,0,0,0
GOA,2007,SPECIAL JAIL,0,0,0,0,0,0,0
GOA,2007,OTHERS,3,91,0,91,125,0,125
GOA,2007,TOTAL,5,331,25,356,346,20,366
GOA,2008,CENTRAL JAIL,1,125,25,150,118,25,143
GOA,2008,DISTRICT JAIL,0,0,0,0,0,0,0
GOA,2008,SUB JAIL,1,75,0,75,135,0,135
GOA,2008,WOMEN JAIL,0,0,0,0,0,0,0
GOA,2008,BORSTAL SCHOOL,0,0,0,0,0,0,0
GOA,2008,OPEN JAIL,0,0,0,0,0,0,0
GOA,2008,SPECIAL JAIL,0,0,0,0,0,0,0
GOA,2008,OTHERS,3,91,0,91,125,0,125
GOA,2008,TOTAL,5,291,25,316,378,25,403
GOA,2009,CENTRAL JAIL,1,125,25,150,125,31,156
GOA,2009,DISTRICT JAIL,0,0,0,0,0,0,0
GOA,2009,SUB JAIL,1,115,0,115,154,0,154
GOA,2009,WOMEN JAIL,0,0,0,0,0,0,0
GOA,2009,BORSTAL SCHOOL,0,0,0,0,0,0,0
GOA,2009,OPEN JAIL,0,0,0,0,0,0,0
GOA,2009,SPECIAL JAIL,0,0,0,0,0,0,0
GOA,2009,OTHERS,3,91,0,91,122,0,122
GOA,2009,TOTAL,5,331,25,356,401,31,432
GOA,2010,CENTRAL JAIL,1,125,25,150,136,35,171
GOA,2010,DISTRICT JAIL,0,0,0,0,0,0,0
GOA,2010,SUB JAIL,1,200,0,200,220,0,220
GOA,2010,WOMEN JAIL,0,0,0,0,0,0,0
GOA,2010,BORSTAL SCHOOL,0,0,0,0,0,0,0
GOA,2010,OPEN JAIL,0,0,0,0,0,0,0
GOA,2010,SPECIAL JAIL,0,0,0,0,0,0,0
GOA,2010,OTHERS,1,45,0,45,65,0,65
GOA,2010,TOTAL,3,370,25,395,421,35,456
GOA,2011,CENTRAL JAIL,1,125,25,150,121,0,121
GOA,2011,DISTRICT JAIL,0,0,0,0,0,0,0
GOA,2011,SUB JAIL,1,200,0,200,274,34,308
GOA,2011,WOMEN JAIL,0,0,0,0,0,0,0
GOA,2011,BORSTAL SCHOOL,0,0,0,0,0,0,0
GOA,2011,OPEN JAIL,0,0,0,0,0,0,0
GOA,2011,SPECIAL JAIL,0,0,0,0,0,0,0
GOA,2011,OTHERS,1,45,0,45,60,0,60
GOA,2011,TOTAL,3,370,25,395,455,34,489
GOA,2012,CENTRAL JAIL,1,125,0,125,115,0,115
GOA,2012,DISTRICT JAIL,0,0,0,0,0,0,0
GOA,2012,SUB JAIL,1,200,25,225,267,28,295
GOA,2012,WOMEN JAIL,0,0,0,0,0,0,0
GOA,2012,BORSTAL SCHOOL,0,0,0,0,0,0,0
GOA,2012,OPEN JAIL,0,0,0,0,0,0,0
GOA,2012,SPECIAL JAIL,0,0,0,0,0,0,0
GOA,2012,OTHERS,1,45,0,45,62,0,62
GOA,2012,TOTAL,3,370,25,395,444,28,472
GUJARAT,2001,CENTRAL JAIL,2,2370,79,2449,3775,120,3895
GUJARAT,2001,DISTRICT JAIL,6,1501,71,1572,2948,66,3014
GUJARAT,2001,SUB JAIL,10,994,69,1063,1729,40,1769
GUJARAT,2001,WOMEN JAIL,0,0,0,0,0,0,0
GUJARAT,2001,BORSTAL SCHOOL,0,0,0,0,0,0,0
GUJARAT,2001,OPEN JAIL,2,100,0,100,82,0,82
GUJARAT,2001,SPECIAL JAIL,2,216,18,234,162,1,163
GUJARAT,2001,OTHERS,0,0,0,0,0,0,0
GUJARAT,2001,TOTAL,22,5181,237,5418,8696,227,8923
GUJARAT,2002,CENTRAL JAIL,2,2387,79,2466,4235,183,4418
GUJARAT,2002,DISTRICT JAIL,6,1501,71,1572,3440,84,3524
GUJARAT,2002,SUB JAIL,11,1062,73,1135,1994,56,2050
GUJARAT,2002,WOMEN JAIL,0,0,0,0,0,0,0
GUJARAT,2002,BORSTAL SCHOOL,0,0,0,0,0,0,0
GUJARAT,2002,OPEN JAIL,2,100,0,100,86,0,86
GUJARAT,2002,SPECIAL JAIL,2,216,18,234,168,1,169
GUJARAT,2002,OTHERS,0,0,0,0,0,0,0
GUJARAT,2002,TOTAL,23,5266,241,5507,9923,324,10247
GUJARAT,2003,CENTRAL JAIL,2,2387,79,2466,4587,237,4824
GUJARAT,2003,DISTRICT JAIL,6,1501,71,1572,3127,110,3237
GUJARAT,2003,SUB JAIL,11,1062,73,1135,1862,54,1916
GUJARAT,2003,WOMEN JAIL,0,0,0,0,0,0,0
GUJARAT,2003,BORSTAL SCHOOL,0,0,0,0,0,0,0
GUJARAT,2003,OPEN JAIL,2,100,0,100,66,0,66
GUJARAT,2003,SPECIAL JAIL,2,216,18,234,181,2,183
GUJARAT,2003,OTHERS,0,0,0,0,0,0,0
GUJARAT,2003,TOTAL,23,5266,241,5507,9823,403,10226
GUJARAT,2004,CENTRAL JAIL,2,2387,79,2466,5304,261,5565
GUJARAT,2004,DISTRICT JAIL,6,1591,71,1662,3499,132,3631
GUJARAT,2004,SUB JAIL,11,1062,73,1135,1930,94,2024
GUJARAT,2004,WOMEN JAIL,0,0,0,0,0,0,0
GUJARAT,2004,BORSTAL SCHOOL,0,0,0,0,0,0,0
GUJARAT,2004,OPEN JAIL,2,100,0,100,93,0,93
GUJARAT,2004,SPECIAL JAIL,2,170,10,180,249,8,257
GUJARAT,2004,OTHERS,0,0,0,0,0,0,0
GUJARAT,2004,TOTAL,23,5310,233,5543,11075,495,11570
GUJARAT,2005,CENTRAL JAIL,2,2387,79,2466,5741,219,5960
GUJARAT,2005,DISTRICT JAIL,6,1591,71,1662,3140,115,3255
GUJARAT,2005,SUB JAIL,11,1114,73,1187,1641,62,1703
GUJARAT,2005,WOMEN JAIL,0,0,0,0,0,0,0
GUJARAT,2005,BORSTAL SCHOOL,0,0,0,0,0,0,0
GUJARAT,2005,OPEN JAIL,2,100,0,100,77,0,77
GUJARAT,2005,SPECIAL JAIL,2,170,10,180,207,14,221
GUJARAT,2005,OTHERS,0,0,0,0,0,0,0
GUJARAT,2005,TOTAL,23,5362,233,5595,10806,410,11216
GUJARAT,2006,CENTRAL JAIL,2,2387,79,2466,6070,270,6340
GUJARAT,2006,DISTRICT JAIL,6,1591,71,1662,3280,137,3417
GUJARAT,2006,SUB JAIL,12,1214,78,1292,1684,81,1765
GUJARAT,2006,WOMEN JAIL,0,0,0,0,0,0,0
GUJARAT,2006,BORSTAL SCHOOL,0,0,0,0,0,0,0
GUJARAT,2006,OPEN JAIL,2,100,0,100,75,0,75
GUJARAT,2006,SPECIAL JAIL,2,170,10,180,186,10,196
GUJARAT,2006,OTHERS,0,0,0,0,0,0,0
GUJARAT,2006,TOTAL,24,5462,238,5700,11295,498,11793
GUJARAT,2007,CENTRAL JAIL,2,2572,119,2691,5822,346,6168
GUJARAT,2007,DISTRICT JAIL,8,2058,91,2149,3553,232,3785
GUJARAT,2007,SUB JAIL,10,1318,73,1391,1494,74,1568
GUJARAT,2007,WOMEN JAIL,0,0,0,0,0,0,0
GUJARAT,2007,BORSTAL SCHOOL,0,0,0,0,0,0,0
GUJARAT,2007,OPEN JAIL,2,100,0,100,68,0,68
GUJARAT,2007,SPECIAL JAIL,2,170,18,188,240,13,253
GUJARAT,2007,OTHERS,0,0,0,0,0,0,0
GUJARAT,2007,TOTAL,24,6218,301,6519,11177,665,11842
GUJARAT,2008,CENTRAL JAIL,2,2572,119,2691,5873,308,6181
GUJARAT,2008,DISTRICT JAIL,8,2058,91,2149,3839,158,3997
GUJARAT,2008,SUB JAIL,11,1398,93,1491,1737,74,1811
GUJARAT,2008,WOMEN JAIL,0,0,0,0,0,0,0
GUJARAT,2008,BORSTAL SCHOOL,0,0,0,0,0,0,0
GUJARAT,2008,OPEN JAIL,2,100,0,100,62,0,62
GUJARAT,2008,SPECIAL JAIL,2,170,18,188,223,5,228
GUJARAT,2008,OTHERS,0,0,0,0,0,0,0
GUJARAT,2008,TOTAL,25,6298,321,6619,11734,545,12279
GUJARAT,2009,CENTRAL JAIL,2,2572,119,2691,5453,316,5769
GUJARAT,2009,DISTRICT JAIL,8,2043,91,2134,3750,176,3926
GUJARAT,2009,SUB JAIL,11,1448,93,1541,1627,73,1700
GUJARAT,2009,WOMEN JAIL,0,0,0,0,0,0,0
GUJARAT,2009,BORSTAL SCHOOL,0,0,0,0,0,0,0
GUJARAT,2009,OPEN JAIL,2,100,0,100,69,0,69
GUJARAT,2009,SPECIAL JAIL,2,600,50,650,459,19,478
GUJARAT,2009,OTHERS,0,0,0,0,0,0,0
GUJARAT,2009,TOTAL,25,6763,353,7116,11358,584,11942
GUJARAT,2010,CENTRAL JAIL,2,3142,239,3381,5478,304,5782
GUJARAT,2010,DISTRICT JAIL,8,3249,171,3420,3385,169,3554
GUJARAT,2010,SUB JAIL,11,1438,122,1560,1518,72,1590
GUJARAT,2010,WOMEN JAIL,0,0,0,0,0,0,0
GUJARAT,2010,BORSTAL SCHOOL,0,0,0,0,0,0,0
GUJARAT,2010,OPEN JAIL,2,100,0,100,74,0,74
GUJARAT,2010,SPECIAL JAIL,2,600,50,650,497,31,528
GUJARAT,2010,OTHERS,0,0,0,0,0,0,0
GUJARAT,2010,TOTAL,25,8529,582,9111,10952,576,11528
GUJARAT,2011,CENTRAL JAIL,2,3242,239,3481,5336,244,5580
GUJARAT,2011,DISTRICT JAIL,8,3249,171,3420,3615,179,3794
GUJARAT,2011,SUB JAIL,11,1594,150,1744,1462,98,1560
GUJARAT,2011,WOMEN JAIL,0,0,0,0,0,0,0
GUJARAT,2011,BORSTAL SCHOOL,0,0,0,0,0,0,0
GUJARAT,2011,OPEN JAIL,2,100,0,100,74,0,74
GUJARAT,2011,SPECIAL JAIL,2,600,50,650,564,29,593
GUJARAT,2011,OTHERS,0,0,0,0,0,0,0
GUJARAT,2011,TOTAL,25,8785,610,9395,11051,550,11601
GUJARAT,2012,CENTRAL JAIL,4,7206,480,7686,7105,235,7340
GUJARAT,2012,DISTRICT JAIL,7,2015,87,2102,2096,105,2201
GUJARAT,2012,SUB JAIL,10,1366,114,1480,1224,83,1307
GUJARAT,2012,WOMEN JAIL,1,0,200,200,0,109,109
GUJARAT,2012,BORSTAL SCHOOL,0,0,0,0,0,0,0
GUJARAT,2012,OPEN JAIL,2,100,0,100,72,0,72
GUJARAT,2012,SPECIAL JAIL,2,600,50,650,526,30,556
GUJARAT,2012,OTHERS,0,0,0,0,0,0,0
GUJARAT,2012,TOTAL,26,11287,931,12218,11023,562,11585
HARYANA,2001,CENTRAL JAIL,2,2218,30,2248,3650,67,3717
HARYANA,2001,DISTRICT JAIL,10,2658,106,2764,6715,188,6903
HARYANA,2001,SUB JAIL,5,200,0,200,434,0,434
HARYANA,2001,WOMEN JAIL,0,0,0,0,0,0,0
HARYANA,2001,BORSTAL SCHOOL,1,320,35,355,118,176,294
HARYANA,2001,OPEN JAIL,0,0,0,0,0,0,0
HARYANA,2001,SPECIAL JAIL,0,0,0,0,0,0,0
HARYANA,2001,OTHERS,0,0,0,0,0,0,0
HARYANA,2001,TOTAL,18,5396,171,5567,10917,431,11348
HARYANA,2002,CENTRAL JAIL,2,2214,34,2248,3589,99,3688
HARYANA,2002,DISTRICT JAIL,10,2707,31,2738,6781,178,6959
HARYANA,2002,SUB JAIL,5,200,0,200,441,0,441
HARYANA,2002,WOMEN JAIL,0,0,0,0,0,0,0
HARYANA,2002,BORSTAL SCHOOL,1,160,195,355,96,174,270
HARYANA,2002,OPEN JAIL,0,0,0,0,0,0,0
HARYANA,2002,SPECIAL JAIL,0,0,0,0,0,0,0
HARYANA,2002,OTHERS,0,0,0,0,0,0,0
HARYANA,2002,TOTAL,18,5281,260,5541,10907,451,11358
HARYANA,2003,CENTRAL JAIL,2,2214,34,2248,3619,120,3739
HARYANA,2003,DISTRICT JAIL,11,3705,332,4037,7596,222,7818
HARYANA,2003,SUB JAIL,4,145,0,145,307,0,307
HARYANA,2003,WOMEN JAIL,0,0,0,0,0,0,0
HARYANA,2003,BORSTAL SCHOOL,1,160,195,355,73,162,235
HARYANA,2003,OPEN JAIL,0,0,0,0,0,0,0
HARYANA,2003,SPECIAL JAIL,0,0,0,0,0,0,0
HARYANA,2003,OTHERS,0,0,0,0,0,0,0
HARYANA,2003,TOTAL,18,6224,561,6785,11595,504,12099
HARYANA,2004,CENTRAL JAIL,2,2214,34,2248,3490,96,3586
HARYANA,2004,DISTRICT JAIL,11,2815,44,2859,7644,258,7902
HARYANA,2004,SUB JAIL,4,145,0,145,316,0,316
HARYANA,2004,WOMEN JAIL,0,0,0,0,0,0,0
HARYANA,2004,BORSTAL SCHOOL,1,160,195,355,64,142,206
HARYANA,2004,OPEN JAIL,0,0,0,0,0,0,0
HARYANA,2004,SPECIAL JAIL,0,0,0,0,0,0,0
HARYANA,2004,OTHERS,0,0,0,0,0,0,0
HARYANA,2004,TOTAL,18,5334,273,5607,11514,496,12010
HARYANA,2005,CENTRAL JAIL,2,2214,34,2248,2750,68,2818
HARYANA,2005,DISTRICT JAIL,12,7000,542,7542,8908,311,9219
HARYANA,2005,SUB JAIL,4,145,0,145,303,0,303
HARYANA,2005,WOMEN JAIL,0,0,0,0,0,0,0
HARYANA,2005,BORSTAL SCHOOL,1,160,195,355,71,136,207
HARYANA,2005,OPEN JAIL,0,0,0,0,0,0,0
HARYANA,2005,SPECIAL JAIL,0,0,0,0,0,0,0
HARYANA,2005,OTHERS,0,0,0,0,0,0,0
HARYANA,2005,TOTAL,19,9519,771,10290,12032,515,12547
HARYANA,2006,CENTRAL JAIL,2,2214,34,2248,2580,62,2642
HARYANA,2006,DISTRICT JAIL,12,7228,504,7732,9242,335,9577
HARYANA,2006,SUB JAIL,4,145,0,145,255,0,255
HARYANA,2006,WOMEN JAIL,0,0,0,0,0,0,0
HARYANA,2006,BORSTAL SCHOOL,1,267,195,462,77,136,213
HARYANA,2006,OPEN JAIL,0,0,0,0,0,0,0
HARYANA,2006,SPECIAL JAIL,0,0,0,0,0,0,0
HARYANA,2006,OTHERS,0,0,0,0,0,0,0
HARYANA,2006,TOTAL,19,9854,733,10587,12154,533,12687
HARYANA,2007,CENTRAL JAIL,2,2214,34,2248,2641,53,2694
HARYANA,2007,DISTRICT JAIL,11,7226,503,7729,9610,389,9999
HARYANA,2007,SUB JAIL,4,150,0,150,224,0,224
HARYANA,2007,WOMEN JAIL,0,0,0,0,0,0,0
HARYANA,2007,BORSTAL SCHOOL,1,160,195,355,57,119,176
HARYANA,2007,OPEN JAIL,0,0,0,0,0,0,0
HARYANA,2007,SPECIAL JAIL,0,0,0,0,0,0,0
HARYANA,2007,OTHERS,0,0,0,0,0,0,0
HARYANA,2007,TOTAL,18,9750,732,10482,12532,561,13093
HARYANA,2008,CENTRAL JAIL,2,2214,34,2248,2830,92,2922
HARYANA,2008,DISTRICT JAIL,11,7234,495,7729,10240,415,10655
HARYANA,2008,SUB JAIL,4,150,0,150,251,0,251
HARYANA,2008,WOMEN JAIL,0,0,0,0,0,0,0
HARYANA,2008,BORSTAL SCHOOL,1,160,195,355,71,150,221
HARYANA,2008,OPEN JAIL,0,0,0,0,0,0,0
HARYANA,2008,SPECIAL JAIL,0,0,0,0,0,0,0
HARYANA,2008,OTHERS,0,0,0,0,0,0,0
HARYANA,2008,TOTAL,18,9758,724,10482,13392,657,14049
HARYANA,2009,CENTRAL JAIL,2,2214,34,2248,2548,41,2589
HARYANA,2009,DISTRICT JAIL,12,8524,613,9137,10480,401,10881
HARYANA,2009,SUB JAIL,3,110,0,110,115,0,115
HARYANA,2009,WOMEN JAIL,0,0,0,0,0,0,0
HARYANA,2009,BORSTAL SCHOOL,1,160,195,355,76,176,252
HARYANA,2009,OPEN JAIL,0,0,0,0,0,0,0
HARYANA,2009,SPECIAL JAIL,0,0,0,0,0,0,0
HARYANA,2009,OTHERS,0,0,0,0,0,0,0
HARYANA,2009,TOTAL,18,11008,842,11850,13219,618,13837
HARYANA,2010,CENTRAL JAIL,2,2214,34,2248,2641,55,2696
HARYANA,2010,DISTRICT JAIL,15,10841,871,11712,10916,368,11284
HARYANA,2010,SUB JAIL,0,0,0,0,0,0,0
HARYANA,2010,WOMEN JAIL,0,0,0,0,0,0,0
HARYANA,2010,BORSTAL SCHOOL,1,160,195,355,67,172,239
HARYANA,2010,OPEN JAIL,0,0,0,0,0,0,0
HARYANA,2010,SPECIAL JAIL,0,0,0,0,0,0,0
HARYANA,2010,OTHERS,0,0,0,0,0,0,0
HARYANA,2010,TOTAL,18,13215,1100,14315,13624,595,14219
HARYANA,2011,CENTRAL JAIL,2,2214,34,2248,2554,57,2611
HARYANA,2011,DISTRICT JAIL,16,12301,1145,13446,11735,452,12187
HARYANA,2011,SUB JAIL,0,0,0,0,0,0,0
HARYANA,2011,WOMEN JAIL,0,0,0,0,0,0,0
HARYANA,2011,BORSTAL SCHOOL,1,160,195,355,74,161,235
HARYANA,2011,OPEN JAIL,0,0,0,0,0,0,0
HARYANA,2011,SPECIAL JAIL,0,0,0,0,0,0,0
HARYANA,2011,OTHERS,0,0,0,0,0,0,0
HARYANA,2011,TOTAL,19,14675,1374,16049,14363,670,15033
HARYANA,2012,CENTRAL JAIL,2,2214,34,2248,2879,93,2972
HARYANA,2012,DISTRICT JAIL,16,13159,1202,14361,13208,467,13675
HARYANA,2012,SUB JAIL,0,0,0,0,0,0,0
HARYANA,2012,WOMEN JAIL,0,0,0,0,0,0,0
HARYANA,2012,BORSTAL SCHOOL,1,160,195,355,115,190,305
HARYANA,2012,OPEN JAIL,0,0,0,0,0,0,0
HARYANA,2012,SPECIAL JAIL,0,0,0,0,0,0,0
HARYANA,2012,OTHERS,0,0,0,0,0,0,0
HARYANA,2012,TOTAL,19,15533,1431,16964,16202,750,16952
HIMACHAL PRADESH,2001,CENTRAL JAIL,2,453,23,476,387,13,400
HIMACHAL PRADESH,2001,DISTRICT JAIL,2,82,4,86,156,5,161
HIMACHAL PRADESH,2001,SUB JAIL,7,180,21,201,290,8,298
HIMACHAL PRADESH,2001,WOMEN JAIL,0,0,0,0,0,0,0
HIMACHAL PRADESH,2001,BORSTAL SCHOOL,1,15,15,30,7,0,7
HIMACHAL PRADESH,2001,OPEN JAIL,1,80,0,80,41,0,41
HIMACHAL PRADESH,2001,SPECIAL JAIL,0,0,0,0,0,0,0
HIMACHAL PRADESH,2001,OTHERS,0,0,0,0,0,0,0
HIMACHAL PRADESH,2001,TOTAL,13,810,63,873,881,26,907
HIMACHAL PRADESH,2002,CENTRAL JAIL,2,498,28,526,399,8,407
HIMACHAL PRADESH,2002,DISTRICT JAIL,2,152,4,156,148,2,150
HIMACHAL PRADESH,2002,SUB JAIL,7,175,21,196,277,17,294
HIMACHAL PRADESH,2002,WOMEN JAIL,0,0,0,0,0,0,0
HIMACHAL PRADESH,2002,BORSTAL SCHOOL,1,15,15,30,13,0,13
HIMACHAL PRADESH,2002,OPEN JAIL,1,80,0,80,33,0,33
HIMACHAL PRADESH,2002,SPECIAL JAIL,0,0,0,0,0,0,0
HIMACHAL PRADESH,2002,OTHERS,0,0,0,0,0,0,0
HIMACHAL PRADESH,2002,TOTAL,13,920,68,988,870,27,897
HIMACHAL PRADESH,2003,CENTRAL JAIL,2,483,23,506,449,10,459
HIMACHAL PRADESH,2003,DISTRICT JAIL,2,154,6,160,195,6,201
HIMACHAL PRADESH,2003,SUB JAIL,7,178,21,199,269,15,284
HIMACHAL PRADESH,2003,WOMEN JAIL,0,0,0,0,0,0,0
HIMACHAL PRADESH,2003,BORSTAL SCHOOL,1,15,15,30,4,0,4
HIMACHAL PRADESH,2003,OPEN JAIL,1,80,0,80,30,0,30
HIMACHAL PRADESH,2003,SPECIAL JAIL,0,0,0,0,0,0,0
HIMACHAL PRADESH,2003,OTHERS,0,0,0,0,0,0,0
HIMACHAL PRADESH,2003,TOTAL,13,910,65,975,947,31,978
HIMACHAL PRADESH,2004,CENTRAL JAIL,2,483,23,506,537,17,554
HIMACHAL PRADESH,2004,DISTRICT JAIL,2,158,4,162,190,6,196
HIMACHAL PRADESH,2004,SUB JAIL,6,151,19,170,240,13,253
HIMACHAL PRADESH,2004,WOMEN JAIL,0,0,0,0,0,0,0
HIMACHAL PRADESH,2004,BORSTAL SCHOOL,1,15,15,30,5,0,5
HIMACHAL PRADESH,2004,OPEN JAIL,1,80,0,80,36,0,36
HIMACHAL PRADESH,2004,SPECIAL JAIL,0,0,0,0,0,0,0
HIMACHAL PRADESH,2004,OTHERS,0,0,0,0,0,0,0
HIMACHAL PRADESH,2004,TOTAL,12,887,61,948,1008,36,1044
HIMACHAL PRADESH,2005,CENTRAL JAIL,2,483,23,506,576,15,591
HIMACHAL PRADESH,2005,DISTRICT JAIL,2,158,4,162,214,11,225
HIMACHAL PRADESH,2005,SUB JAIL,6,159,19,178,290,8,298
HIMACHAL PRADESH,2005,WOMEN JAIL,0,0,0,0,0,0,0
HIMACHAL PRADESH,2005,BORSTAL SCHOOL,1,15,15,30,20,0,20
HIMACHAL PRADESH,2005,OPEN JAIL,1,80,0,80,34,0,34
HIMACHAL PRADESH,2005,SPECIAL JAIL,0,0,0,0,0,0,0
HIMACHAL PRADESH,2005,OTHERS,0,0,0,0,0,0,0
HIMACHAL PRADESH,2005,TOTAL,12,895,61,956,1134,34,1168
HIMACHAL PRADESH,2006,CENTRAL JAIL,2,483,23,506,704,19,723
HIMACHAL PRADESH,2006,DISTRICT JAIL,2,204,6,210,257,14,271
HIMACHAL PRADESH,2006,SUB JAIL,6,159,19,178,275,12,287
HIMACHAL PRADESH,2006,WOMEN JAIL,0,0,0,0,0,0,0
HIMACHAL PRADESH,2006,BORSTAL SCHOOL,1,15,15,30,17,0,17
HIMACHAL PRADESH,2006,OPEN JAIL,1,80,0,80,38,0,38
HIMACHAL PRADESH,2006,SPECIAL JAIL,0,0,0,0,0,0,0
HIMACHAL PRADESH,2006,OTHERS,0,0,0,0,0,0,0
HIMACHAL PRADESH,2006,TOTAL,12,941,63,1004,1291,45,1336
HIMACHAL PRADESH,2007,CENTRAL JAIL,2,496,25,521,750,31,781
HIMACHAL PRADESH,2007,DISTRICT JAIL,2,208,4,212,279,16,295
HIMACHAL PRADESH,2007,SUB JAIL,7,256,32,288,283,14,297
HIMACHAL PRADESH,2007,WOMEN JAIL,0,0,0,0,0,0,0
HIMACHAL PRADESH,2007,BORSTAL SCHOOL,1,15,15,30,13,0,13
HIMACHAL PRADESH,2007,OPEN JAIL,1,80,0,80,49,0,49
HIMACHAL PRADESH,2007,SPECIAL JAIL,0,0,0,0,0,0,0
HIMACHAL PRADESH,2007,OTHERS,0,0,0,0,0,0,0
HIMACHAL PRADESH,2007,TOTAL,13,1055,76,1131,1374,61,1435
HIMACHAL PRADESH,2008,CENTRAL JAIL,2,503,23,526,690,28,718
HIMACHAL PRADESH,2008,DISTRICT JAIL,2,307,10,317,308,17,325
HIMACHAL PRADESH,2008,SUB JAIL,7,268,32,300,352,13,365
HIMACHAL PRADESH,2008,WOMEN JAIL,0,0,0,0,0,0,0
HIMACHAL PRADESH,2008,BORSTAL SCHOOL,1,15,15,30,10,0,10
HIMACHAL PRADESH,2008,OPEN JAIL,1,80,0,80,50,0,50
HIMACHAL PRADESH,2008,SPECIAL JAIL,0,0,0,0,0,0,0
HIMACHAL PRADESH,2008,OTHERS,0,0,0,0,0,0,0
HIMACHAL PRADESH,2008,TOTAL,13,1173,80,1253,1410,58,1468
HIMACHAL PRADESH,2009,CENTRAL JAIL,2,502,24,526,698,28,726
HIMACHAL PRADESH,2009,DISTRICT JAIL,2,307,10,317,347,13,360
HIMACHAL PRADESH,2009,SUB JAIL,7,295,40,335,392,11,403
HIMACHAL PRADESH,2009,WOMEN JAIL,0,0,0,0,0,0,0
HIMACHAL PRADESH,2009,BORSTAL SCHOOL,1,15,15,30,10,0,10
HIMACHAL PRADESH,2009,OPEN JAIL,1,80,0,80,55,0,55
HIMACHAL PRADESH,2009,SPECIAL JAIL,0,0,0,0,0,0,0
HIMACHAL PRADESH,2009,OTHERS,0,0,0,0,0,0,0
HIMACHAL PRADESH,2009,TOTAL,13,1199,89,1288,1502,52,1554
HIMACHAL PRADESH,2010,CENTRAL JAIL,2,502,24,526,807,27,834
HIMACHAL PRADESH,2010,DISTRICT JAIL,2,307,10,317,326,10,336
HIMACHAL PRADESH,2010,SUB JAIL,8,335,43,378,340,13,353
HIMACHAL PRADESH,2010,WOMEN JAIL,0,0,0,0,0,0,0
HIMACHAL PRADESH,2010,BORSTAL SCHOOL,1,15,15,30,9,0,9
HIMACHAL PRADESH,2010,OPEN JAIL,1,80,0,80,53,0,53
HIMACHAL PRADESH,2010,SPECIAL JAIL,0,0,0,0,0,0,0
HIMACHAL PRADESH,2010,OTHERS,0,0,0,0,0,0,0
HIMACHAL PRADESH,2010,TOTAL,14,1239,92,1331,1535,50,1585
HIMACHAL PRADESH,2011,CENTRAL JAIL,2,733,23,756,726,21,747
HIMACHAL PRADESH,2011,DISTRICT JAIL,2,307,10,317,303,17,320
HIMACHAL PRADESH,2011,SUB JAIL,8,385,58,443,449,24,473
HIMACHAL PRADESH,2011,WOMEN JAIL,0,0,0,0,0,0,0
HIMACHAL PRADESH,2011,BORSTAL SCHOOL,1,15,15,30,4,0,4
HIMACHAL PRADESH,2011,OPEN JAIL,1,80,0,80,63,0,63
HIMACHAL PRADESH,2011,SPECIAL JAIL,0,0,0,0,0,0,0
HIMACHAL PRADESH,2011,OTHERS,0,0,0,0,0,0,0
HIMACHAL PRADESH,2011,TOTAL,14,1520,106,1626,1545,62,1607
HIMACHAL PRADESH,2012,CENTRAL JAIL,2,733,23,756,717,24,741
HIMACHAL PRADESH,2012,DISTRICT JAIL,2,307,10,317,328,17,345
HIMACHAL PRADESH,2012,SUB JAIL,6,385,58,443,524,32,556
HIMACHAL PRADESH,2012,WOMEN JAIL,0,0,0,0,0,0,0
HIMACHAL PRADESH,2012,BORSTAL SCHOOL,1,15,15,30,3,0,3
HIMACHAL PRADESH,2012,OPEN JAIL,1,80,0,80,71,0,71
HIMACHAL PRADESH,2012,SPECIAL JAIL,0,0,0,0,0,0,0
HIMACHAL PRADESH,2012,OTHERS,0,0,0,0,0,0,0
HIMACHAL PRADESH,2012,TOTAL,12,1520,106,1626,1643,73,1716
JAMMU & KASHMIR,2001,CENTRAL JAIL,2,1210,10,1220,539,6,545
JAMMU & KASHMIR,2001,DISTRICT JAIL,8,1594,36,1630,976,34,1010
JAMMU & KASHMIR,2001,SUB JAIL,3,250,0,250,92,0,92
JAMMU & KASHMIR,2001,WOMEN JAIL,0,0,0,0,0,0,0
JAMMU & KASHMIR,2001,BORSTAL SCHOOL,0,0,0,0,0,0,0
JAMMU & KASHMIR,2001,OPEN JAIL,0,0,0,0,0,0,0
JAMMU & KASHMIR,2001,SPECIAL JAIL,0,0,0,0,0,0,0
JAMMU & KASHMIR,2001,OTHERS,0,0,0,0,0,0,0
JAMMU & KASHMIR,2001,TOTAL,13,3054,46,3100,1607,40,1647
JAMMU & KASHMIR,2002,CENTRAL JAIL,2,790,10,800,689,12,701
JAMMU & KASHMIR,2002,DISTRICT JAIL,8,1218,36,1254,978,38,1016
JAMMU & KASHMIR,2002,SUB JAIL,3,133,0,133,86,0,86
JAMMU & KASHMIR,2002,WOMEN JAIL,0,0,0,0,0,0,0
JAMMU & KASHMIR,2002,BORSTAL SCHOOL,0,0,0,0,0,0,0
JAMMU & KASHMIR,2002,OPEN JAIL,0,0,0,0,0,0,0
JAMMU & KASHMIR,2002,SPECIAL JAIL,0,0,0,0,0,0,0
JAMMU & KASHMIR,2002,OTHERS,0,0,0,0,0,0,0
JAMMU & KASHMIR,2002,TOTAL,13,2141,46,2187,1753,50,1803
JAMMU & KASHMIR,2003,CENTRAL JAIL,2,1208,12,1220,663,11,674
JAMMU & KASHMIR,2003,DISTRICT JAIL,8,1591,39,1630,1090,54,1144
JAMMU & KASHMIR,2003,SUB JAIL,3,250,0,250,77,0,77
JAMMU & KASHMIR,2003,WOMEN JAIL,0,0,0,0,0,0,0
JAMMU & KASHMIR,2003,BORSTAL SCHOOL,0,0,0,0,0,0,0
JAMMU & KASHMIR,2003,OPEN JAIL,0,0,0,0,0,0,0
JAMMU & KASHMIR,2003,SPECIAL JAIL,0,0,0,0,0,0,0
JAMMU & KASHMIR,2003,OTHERS,0,0,0,0,0,0,0
JAMMU & KASHMIR,2003,TOTAL,13,3049,51,3100,1830,65,1895
JAMMU & KASHMIR,2004,CENTRAL JAIL,2,1200,20,1220,803,9,812
JAMMU & KASHMIR,2004,DISTRICT JAIL,8,1580,50,1630,1100,51,1151
JAMMU & KASHMIR,2004,SUB JAIL,3,250,0,250,76,0,76
JAMMU & KASHMIR,2004,WOMEN JAIL,0,0,0,0,0,0,0
JAMMU & KASHMIR,2004,BORSTAL SCHOOL,0,0,0,0,0,0,0
JAMMU & KASHMIR,2004,OPEN JAIL,0,0,0,0,0,0,0
JAMMU & KASHMIR,2004,SPECIAL JAIL,0,0,0,0,0,0,0
JAMMU & KASHMIR,2004,OTHERS,0,0,0,0,0,0,0
JAMMU & KASHMIR,2004,TOTAL,13,3030,70,3100,1979,60,2039
JAMMU & KASHMIR,2005,CENTRAL JAIL,2,1200,20,1220,858,14,872
JAMMU & KASHMIR,2005,DISTRICT JAIL,8,1580,50,1630,1126,57,1183
JAMMU & KASHMIR,2005,SUB JAIL,3,250,0,250,82,0,82
JAMMU & KASHMIR,2005,WOMEN JAIL,0,0,0,0,0,0,0
JAMMU & KASHMIR,2005,BORSTAL SCHOOL,0,0,0,0,0,0,0
JAMMU & KASHMIR,2005,OPEN JAIL,0,0,0,0,0,0,0
JAMMU & KASHMIR,2005,SPECIAL JAIL,0,0,0,0,0,0,0
JAMMU & KASHMIR,2005,OTHERS,0,0,0,0,0,0,0
JAMMU & KASHMIR,2005,TOTAL,13,3030,70,3100,2066,71,2137
JAMMU & KASHMIR,2006,CENTRAL JAIL,2,1210,10,1220,818,13,831
JAMMU & KASHMIR,2006,DISTRICT JAIL,8,1570,60,1630,1311,46,1357
JAMMU & KASHMIR,2006,SUB JAIL,3,250,0,250,82,0,82
JAMMU & KASHMIR,2006,WOMEN JAIL,0,0,0,0,0,0,0
JAMMU & KASHMIR,2006,BORSTAL SCHOOL,0,0,0,0,0,0,0
JAMMU & KASHMIR,2006,OPEN JAIL,0,0,0,0,0,0,0
JAMMU & KASHMIR,2006,SPECIAL JAIL,0,0,0,0,0,0,0
JAMMU & KASHMIR,2006,OTHERS,0,0,0,0,0,0,0
JAMMU & KASHMIR,2006,TOTAL,13,3030,70,3100,2211,59,2270
JAMMU & KASHMIR,2007,CENTRAL JAIL,2,1210,10,1220,762,10,772
JAMMU & KASHMIR,2007,DISTRICT JAIL,7,1520,60,1580,1354,72,1426
JAMMU & KASHMIR,2007,SUB JAIL,3,250,0,250,101,0,101
JAMMU & KASHMIR,2007,WOMEN JAIL,0,0,0,0,0,0,0
JAMMU & KASHMIR,2007,BORSTAL SCHOOL,0,0,0,0,0,0,0
JAMMU & KASHMIR,2007,OPEN JAIL,0,0,0,0,0,0,0
JAMMU & KASHMIR,2007,SPECIAL JAIL,0,0,0,0,0,0,0
JAMMU & KASHMIR,2007,OTHERS,0,0,0,0,0,0,0
JAMMU & KASHMIR,2007,TOTAL,12,2980,70,3050,2217,82,2299
JAMMU & KASHMIR,2008,CENTRAL JAIL,2,1200,20,1220,718,9,727
JAMMU & KASHMIR,2008,DISTRICT JAIL,7,1504,76,1580,1406,76,1482
JAMMU & KASHMIR,2008,SUB JAIL,3,250,0,250,101,0,101
JAMMU & KASHMIR,2008,WOMEN JAIL,0,0,0,0,0,0,0
JAMMU & KASHMIR,2008,BORSTAL SCHOOL,0,0,0,0,0,0,0
JAMMU & KASHMIR,2008,OPEN JAIL,0,0,0,0,0,0,0
JAMMU & KASHMIR,2008,SPECIAL JAIL,0,0,0,0,0,0,0
JAMMU & KASHMIR,2008,OTHERS,0,0,0,0,0,0,0
JAMMU & KASHMIR,2008,TOTAL,12,2954,96,3050,2225,85,2310
JAMMU & KASHMIR,2009,CENTRAL JAIL,2,1200,20,1220,833,19,852
JAMMU & KASHMIR,2009,DISTRICT JAIL,8,1345,85,1430,1270,79,1349
JAMMU & KASHMIR,2009,SUB JAIL,3,125,0,125,161,0,161
JAMMU & KASHMIR,2009,WOMEN JAIL,0,0,0,0,0,0,0
JAMMU & KASHMIR,2009,BORSTAL SCHOOL,0,0,0,0,0,0,0
JAMMU & KASHMIR,2009,OPEN JAIL,0,0,0,0,0,0,0
JAMMU & KASHMIR,2009,SPECIAL JAIL,0,0,0,0,0,0,0
JAMMU & KASHMIR,2009,OTHERS,0,0,0,0,0,0,0
JAMMU & KASHMIR,2009,TOTAL,13,2670,105,2775,2264,98,2362
JAMMU & KASHMIR,2010,CENTRAL JAIL,2,1200,20,1220,1006,24,1030
JAMMU & KASHMIR,2010,DISTRICT JAIL,8,1345,85,1430,1348,82,1430
JAMMU & KASHMIR,2010,SUB JAIL,3,125,0,125,117,0,117
JAMMU & KASHMIR,2010,WOMEN JAIL,0,0,0,0,0,0,0
JAMMU & KASHMIR,2010,BORSTAL SCHOOL,0,0,0,0,0,0,0
JAMMU & KASHMIR,2010,OPEN JAIL,0,0,0,0,0,0,0
JAMMU & KASHMIR,2010,SPECIAL JAIL,0,0,0,0,0,0,0
JAMMU & KASHMIR,2010,OTHERS,0,0,0,0,0,0,0
JAMMU & KASHMIR,2010,TOTAL,13,2670,105,2775,2471,106,2577
JAMMU & KASHMIR,2011,CENTRAL JAIL,2,1220,60,1280,1057,27,1084
JAMMU & KASHMIR,2011,DISTRICT JAIL,9,1400,90,1490,1337,76,1413
JAMMU & KASHMIR,2011,SUB JAIL,3,125,0,125,166,0,166
JAMMU & KASHMIR,2011,WOMEN JAIL,0,0,0,0,0,0,0
JAMMU & KASHMIR,2011,BORSTAL SCHOOL,0,0,0,0,0,0,0
JAMMU & KASHMIR,2011,OPEN JAIL,0,0,0,0,0,0,0
JAMMU & KASHMIR,2011,SPECIAL JAIL,0,0,0,0,0,0,0
JAMMU & KASHMIR,2011,OTHERS,0,0,0,0,0,0,0
JAMMU & KASHMIR,2011,TOTAL,14,2745,150,2895,2560,103,2663
JAMMU & KASHMIR,2012,CENTRAL JAIL,2,1220,60,1280,919,7,926
JAMMU & KASHMIR,2012,DISTRICT JAIL,10,1420,90,1510,1417,86,1503
JAMMU & KASHMIR,2012,SUB JAIL,2,105,0,105,111,0,111
JAMMU & KASHMIR,2012,WOMEN JAIL,0,0,0,0,0,0,0
JAMMU & KASHMIR,2012,BORSTAL SCHOOL,0,0,0,0,0,0,0
JAMMU & KASHMIR,2012,OPEN JAIL,0,0,0,0,0,0,0
JAMMU & KASHMIR,2012,SPECIAL JAIL,0,0,0,0,0,0,0
JAMMU & KASHMIR,2012,OTHERS,0,0,0,0,0,0,0
JAMMU & KASHMIR,2012,TOTAL,14,2745,150,2895,2447,93,2540
JHARKHAND,2001,CENTRAL JAIL,2,1685,49,1734,4296,69,4365
JHARKHAND,2001,DISTRICT JAIL,2,1869,76,1945,5441,175,5616
JHARKHAND,2001,SUB JAIL,19,1995,114,2109,6294,197,6491
JHARKHAND,2001,WOMEN JAIL,0,0,0,0,0,0,0
JHARKHAND,2001,BORSTAL SCHOOL,1,100,0,100,45,0,45
JHARKHAND,2001,OPEN JAIL,0,0,0,0,0,0,0
JHARKHAND,2001,SPECIAL JAIL,0,0,0,0,0,0,0
JHARKHAND,2001,OTHERS,0,0,0,0,0,0,0
JHARKHAND,2001,TOTAL,24,5649,239,5888,16076,441,16517
JHARKHAND,2002,CENTRAL JAIL,2,1685,49,1734,4243,114,4357
JHARKHAND,2002,DISTRICT JAIL,6,1869,76,1945,4358,165,4523
JHARKHAND,2002,SUB JAIL,19,1995,114,2109,6024,197,6221
JHARKHAND,2002,WOMEN JAIL,0,0,0,0,0,0,0
JHARKHAND,2002,BORSTAL SCHOOL,1,100,0,100,27,0,27
JHARKHAND,2002,OPEN JAIL,0,0,0,0,0,0,0
JHARKHAND,2002,SPECIAL JAIL,0,0,0,0,0,0,0
JHARKHAND,2002,OTHERS,0,0,0,0,0,0,0
JHARKHAND,2002,TOTAL,28,5649,239,5888,14652,476,15128
JHARKHAND,2003,CENTRAL JAIL,2,1685,49,1734,6604,191,6795
JHARKHAND,2003,DISTRICT JAIL,6,1869,76,1945,3417,140,3557
JHARKHAND,2003,SUB JAIL,18,1915,115,2030,5813,210,6023
JHARKHAND,2003,WOMEN JAIL,0,0,0,0,0,0,0
JHARKHAND,2003,BORSTAL SCHOOL,1,100,0,100,40,0,40
JHARKHAND,2003,OPEN JAIL,0,0,0,0,0,0,0
JHARKHAND,2003,SPECIAL JAIL,0,0,0,0,0,0,0
JHARKHAND,2003,OTHERS,0,0,0,0,0,0,0
JHARKHAND,2003,TOTAL,27,5569,240,5809,15874,541,16415
JHARKHAND,2004,CENTRAL JAIL,2,1685,49,1734,6236,207,6443
JHARKHAND,2004,DISTRICT JAIL,6,1869,81,1950,4682,162,4844
JHARKHAND,2004,SUB JAIL,18,1915,115,2030,5906,262,6168
JHARKHAND,2004,WOMEN JAIL,0,0,0,0,0,0,0
JHARKHAND,2004,BORSTAL SCHOOL,1,100,0,100,42,0,42
JHARKHAND,2004,OPEN JAIL,0,0,0,0,0,0,0
JHARKHAND,2004,SPECIAL JAIL,0,0,0,0,0,0,0
JHARKHAND,2004,OTHERS,0,0,0,0,0,0,0
JHARKHAND,2004,TOTAL,27,5569,245,5814,16866,631,17497
JHARKHAND,2005,CENTRAL JAIL,3,2160,57,2217,7180,255,7435
JHARKHAND,2005,DISTRICT JAIL,19,3066,162,3228,9894,409,10303
JHARKHAND,2005,SUB JAIL,4,474,26,500,1431,34,1465
JHARKHAND,2005,WOMEN JAIL,0,0,0,0,0,0,0
JHARKHAND,2005,BORSTAL SCHOOL,1,100,0,100,30,0,30
JHARKHAND,2005,OPEN JAIL,0,0,0,0,0,0,0
JHARKHAND,2005,SPECIAL JAIL,0,0,0,0,0,0,0
JHARKHAND,2005,OTHERS,0,0,0,0,0,0,0
JHARKHAND,2005,TOTAL,27,5800,245,6045,18535,698,19233
JHARKHAND,2006,CENTRAL JAIL,4,6390,168,6558,9846,376,10222
JHARKHAND,2006,DISTRICT JAIL,19,3941,206,4147,8954,370,9324
JHARKHAND,2006,SUB JAIL,4,474,26,500,1085,33,1118
JHARKHAND,2006,WOMEN JAIL,0,0,0,0,0,0,0
JHARKHAND,2006,BORSTAL SCHOOL,1,100,0,100,45,0,45
JHARKHAND,2006,OPEN JAIL,0,0,0,0,0,0,0
JHARKHAND,2006,SPECIAL JAIL,0,0,0,0,0,0,0
JHARKHAND,2006,OTHERS,0,0,0,0,0,0,0
JHARKHAND,2006,TOTAL,28,10905,400,11305,19930,779,20709
JHARKHAND,2007,CENTRAL JAIL,3,5098,172,5270,7367,278,7645
JHARKHAND,2007,DISTRICT JAIL,19,4351,217,4568,8908,338,9246
JHARKHAND,2007,SUB JAIL,4,774,26,800,972,41,1013
JHARKHAND,2007,WOMEN JAIL,0,0,0,0,0,0,0
JHARKHAND,2007,BORSTAL SCHOOL,1,100,0,100,32,0,32
JHARKHAND,2007,OPEN JAIL,0,0,0,0,0,0,0
JHARKHAND,2007,SPECIAL JAIL,0,0,0,0,0,0,0
JHARKHAND,2007,OTHERS,0,0,0,0,0,0,0
JHARKHAND,2007,TOTAL,27,10323,415,10738,17279,657,17936
JHARKHAND,2008,CENTRAL JAIL,3,5398,200,5598,7595,277,7872
JHARKHAND,2008,DISTRICT JAIL,19,5938,280,6218,9060,337,9397
JHARKHAND,2008,SUB JAIL,4,874,41,915,1058,38,1096
JHARKHAND,2008,WOMEN JAIL,0,0,0,0,0,0,0
JHARKHAND,2008,BORSTAL SCHOOL,1,100,0,100,38,0,38
JHARKHAND,2008,OPEN JAIL,0,0,0,0,0,0,0
JHARKHAND,2008,SPECIAL JAIL,0,0,0,0,0,0,0
JHARKHAND,2008,OTHERS,0,0,0,0,0,0,0
JHARKHAND,2008,TOTAL,27,12310,521,12831,17751,652,18403
JHARKHAND,2009,CENTRAL JAIL,3,5398,200,5598,7254,271,7525
JHARKHAND,2009,DISTRICT JAIL,19,6028,305,6333,8359,338,8697
JHARKHAND,2009,SUB JAIL,4,874,41,915,898,42,940
JHARKHAND,2009,WOMEN JAIL,0,0,0,0,0,0,0
JHARKHAND,2009,BORSTAL SCHOOL,1,100,0,100,34,0,34
JHARKHAND,2009,OPEN JAIL,0,0,0,0,0,0,0
JHARKHAND,2009,SPECIAL JAIL,0,0,0,0,0,0,0
JHARKHAND,2009,OTHERS,0,0,0,0,0,0,0
JHARKHAND,2009,TOTAL,27,12400,546,12946,16545,651,17196
JHARKHAND,2010,CENTRAL JAIL,5,7174,262,7436,8635,352,8987
JHARKHAND,2010,DISTRICT JAIL,17,4162,256,4418,7730,294,8024
JHARKHAND,2010,SUB JAIL,4,874,56,930,942,61,1003
JHARKHAND,2010,WOMEN JAIL,0,0,0,0,0,0,0
JHARKHAND,2010,BORSTAL SCHOOL,1,100,0,100,28,0,28
JHARKHAND,2010,OPEN JAIL,0,0,0,0,0,0,0
JHARKHAND,2010,SPECIAL JAIL,0,0,0,0,0,0,0
JHARKHAND,2010,OTHERS,0,0,0,0,0,0,0
JHARKHAND,2010,TOTAL,27,12310,574,12884,17335,707,18042
JHARKHAND,2011,CENTRAL JAIL,5,7174,312,7486,7908,336,8244
JHARKHAND,2011,DISTRICT JAIL,17,4193,239,4432,6972,334,7306
JHARKHAND,2011,SUB JAIL,4,874,56,930,966,48,1014
JHARKHAND,2011,WOMEN JAIL,0,0,0,0,0,0,0
JHARKHAND,2011,BORSTAL SCHOOL,1,100,0,100,22,0,22
JHARKHAND,2011,OPEN JAIL,0,0,0,0,0,0,0
JHARKHAND,2011,SPECIAL JAIL,0,0,0,0,0,0,0
JHARKHAND,2011,OTHERS,0,0,0,0,0,0,0
JHARKHAND,2011,TOTAL,27,12341,607,12948,15868,718,16586
JHARKHAND,2012,CENTRAL JAIL,5,7784,356,8140,7840,337,8177
JHARKHAND,2012,DISTRICT JAIL,17,4273,261,4534,7591,359,7950
JHARKHAND,2012,SUB JAIL,4,1069,79,1148,1111,48,1159
JHARKHAND,2012,WOMEN JAIL,0,0,0,0,0,0,0
JHARKHAND,2012,BORSTAL SCHOOL,1,100,0,100,45,0,45
JHARKHAND,2012,OPEN JAIL,0,0,0,0,0,0,0
JHARKHAND,2012,SPECIAL JAIL,0,0,0,0,0,0,0
JHARKHAND,2012,OTHERS,0,0,0,0,0,0,0
JHARKHAND,2012,TOTAL,27,13226,696,13922,16587,744,17331
KARNATAKA,2001,CENTRAL JAIL,6,4981,230,5211,5632,166,5798
KARNATAKA,2001,DISTRICT JAIL,6,769,51,820,1004,31,1035
KARNATAKA,2001,SUB JAIL,79,2361,175,2536,2580,56,2636
KARNATAKA,2001,WOMEN JAIL,0,0,0,0,0,0,0
KARNATAKA,2001,BORSTAL SCHOOL,1,183,0,183,0,0,0
KARNATAKA,2001,OPEN JAIL,1,80,0,80,44,0,44
KARNATAKA,2001,SPECIAL JAIL,2,99,12,111,149,0,149
KARNATAKA,2001,OTHERS,1,250,0,250,84,0,84
KARNATAKA,2001,TOTAL,96,8723,468,9191,9493,253,9746
KARNATAKA,2002,CENTRAL JAIL,6,4981,230,5211,5991,247,6238
KARNATAKA,2002,DISTRICT JAIL,6,769,51,820,1151,46,1197
KARNATAKA,2002,SUB JAIL,79,2361,175,2536,2687,57,2744
KARNATAKA,2002,WOMEN JAIL,0,0,0,0,0,0,0
KARNATAKA,2002,BORSTAL SCHOOL,1,183,0,183,0,0,0
KARNATAKA,2002,OPEN JAIL,1,80,0,80,27,0,27
KARNATAKA,2002,SPECIAL JAIL,2,99,12,111,145,0,145
KARNATAKA,2002,OTHERS,1,250,0,250,61,0,61
KARNATAKA,2002,TOTAL,96,8723,468,9191,10062,350,10412
KARNATAKA,2003,CENTRAL JAIL,6,4981,230,5211,6623,255,6878
KARNATAKA,2003,DISTRICT JAIL,6,769,51,820,1010,46,1056
KARNATAKA,2003,SUB JAIL,79,2361,175,2536,2652,41,2693
KARNATAKA,2003,WOMEN JAIL,0,0,0,0,0,0,0
KARNATAKA,2003,BORSTAL SCHOOL,1,183,0,183,0,0,0
KARNATAKA,2003,OPEN JAIL,1,80,0,80,24,0,24
KARNATAKA,2003,SPECIAL JAIL,2,99,12,111,197,0,197
KARNATAKA,2003,OTHERS,1,250,0,250,54,0,54
KARNATAKA,2003,TOTAL,96,8723,468,9191,10560,342,10902
KARNATAKA,2004,CENTRAL JAIL,6,4981,230,5211,7035,313,7348
KARNATAKA,2004,DISTRICT JAIL,6,769,51,820,869,59,928
KARNATAKA,2004,SUB JAIL,80,2466,150,2616,2870,64,2934
KARNATAKA,2004,WOMEN JAIL,0,0,0,0,0,0,0
KARNATAKA,2004,BORSTAL SCHOOL,1,183,0,183,0,0,0
KARNATAKA,2004,OPEN JAIL,1,80,0,80,25,0,25
KARNATAKA,2004,SPECIAL JAIL,2,99,12,111,243,0,243
KARNATAKA,2004,OTHERS,1,250,0,250,64,0,64
KARNATAKA,2004,TOTAL,97,8828,443,9271,11106,436,11542
KARNATAKA,2005,CENTRAL JAIL,6,4981,230,5211,7867,332,8199
KARNATAKA,2005,DISTRICT JAIL,6,769,51,820,1002,49,1051
KARNATAKA,2005,SUB JAIL,80,2466,150,2616,2630,67,2697
KARNATAKA,2005,WOMEN JAIL,0,0,0,0,0,0,0
KARNATAKA,2005,BORSTAL SCHOOL,1,183,0,183,0,0,0
KARNATAKA,2005,OPEN JAIL,1,80,0,80,37,0,37
KARNATAKA,2005,SPECIAL JAIL,2,99,12,111,185,0,185
KARNATAKA,2005,OTHERS,1,250,0,250,58,0,58
KARNATAKA,2005,TOTAL,97,8828,443,9271,11779,448,12227
KARNATAKA,2006,CENTRAL JAIL,6,4972,250,5222,8077,400,8477
KARNATAKA,2006,DISTRICT JAIL,6,1088,108,1196,1079,53,1132
KARNATAKA,2006,SUB JAIL,81,4184,405,4589,2801,53,2854
KARNATAKA,2006,WOMEN JAIL,0,0,0,0,0,0,0
KARNATAKA,2006,BORSTAL SCHOOL,1,200,0,200,0,0,0
KARNATAKA,2006,OPEN JAIL,1,80,0,80,33,0,33
KARNATAKA,2006,SPECIAL JAIL,2,238,12,250,180,0,180
KARNATAKA,2006,OTHERS,1,250,0,250,24,0,24
KARNATAKA,2006,TOTAL,98,11012,775,11787,12194,506,12700
KARNATAKA,2007,CENTRAL JAIL,7,5688,416,6104,8469,392,8861
KARNATAKA,2007,DISTRICT JAIL,12,2341,242,2583,1767,101,1868
KARNATAKA,2007,SUB JAIL,75,2493,184,2677,2061,35,2096
KARNATAKA,2007,WOMEN JAIL,0,0,0,0,0,0,0
KARNATAKA,2007,BORSTAL SCHOOL,1,200,0,200,0,0,0
KARNATAKA,2007,OPEN JAIL,1,80,0,80,32,0,32
KARNATAKA,2007,SPECIAL JAIL,2,238,12,250,171,0,171
KARNATAKA,2007,OTHERS,1,250,0,250,24,0,24
KARNATAKA,2007,TOTAL,99,11290,854,12144,12524,528,13052
KARNATAKA,2008,CENTRAL JAIL,7,5688,416,6104,8711,418,9129
KARNATAKA,2008,DISTRICT JAIL,13,2341,242,2583,1901,87,1988
KARNATAKA,2008,SUB JAIL,74,2519,184,2703,2114,43,2157
KARNATAKA,2008,WOMEN JAIL,1,0,69,69,0,0,0
KARNATAKA,2008,BORSTAL SCHOOL,1,200,0,200,0,0,0
KARNATAKA,2008,OPEN JAIL,1,80,0,80,26,0,26
KARNATAKA,2008,SPECIAL JAIL,2,238,12,250,230,0,230
KARNATAKA,2008,OTHERS,1,250,0,250,8,0,8
KARNATAKA,2008,TOTAL,100,11316,923,12239,12990,548,13538
KARNATAKA,2009,CENTRAL JAIL,8,5760,485,6245,8268,366,8634
KARNATAKA,2009,DISTRICT JAIL,15,2686,282,2968,2020,104,2124
KARNATAKA,2009,SUB JAIL,74,2874,233,3107,2189,54,2243
KARNATAKA,2009,WOMEN JAIL,0,0,0,0,0,0,0
KARNATAKA,2009,BORSTAL SCHOOL,1,200,0,200,0,0,0
KARNATAKA,2009,OPEN JAIL,1,80,0,80,19,0,19
KARNATAKA,2009,SPECIAL JAIL,2,238,12,250,218,0,218
KARNATAKA,2009,OTHERS,1,250,0,250,3,0,3
KARNATAKA,2009,TOTAL,102,12088,1012,13100,12717,524,13241
KARNATAKA,2010,CENTRAL JAIL,8,5760,485,6245,8056,363,8419
KARNATAKA,2010,DISTRICT JAIL,15,2686,282,2968,2100,61,2161
KARNATAKA,2010,SUB JAIL,74,2874,233,3107,2012,45,2057
KARNATAKA,2010,WOMEN JAIL,0,0,0,0,0,0,0
KARNATAKA,2010,BORSTAL SCHOOL,1,200,0,200,0,0,0
KARNATAKA,2010,OPEN JAIL,1,80,0,80,31,0,31
KARNATAKA,2010,SPECIAL JAIL,2,238,12,250,221,0,221
KARNATAKA,2010,OTHERS,1,250,0,250,0,0,0
KARNATAKA,2010,TOTAL,102,12088,1012,13100,12420,469,12889
KARNATAKA,2011,CENTRAL JAIL,8,5760,485,6245,8146,404,8550
KARNATAKA,2011,DISTRICT JAIL,15,2686,282,2968,1920,69,1989
KARNATAKA,2011,SUB JAIL,74,2874,233,3107,1862,50,1912
KARNATAKA,2011,WOMEN JAIL,0,0,0,0,0,0,0
KARNATAKA,2011,BORSTAL SCHOOL,1,200,0,200,0,0,0
KARNATAKA,2011,OPEN JAIL,1,80,0,80,57,0,57
KARNATAKA,2011,SPECIAL JAIL,2,238,12,250,158,0,158
KARNATAKA,2011,OTHERS,1,250,0,250,0,0,0
KARNATAKA,2011,TOTAL,102,12088,1012,13100,12143,523,12666
KARNATAKA,2012,CENTRAL JAIL,8,5760,485,6245,8183,405,8588
KARNATAKA,2012,DISTRICT JAIL,15,2686,282,2968,2184,94,2278
KARNATAKA,2012,SUB JAIL,74,2874,233,3107,1954,59,2013
KARNATAKA,2012,WOMEN JAIL,0,0,0,0,0,0,0
KARNATAKA,2012,BORSTAL SCHOOL,1,200,0,200,0,0,0
KARNATAKA,2012,OPEN JAIL,1,80,0,80,51,0,51
KARNATAKA,2012,SPECIAL JAIL,2,238,12,250,207,0,207
KARNATAKA,2012,OTHERS,1,250,0,250,0,0,0
KARNATAKA,2012,TOTAL,102,12088,1012,13100,12579,558,13137
KERALA,2001,CENTRAL JAIL,3,2854,198,3052,2554,56,2610
KERALA,2001,DISTRICT JAIL,3,516,20,536,712,33,745
KERALA,2001,SUB JAIL,26,1185,125,1310,1442,33,1475
KERALA,2001,WOMEN JAIL,1,0,64,64,0,47,47
KERALA,2001,BORSTAL SCHOOL,1,100,0,100,1,0,1
KERALA,2001,OPEN JAIL,2,400,0,400,125,0,125
KERALA,2001,SPECIAL JAIL,5,367,30,397,364,9,373
KERALA,2001,OTHERS,0,0,0,0,0,0,0
KERALA,2001,TOTAL,41,5422,437,5859,5198,178,5376
KERALA,2002,CENTRAL JAIL,3,2854,198,3052,2308,57,2365
KERALA,2002,DISTRICT JAIL,3,516,20,536,743,21,764
KERALA,2002,SUB JAIL,26,1185,125,1310,1457,69,1526
KERALA,2002,WOMEN JAIL,1,0,64,64,0,35,35
KERALA,2002,BORSTAL SCHOOL,1,100,0,100,1,0,1
KERALA,2002,OPEN JAIL,2,400,0,400,172,0,172
KERALA,2002,SPECIAL JAIL,5,367,30,397,320,5,325
KERALA,2002,OTHERS,0,0,0,0,0,0,0
KERALA,2002,TOTAL,41,5422,437,5859,5001,187,5188
KERALA,2003,CENTRAL JAIL,3,2854,198,3052,3280,94,3374
KERALA,2003,DISTRICT JAIL,3,516,20,536,833,21,854
KERALA,2003,SUB JAIL,26,1185,125,1310,1413,24,1437
KERALA,2003,WOMEN JAIL,1,0,64,64,0,41,41
KERALA,2003,BORSTAL SCHOOL,1,100,0,100,0,0,0
KERALA,2003,OPEN JAIL,2,400,0,400,233,0,233
KERALA,2003,SPECIAL JAIL,5,367,30,397,502,23,525
KERALA,2003,OTHERS,0,0,0,0,0,0,0
KERALA,2003,TOTAL,41,5422,437,5859,6261,203,6464
KERALA,2004,CENTRAL JAIL,3,2854,198,3052,3593,105,3698
KERALA,2004,DISTRICT JAIL,3,516,20,536,1019,20,1039
KERALA,2004,SUB JAIL,26,1185,125,1310,1500,47,1547
KERALA,2004,WOMEN JAIL,1,0,64,64,0,48,48
KERALA,2004,BORSTAL SCHOOL,1,100,0,100,0,0,0
KERALA,2004,OPEN JAIL,2,400,0,400,234,0,234
KERALA,2004,SPECIAL JAIL,5,367,30,397,610,18,628
KERALA,2004,OTHERS,0,0,0,0,0,0,0
KERALA,2004,TOTAL,41,5422,437,5859,6956,238,7194
KERALA,2005,CENTRAL JAIL,3,2278,249,2527,3602,78,3680
KERALA,2005,DISTRICT JAIL,3,407,46,453,799,22,821
KERALA,2005,SUB JAIL,26,1159,125,1284,1375,34,1409
KERALA,2005,WOMEN JAIL,1,0,60,60,0,50,50
KERALA,2005,BORSTAL SCHOOL,1,100,0,100,0,0,0
KERALA,2005,OPEN JAIL,2,528,0,528,262,0,262
KERALA,2005,SPECIAL JAIL,5,402,51,453,624,17,641
KERALA,2005,OTHERS,0,0,0,0,0,0,0
KERALA,2005,TOTAL,41,4874,531,5405,6662,201,6863
KERALA,2006,CENTRAL JAIL,3,2278,239,2517,3381,74,3455
KERALA,2006,DISTRICT JAIL,3,347,34,381,794,24,818
KERALA,2006,SUB JAIL,26,1038,154,1192,1415,26,1441
KERALA,2006,WOMEN JAIL,1,0,60,60,0,46,46
KERALA,2006,BORSTAL SCHOOL,1,100,0,100,0,0,0
KERALA,2006,OPEN JAIL,2,350,0,350,254,0,254
KERALA,2006,SPECIAL JAIL,5,377,47,424,471,19,490
KERALA,2006,OTHERS,0,0,0,0,0,0,0
KERALA,2006,TOTAL,41,4490,534,5024,6315,189,6504
KERALA,2007,CENTRAL JAIL,3,1992,191,2183,3285,62,3347
KERALA,2007,DISTRICT JAIL,3,192,17,209,763,18,781
KERALA,2007,SUB JAIL,28,438,95,533,1677,39,1716
KERALA,2007,WOMEN JAIL,1,0,24,24,0,59,59
KERALA,2007,BORSTAL SCHOOL,1,100,0,100,0,0,0
KERALA,2007,OPEN JAIL,2,528,0,528,291,0,291
KERALA,2007,SPECIAL JAIL,5,178,10,188,543,5,548
KERALA,2007,OTHERS,0,0,0,0,0,0,0
KERALA,2007,TOTAL,43,3428,337,3765,6559,183,6742
KERALA,2008,CENTRAL JAIL,3,1998,191,2189,3147,65,3212
KERALA,2008,DISTRICT JAIL,3,311,37,348,806,18,824
KERALA,2008,SUB JAIL,26,734,162,896,1736,49,1785
KERALA,2008,WOMEN JAIL,1,0,48,48,0,39,39
KERALA,2008,BORSTAL SCHOOL,1,100,0,100,0,0,0
KERALA,2008,OPEN JAIL,2,530,0,530,321,0,321
KERALA,2008,SPECIAL JAIL,5,271,27,298,540,11,551
KERALA,2008,OTHERS,0,0,0,0,0,0,0
KERALA,2008,TOTAL,41,3944,465,4409,6550,182,6732
KERALA,2009,CENTRAL JAIL,3,1998,191,2189,3331,81,3412
KERALA,2009,DISTRICT JAIL,3,311,37,348,905,17,922
KERALA,2009,SUB JAIL,29,791,189,980,1592,39,1631
KERALA,2009,WOMEN JAIL,2,0,72,72,0,52,52
KERALA,2009,BORSTAL SCHOOL,1,100,0,100,0,0,0
KERALA,2009,OPEN JAIL,2,530,0,530,312,0,312
KERALA,2009,SPECIAL JAIL,7,433,27,460,625,17,642
KERALA,2009,OTHERS,0,0,0,0,0,0,0
KERALA,2009,TOTAL,47,4163,516,4679,6765,206,6971
KERALA,2010,CENTRAL JAIL,3,1998,191,2189,2855,58,2913
KERALA,2010,DISTRICT JAIL,4,423,58,481,599,21,620
KERALA,2010,SUB JAIL,30,851,209,1060,2017,30,2047
KERALA,2010,WOMEN JAIL,2,0,72,72,0,78,78
KERALA,2010,BORSTAL SCHOOL,1,100,0,100,0,0,0
KERALA,2010,OPEN JAIL,2,530,0,530,333,0,333
KERALA,2010,SPECIAL JAIL,8,651,37,688,676,25,701
KERALA,2010,OTHERS,0,0,0,0,0,0,0
KERALA,2010,TOTAL,50,4553,567,5120,6480,212,6692
KERALA,2011,CENTRAL JAIL,3,2373,0,2373,2296,0,2296
KERALA,2011,DISTRICT JAIL,5,1141,42,1183,1107,20,1127
KERALA,2011,SUB JAIL,29,1028,56,1084,1452,28,1480
KERALA,2011,WOMEN JAIL,3,0,232,232,0,113,113
KERALA,2011,BORSTAL SCHOOL,1,78,0,78,0,0,0
KERALA,2011,OPEN JAIL,2,670,0,670,308,0,308
KERALA,2011,SPECIAL JAIL,9,724,27,751,894,11,905
KERALA,2011,OTHERS,0,0,0,0,0,0,0
KERALA,2011,TOTAL,52,6014,357,6371,6057,172,6229
KERALA,2012,CENTRAL JAIL,3,2373,0,2373,2794,0,2794
KERALA,2012,DISTRICT JAIL,5,1141,30,1171,1181,18,1199
KERALA,2012,SUB JAIL,29,1028,56,1084,1360,22,1382
KERALA,2012,WOMEN JAIL,3,0,232,232,0,127,127
KERALA,2012,BORSTAL SCHOOL,1,78,12,90,50,13,63
KERALA,2012,OPEN JAIL,3,853,0,853,463,0,463
KERALA,2012,SPECIAL JAIL,9,824,27,851,895,24,919
KERALA,2012,OTHERS,0,0,0,0,0,0,0
KERALA,2012,TOTAL,53,6297,357,6654,6743,204,6947
MADHYA PRADESH,2001,CENTRAL JAIL,8,6651,462,7113,13955,395,14350
MADHYA PRADESH,2001,DISTRICT JAIL,21,3678,338,4016,6213,248,6461
MADHYA PRADESH,2001,SUB JAIL,69,4487,523,5010,8003,74,8077
MADHYA PRADESH,2001,WOMEN JAIL,0,0,0,0,0,0,0
MADHYA PRADESH,2001,BORSTAL SCHOOL,1,408,0,408,199,0,199
MADHYA PRADESH,2001,OPEN JAIL,0,0,0,0,0,0,0
MADHYA PRADESH,2001,SPECIAL JAIL,0,0,0,0,0,0,0
MADHYA PRADESH,2001,OTHERS,0,0,0,0,0,0,0
MADHYA PRADESH,2001,TOTAL,99,15224,1323,16547,28370,717,29087
MADHYA PRADESH,2002,CENTRAL JAIL,8,6651,462,7113,13810,396,14206
MADHYA PRADESH,2002,DISTRICT JAIL,21,3678,338,4016,5137,258,5395
MADHYA PRADESH,2002,SUB JAIL,79,4910,600,5510,7949,66,8015
MADHYA PRADESH,2002,WOMEN JAIL,0,0,0,0,0,0,0
MADHYA PRADESH,2002,BORSTAL SCHOOL,1,408,0,408,151,0,151
MADHYA PRADESH,2002,OPEN JAIL,0,0,0,0,0,0,0
MADHYA PRADESH,2002,SPECIAL JAIL,0,0,0,0,0,0,0
MADHYA PRADESH,2002,OTHERS,0,0,0,0,0,0,0
MADHYA PRADESH,2002,TOTAL,109,15647,1400,17047,27047,720,27767
MADHYA PRADESH,2003,CENTRAL JAIL,8,6651,462,7113,13679,419,14098
MADHYA PRADESH,2003,DISTRICT JAIL,21,3678,338,4016,4532,507,5039
MADHYA PRADESH,2003,SUB JAIL,80,4953,607,5560,7474,74,7548
MADHYA PRADESH,2003,WOMEN JAIL,0,0,0,0,0,0,0
MADHYA PRADESH,2003,BORSTAL SCHOOL,1,408,0,408,147,0,147
MADHYA PRADESH,2003,OPEN JAIL,0,0,0,0,0,0,0
MADHYA PRADESH,2003,SPECIAL JAIL,0,0,0,0,0,0,0
MADHYA PRADESH,2003,OTHERS,0,0,0,0,0,0,0
MADHYA PRADESH,2003,TOTAL,110,15690,1407,17097,25832,1000,26832
MADHYA PRADESH,2004,CENTRAL JAIL,8,6651,462,7113,14650,404,15054
MADHYA PRADESH,2004,DISTRICT JAIL,21,3707,341,4048,5641,222,5863
MADHYA PRADESH,2004,SUB JAIL,83,5178,627,5805,7762,104,7866
MADHYA PRADESH,2004,WOMEN JAIL,0,0,0,0,0,0,0
MADHYA PRADESH,2004,BORSTAL SCHOOL,1,408,0,408,149,0,149
MADHYA PRADESH,2004,OPEN JAIL,0,0,0,0,0,0,0
MADHYA PRADESH,2004,SPECIAL JAIL,0,0,0,0,0,0,0
MADHYA PRADESH,2004,OTHERS,0,0,0,0,0,0,0
MADHYA PRADESH,2004,TOTAL,113,15944,1430,17374,28202,730,28932
MADHYA PRADESH,2005,CENTRAL JAIL,8,6898,571,7469,15641,433,16074
MADHYA PRADESH,2005,DISTRICT JAIL,21,3965,370,4335,6033,291,6324
MADHYA PRADESH,2005,SUB JAIL,86,5618,536,6154,8803,93,8896
MADHYA PRADESH,2005,WOMEN JAIL,0,0,0,0,0,0,0
MADHYA PRADESH,2005,BORSTAL SCHOOL,1,608,0,608,186,0,186
MADHYA PRADESH,2005,OPEN JAIL,0,0,0,0,0,0,0
MADHYA PRADESH,2005,SPECIAL JAIL,0,0,0,0,0,0,0
MADHYA PRADESH,2005,OTHERS,0,0,0,0,0,0,0
MADHYA PRADESH,2005,TOTAL,116,17089,1477,18566,30663,817,31480
MADHYA PRADESH,2006,CENTRAL JAIL,8,7723,567,8290,16605,453,17058
MADHYA PRADESH,2006,DISTRICT JAIL,22,4883,378,5261,6160,248,6408
MADHYA PRADESH,2006,SUB JAIL,86,6157,547,6704,8456,78,8534
MADHYA PRADESH,2006,WOMEN JAIL,0,0,0,0,0,0,0
MADHYA PRADESH,2006,BORSTAL SCHOOL,0,0,0,0,0,0,0
MADHYA PRADESH,2006,OPEN JAIL,0,0,0,0,0,0,0
MADHYA PRADESH,2006,SPECIAL JAIL,0,0,0,0,0,0,0
MADHYA PRADESH,2006,OTHERS,0,0,0,0,0,0,0
MADHYA PRADESH,2006,TOTAL,116,18763,1492,20255,31221,779,32000
MADHYA PRADESH,2007,CENTRAL JAIL,8,7723,567,8290,17082,474,17556
MADHYA PRADESH,2007,DISTRICT JAIL,22,4883,378,5261,5917,281,6198
MADHYA PRADESH,2007,SUB JAIL,90,6329,568,6897,8859,99,8958
MADHYA PRADESH,2007,WOMEN JAIL,0,0,0,0,0,0,0
MADHYA PRADESH,2007,BORSTAL SCHOOL,0,0,0,0,0,0,0
MADHYA PRADESH,2007,OPEN JAIL,0,0,0,0,0,0,0
MADHYA PRADESH,2007,SPECIAL JAIL,0,0,0,0,0,0,0
MADHYA PRADESH,2007,OTHERS,0,0,0,0,0,0,0
MADHYA PRADESH,2007,TOTAL,120,18935,1513,20448,31858,854,32712
MADHYA PRADESH,2008,CENTRAL JAIL,8,10136,567,10703,17137,532,17669
MADHYA PRADESH,2008,DISTRICT JAIL,22,5087,419,5506,7346,362,7708
MADHYA PRADESH,2008,SUB JAIL,90,6643,578,7221,9290,88,9378
MADHYA PRADESH,2008,WOMEN JAIL,0,0,0,0,0,0,0
MADHYA PRADESH,2008,BORSTAL SCHOOL,0,0,0,0,0,0,0
MADHYA PRADESH,2008,OPEN JAIL,0,0,0,0,0,0,0
MADHYA PRADESH,2008,SPECIAL JAIL,0,0,0,0,0,0,0
MADHYA PRADESH,2008,OTHERS,0,0,0,0,0,0,0
MADHYA PRADESH,2008,TOTAL,120,21866,1564,23430,33773,982,34755
MADHYA PRADESH,2009,CENTRAL JAIL,8,10146,587,10733,16274,513,16787
MADHYA PRADESH,2009,DISTRICT JAIL,22,5208,414,5622,6976,342,7318
MADHYA PRADESH,2009,SUB JAIL,92,7152,596,7748,8625,76,8701
MADHYA PRADESH,2009,WOMEN JAIL,0,0,0,0,0,0,0
MADHYA PRADESH,2009,BORSTAL SCHOOL,0,0,0,0,0,0,0
MADHYA PRADESH,2009,OPEN JAIL,0,0,0,0,0,0,0
MADHYA PRADESH,2009,SPECIAL JAIL,0,0,0,0,0,0,0
MADHYA PRADESH,2009,OTHERS,0,0,0,0,0,0,0
MADHYA PRADESH,2009,TOTAL,122,22506,1597,24103,31875,931,32806
MADHYA PRADESH,2010,CENTRAL JAIL,8,10586,587,11173,15350,493,15843
MADHYA PRADESH,2010,DISTRICT JAIL,22,5636,434,6070,6642,408,7050
MADHYA PRADESH,2010,SUB JAIL,92,7722,580,8302,8309,94,8403
MADHYA PRADESH,2010,WOMEN JAIL,0,0,0,0,0,0,0
MADHYA PRADESH,2010,BORSTAL SCHOOL,0,0,0,0,0,0,0
MADHYA PRADESH,2010,OPEN JAIL,1,25,0,25,22,0,22
MADHYA PRADESH,2010,SPECIAL JAIL,0,0,0,0,0,0,0
MADHYA PRADESH,2010,OTHERS,0,0,0,0,0,0,0
MADHYA PRADESH,2010,TOTAL,123,23969,1601,25570,30323,995,31318
MADHYA PRADESH,2011,CENTRAL JAIL,8,10776,587,11363,16008,539,16547
MADHYA PRADESH,2011,DISTRICT JAIL,22,5550,434,5984,7494,432,7926
MADHYA PRADESH,2011,SUB JAIL,92,7714,599,8313,8305,114,8419
MADHYA PRADESH,2011,WOMEN JAIL,0,0,0,0,0,0,0
MADHYA PRADESH,2011,BORSTAL SCHOOL,0,0,0,0,0,0,0
MADHYA PRADESH,2011,OPEN JAIL,1,25,0,25,24,0,24
MADHYA PRADESH,2011,SPECIAL JAIL,0,0,0,0,0,0,0
MADHYA PRADESH,2011,OTHERS,0,0,0,0,0,0,0
MADHYA PRADESH,2011,TOTAL,123,24065,1620,25685,31831,1085,32916
MADHYA PRADESH,2012,CENTRAL JAIL,8,11016,587,11603,15934,556,16490
MADHYA PRADESH,2012,DISTRICT JAIL,25,6445,466,6911,8710,519,9229
MADHYA PRADESH,2012,SUB JAIL,90,7463,581,8044,8109,106,8215
MADHYA PRADESH,2012,WOMEN JAIL,0,0,0,0,0,0,0
MADHYA PRADESH,2012,BORSTAL SCHOOL,0,0,0,0,0,0,0
MADHYA PRADESH,2012,OPEN JAIL,1,25,0,25,25,0,25
MADHYA PRADESH,2012,SPECIAL JAIL,0,0,0,0,0,0,0
MADHYA PRADESH,2012,OTHERS,0,0,0,0,0,0,0
MADHYA PRADESH,2012,TOTAL,124,24949,1634,26583,32778,1181,33959
MAHARASHTRA,2001,CENTRAL JAIL,8,10539,320,10859,14951,556,15507
MAHARASHTRA,2001,DISTRICT JAIL,23,4302,273,4575,6173,302,6475
MAHARASHTRA,2001,SUB JAIL,0,0,0,0,0,0,0
MAHARASHTRA,2001,WOMEN JAIL,0,0,0,0,0,0,0
MAHARASHTRA,2001,BORSTAL SCHOOL,1,105,0,105,34,0,34
MAHARASHTRA,2001,OPEN JAIL,2,450,0,450,357,0,357
MAHARASHTRA,2001,SPECIAL JAIL,1,243,3,246,128,3,131
MAHARASHTRA,2001,OTHERS,1,21,0,21,21,2,23
MAHARASHTRA,2001,TOTAL,36,15660,596,16256,21664,863,22527
MAHARASHTRA,2002,CENTRAL JAIL,8,10539,320,10859,14391,603,14994
MAHARASHTRA,2002,DISTRICT JAIL,23,4302,273,4575,6143,359,6502
MAHARASHTRA,2002,SUB JAIL,0,0,0,0,0,0,0
MAHARASHTRA,2002,WOMEN JAIL,0,0,0,0,0,0,0
MAHARASHTRA,2002,BORSTAL SCHOOL,1,105,0,105,18,0,18
MAHARASHTRA,2002,OPEN JAIL,2,450,0,450,369,0,369
MAHARASHTRA,2002,SPECIAL JAIL,1,243,3,246,114,3,117
MAHARASHTRA,2002,OTHERS,1,21,0,21,20,2,22
MAHARASHTRA,2002,TOTAL,36,15660,596,16256,21055,967,22022
MAHARASHTRA,2003,CENTRAL JAIL,8,11178,297,11475,15737,490,16227
MAHARASHTRA,2003,DISTRICT JAIL,23,4492,277,4769,6522,392,6914
MAHARASHTRA,2003,SUB JAIL,0,0,0,0,0,0,0
MAHARASHTRA,2003,WOMEN JAIL,1,0,100,100,0,234,234
MAHARASHTRA,2003,BORSTAL SCHOOL,1,105,0,105,17,0,17
MAHARASHTRA,2003,OPEN JAIL,3,500,0,500,390,0,390
MAHARASHTRA,2003,SPECIAL JAIL,1,243,3,246,128,1,129
MAHARASHTRA,2003,OTHERS,1,21,0,21,16,2,18
MAHARASHTRA,2003,TOTAL,38,16539,677,17216,22810,1119,23929
MAHARASHTRA,2004,CENTRAL JAIL,8,10146,329,10475,16797,584,17381
MAHARASHTRA,2004,DISTRICT JAIL,23,4495,274,4769,6283,396,6679
MAHARASHTRA,2004,SUB JAIL,0,0,0,0,0,0,0
MAHARASHTRA,2004,WOMEN JAIL,1,0,100,100,0,274,274
MAHARASHTRA,2004,BORSTAL SCHOOL,1,105,0,105,29,0,29
MAHARASHTRA,2004,OPEN JAIL,3,500,0,500,418,0,418
MAHARASHTRA,2004,SPECIAL JAIL,1,243,3,246,126,1,127
MAHARASHTRA,2004,OTHERS,1,21,0,21,13,1,14
MAHARASHTRA,2004,TOTAL,38,15510,706,16216,23666,1256,24922
MAHARASHTRA,2005,CENTRAL JAIL,8,11404,329,11733,16842,602,17444
MAHARASHTRA,2005,DISTRICT JAIL,23,4553,289,4842,6502,377,6879
MAHARASHTRA,2005,SUB JAIL,172,0,0,0,0,0,0
MAHARASHTRA,2005,WOMEN JAIL,1,0,262,262,0,338,338
MAHARASHTRA,2005,BORSTAL SCHOOL,1,105,0,105,21,0,21
MAHARASHTRA,2005,OPEN JAIL,3,722,0,722,559,0,559
MAHARASHTRA,2005,SPECIAL JAIL,1,243,3,246,171,5,176
MAHARASHTRA,2005,OTHERS,1,21,0,21,10,4,14
MAHARASHTRA,2005,TOTAL,210,17048,883,17931,24105,1326,25431
MAHARASHTRA,2006,CENTRAL JAIL,8,10993,389,11382,16860,578,17438
MAHARASHTRA,2006,DISTRICT JAIL,23,4733,289,5022,6520,384,6904
MAHARASHTRA,2006,SUB JAIL,172,2361,0,2361,155,9,164
MAHARASHTRA,2006,WOMEN JAIL,1,0,262,262,0,381,381
MAHARASHTRA,2006,BORSTAL SCHOOL,1,105,0,105,29,0,29
MAHARASHTRA,2006,OPEN JAIL,3,722,0,722,642,0,642
MAHARASHTRA,2006,SPECIAL JAIL,1,243,3,246,196,5,201
MAHARASHTRA,2006,OTHERS,1,28,0,28,26,4,30
MAHARASHTRA,2006,TOTAL,210,19185,943,20128,24428,1361,25789
MAHARASHTRA,2007,CENTRAL JAIL,8,12221,426,12647,16786,641,17427
MAHARASHTRA,2007,DISTRICT JAIL,23,4913,289,5202,6783,474,7257
MAHARASHTRA,2007,SUB JAIL,115,1171,568,1739,125,9,134
MAHARASHTRA,2007,WOMEN JAIL,1,0,262,262,0,219,219
MAHARASHTRA,2007,BORSTAL SCHOOL,1,105,0,105,35,0,35
MAHARASHTRA,2007,OPEN JAIL,3,672,0,672,624,0,624
MAHARASHTRA,2007,SPECIAL JAIL,1,243,3,246,166,6,172
MAHARASHTRA,2007,OTHERS,1,28,0,28,20,4,24
MAHARASHTRA,2007,TOTAL,153,19353,1548,20901,24539,1353,25892
MAHARASHTRA,2008,CENTRAL JAIL,9,14345,426,14771,17171,661,17832
MAHARASHTRA,2008,DISTRICT JAIL,24,4980,292,5272,6331,446,6777
MAHARASHTRA,2008,SUB JAIL,172,1171,568,1739,114,9,123
MAHARASHTRA,2008,WOMEN JAIL,1,0,262,262,0,314,314
MAHARASHTRA,2008,BORSTAL SCHOOL,1,105,0,105,42,0,42
MAHARASHTRA,2008,OPEN JAIL,4,922,0,922,584,0,584
MAHARASHTRA,2008,SPECIAL JAIL,1,243,3,246,145,4,149
MAHARASHTRA,2008,OTHERS,1,28,0,28,7,3,10
MAHARASHTRA,2008,TOTAL,213,21794,1551,23345,24394,1437,25831
MAHARASHTRA,2009,CENTRAL JAIL,9,14345,426,14771,16520,636,17156
MAHARASHTRA,2009,DISTRICT JAIL,24,4980,292,5272,5756,454,6210
MAHARASHTRA,2009,SUB JAIL,172,1793,568,2361,255,12,267
MAHARASHTRA,2009,WOMEN JAIL,1,0,262,262,0,372,372
MAHARASHTRA,2009,BORSTAL SCHOOL,1,105,0,105,49,0,49
MAHARASHTRA,2009,OPEN JAIL,4,922,0,922,713,0,713
MAHARASHTRA,2009,SPECIAL JAIL,1,243,3,246,91,5,96
MAHARASHTRA,2009,OTHERS,1,28,0,28,18,3,21
MAHARASHTRA,2009,TOTAL,213,22416,1551,23967,23402,1482,24884
MAHARASHTRA,2010,CENTRAL JAIL,9,14414,427,14841,16285,587,16872
MAHARASHTRA,2010,DISTRICT JAIL,24,5034,307,5341,5590,393,5983
MAHARASHTRA,2010,SUB JAIL,172,1793,568,2361,211,6,217
MAHARASHTRA,2010,WOMEN JAIL,1,0,262,262,0,259,259
MAHARASHTRA,2010,BORSTAL SCHOOL,1,105,0,105,40,0,40
MAHARASHTRA,2010,OPEN JAIL,5,922,50,972,771,46,817
MAHARASHTRA,2010,SPECIAL JAIL,1,243,3,246,77,4,81
MAHARASHTRA,2010,OTHERS,1,28,0,28,10,2,12
MAHARASHTRA,2010,TOTAL,214,22539,1617,24156,22984,1297,24281
MAHARASHTRA,2011,CENTRAL JAIL,9,14414,427,14841,16118,579,16697
MAHARASHTRA,2011,DISTRICT JAIL,25,5534,307,5841,5682,492,6174
MAHARASHTRA,2011,SUB JAIL,172,1793,568,2361,44,3,47
MAHARASHTRA,2011,WOMEN JAIL,1,0,262,262,0,256,256
MAHARASHTRA,2011,BORSTAL SCHOOL,1,105,0,105,29,0,29
MAHARASHTRA,2011,OPEN JAIL,5,922,50,972,741,41,782
MAHARASHTRA,2011,SPECIAL JAIL,1,243,3,246,73,3,76
MAHARASHTRA,2011,OTHERS,1,28,0,28,19,2,21
MAHARASHTRA,2011,TOTAL,215,23039,1617,24656,22706,1376,24082
MAHARASHTRA,2012,CENTRAL JAIL,9,14414,427,14841,16493,515,17008
MAHARASHTRA,2012,DISTRICT JAIL,25,5534,307,5841,5861,509,6370
MAHARASHTRA,2012,SUB JAIL,172,1793,568,2361,46,0,46
MAHARASHTRA,2012,WOMEN JAIL,1,0,262,262,0,281,281
MAHARASHTRA,2012,BORSTAL SCHOOL,1,105,0,105,15,0,15
MAHARASHTRA,2012,OPEN JAIL,5,922,50,972,660,29,689
MAHARASHTRA,2012,SPECIAL JAIL,1,243,3,246,79,3,82
MAHARASHTRA,2012,OTHERS,1,28,0,28,17,1,18
MAHARASHTRA,2012,TOTAL,215,23039,1617,24656,23171,1338,24509
MANIPUR,2001,CENTRAL JAIL,2,1050,20,1070,422,24,446
MANIPUR,2001,DISTRICT JAIL,2,100,0,100,16,0,16
MANIPUR,2001,SUB JAIL,0,0,0,0,0,0,0
MANIPUR,2001,WOMEN JAIL,0,0,0,0,0,0,0
MANIPUR,2001,BORSTAL SCHOOL,0,0,0,0,0,0,0
MANIPUR,2001,OPEN JAIL,0,0,0,0,0,0,0
MANIPUR,2001,SPECIAL JAIL,0,0,0,0,0,0,0
MANIPUR,2001,OTHERS,0,0,0,0,0,0,0
MANIPUR,2001,TOTAL,4,1150,20,1170,438,24,462
MANIPUR,2002,CENTRAL JAIL,2,1050,20,1070,481,28,509
MANIPUR,2002,DISTRICT JAIL,1,50,0,50,7,0,7
MANIPUR,2002,SUB JAIL,0,0,0,0,0,0,0
MANIPUR,2002,WOMEN JAIL,0,0,0,0,0,0,0
MANIPUR,2002,BORSTAL SCHOOL,0,0,0,0,0,0,0
MANIPUR,2002,OPEN JAIL,0,0,0,0,0,0,0
MANIPUR,2002,SPECIAL JAIL,0,0,0,0,0,0,0
MANIPUR,2002,OTHERS,0,0,0,0,0,0,0
MANIPUR,2002,TOTAL,3,1100,20,1120,488,28,516
MANIPUR,2003,CENTRAL JAIL,2,1050,20,1070,500,27,527
MANIPUR,2003,DISTRICT JAIL,1,50,0,50,5,0,5
MANIPUR,2003,SUB JAIL,0,0,0,0,0,0,0
MANIPUR,2003,WOMEN JAIL,0,0,0,0,0,0,0
MANIPUR,2003,BORSTAL SCHOOL,0,0,0,0,0,0,0
MANIPUR,2003,OPEN JAIL,0,0,0,0,0,0,0
MANIPUR,2003,SPECIAL JAIL,0,0,0,0,0,0,0
MANIPUR,2003,OTHERS,0,0,0,0,0,0,0
MANIPUR,2003,TOTAL,3,1100,20,1120,505,27,532
MANIPUR,2004,CENTRAL JAIL,2,980,110,1090,442,23,465
MANIPUR,2004,DISTRICT JAIL,1,50,0,50,0,0,0
MANIPUR,2004,SUB JAIL,0,0,0,0,0,0,0
MANIPUR,2004,WOMEN JAIL,0,0,0,0,0,0,0
MANIPUR,2004,BORSTAL SCHOOL,0,0,0,0,0,0,0
MANIPUR,2004,OPEN JAIL,0,0,0,0,0,0,0
MANIPUR,2004,SPECIAL JAIL,0,0,0,0,0,0,0
MANIPUR,2004,OTHERS,0,0,0,0,0,0,0
MANIPUR,2004,TOTAL,3,1030,110,1140,442,23,465
MANIPUR,2005,CENTRAL JAIL,2,980,110,1090,503,26,529
MANIPUR,2005,DISTRICT JAIL,0,0,0,0,0,0,0
MANIPUR,2005,SUB JAIL,0,0,0,0,0,0,0
MANIPUR,2005,WOMEN JAIL,0,0,0,0,0,0,0
MANIPUR,2005,BORSTAL SCHOOL,0,0,0,0,0,0,0
MANIPUR,2005,OPEN JAIL,0,0,0,0,0,0,0
MANIPUR,2005,SPECIAL JAIL,0,0,0,0,0,0,0
MANIPUR,2005,OTHERS,0,0,0,0,0,0,0
MANIPUR,2005,TOTAL,2,980,110,1090,503,26,529
MANIPUR,2006,CENTRAL JAIL,2,860,110,970,383,15,398
MANIPUR,2006,DISTRICT JAIL,2,100,0,100,0,0,0
MANIPUR,2006,SUB JAIL,0,0,0,0,0,0,0
MANIPUR,2006,WOMEN JAIL,0,0,0,0,0,0,0
MANIPUR,2006,BORSTAL SCHOOL,0,0,0,0,0,0,0
MANIPUR,2006,OPEN JAIL,0,0,0,0,0,0,0
MANIPUR,2006,SPECIAL JAIL,0,0,0,0,0,0,0
MANIPUR,2006,OTHERS,0,0,0,0,0,0,0
MANIPUR,2006,TOTAL,4,960,110,1070,383,15,398
MANIPUR,2007,CENTRAL JAIL,2,860,110,970,434,10,444
MANIPUR,2007,DISTRICT JAIL,0,0,0,0,0,0,0
MANIPUR,2007,SUB JAIL,0,0,0,0,0,0,0
MANIPUR,2007,WOMEN JAIL,0,0,0,0,0,0,0
MANIPUR,2007,BORSTAL SCHOOL,0,0,0,0,0,0,0
MANIPUR,2007,OPEN JAIL,0,0,0,0,0,0,0
MANIPUR,2007,SPECIAL JAIL,0,0,0,0,0,0,0
MANIPUR,2007,OTHERS,0,0,0,0,0,0,0
MANIPUR,2007,TOTAL,2,860,110,970,434,10,444
MANIPUR,2008,CENTRAL JAIL,2,860,110,970,438,27,465
MANIPUR,2008,DISTRICT JAIL,0,0,0,0,0,0,0
MANIPUR,2008,SUB JAIL,0,0,0,0,0,0,0
MANIPUR,2008,WOMEN JAIL,0,0,0,0,0,0,0
MANIPUR,2008,BORSTAL SCHOOL,0,0,0,0,0,0,0
MANIPUR,2008,OPEN JAIL,0,0,0,0,0,0,0
MANIPUR,2008,SPECIAL JAIL,0,0,0,0,0,0,0
MANIPUR,2008,OTHERS,0,0,0,0,0,0,0
MANIPUR,2008,TOTAL,2,860,110,970,438,27,465
MANIPUR,2009,CENTRAL JAIL,2,860,110,970,484,48,532
MANIPUR,2009,DISTRICT JAIL,0,0,0,0,0,0,0
MANIPUR,2009,SUB JAIL,0,0,0,0,0,0,0
MANIPUR,2009,WOMEN JAIL,0,0,0,0,0,0,0
MANIPUR,2009,BORSTAL SCHOOL,0,0,0,0,0,0,0
MANIPUR,2009,OPEN JAIL,0,0,0,0,0,0,0
MANIPUR,2009,SPECIAL JAIL,0,0,0,0,0,0,0
MANIPUR,2009,OTHERS,0,0,0,0,0,0,0
MANIPUR,2009,TOTAL,2,860,110,970,484,48,532
MANIPUR,2010,CENTRAL JAIL,2,860,110,970,579,39,618
MANIPUR,2010,DISTRICT JAIL,0,0,0,0,0,0,0
MANIPUR,2010,SUB JAIL,0,0,0,0,0,0,0
MANIPUR,2010,WOMEN JAIL,0,0,0,0,0,0,0
MANIPUR,2010,BORSTAL SCHOOL,0,0,0,0,0,0,0
MANIPUR,2010,OPEN JAIL,0,0,0,0,0,0,0
MANIPUR,2010,SPECIAL JAIL,0,0,0,0,0,0,0
MANIPUR,2010,OTHERS,0,0,0,0,0,0,0
MANIPUR,2010,TOTAL,2,860,110,970,579,39,618
MANIPUR,2011,CENTRAL JAIL,2,860,110,970,608,39,647
MANIPUR,2011,DISTRICT JAIL,0,0,0,0,0,0,0
MANIPUR,2011,SUB JAIL,0,0,0,0,0,0,0
MANIPUR,2011,WOMEN JAIL,0,0,0,0,0,0,0
MANIPUR,2011,BORSTAL SCHOOL,0,0,0,0,0,0,0
MANIPUR,2011,OPEN JAIL,0,0,0,0,0,0,0
MANIPUR,2011,SPECIAL JAIL,0,0,0,0,0,0,0
MANIPUR,2011,OTHERS,0,0,0,0,0,0,0
MANIPUR,2011,TOTAL,2,860,110,970,608,39,647
MANIPUR,2012,CENTRAL JAIL,2,860,110,970,690,33,723
MANIPUR,2012,DISTRICT JAIL,0,0,0,0,0,0,0
MANIPUR,2012,SUB JAIL,0,0,0,0,0,0,0
MANIPUR,2012,WOMEN JAIL,0,0,0,0,0,0,0
MANIPUR,2012,BORSTAL SCHOOL,0,0,0,0,0,0,0
MANIPUR,2012,OPEN JAIL,0,0,0,0,0,0,0
MANIPUR,2012,SPECIAL JAIL,0,0,0,0,0,0,0
MANIPUR,2012,OTHERS,0,0,0,0,0,0,0
MANIPUR,2012,TOTAL,2,860,110,970,690,33,723
MEGHALAYA,2001,CENTRAL JAIL,0,0,0,0,0,0,0
MEGHALAYA,2001,DISTRICT JAIL,4,455,35,490,518,8,526
MEGHALAYA,2001,SUB JAIL,0,0,0,0,0,0,0
MEGHALAYA,2001,WOMEN JAIL,0,0,0,0,0,0,0
MEGHALAYA,2001,BORSTAL SCHOOL,0,0,0,0,0,0,0
MEGHALAYA,2001,OPEN JAIL,0,0,0,0,0,0,0
MEGHALAYA,2001,SPECIAL JAIL,0,0,0,0,0,0,0
MEGHALAYA,2001,OTHERS,0,0,0,0,0,0,0
MEGHALAYA,2001,TOTAL,4,455,35,490,518,8,526
MEGHALAYA,2002,CENTRAL JAIL,0,0,0,0,0,0,0
MEGHALAYA,2002,DISTRICT JAIL,4,465,35,500,521,11,532
MEGHALAYA,2002,SUB JAIL,0,0,0,0,0,0,0
MEGHALAYA,2002,WOMEN JAIL,0,0,0,0,0,0,0
MEGHALAYA,2002,BORSTAL SCHOOL,0,0,0,0,0,0,0
MEGHALAYA,2002,OPEN JAIL,0,0,0,0,0,0,0
MEGHALAYA,2002,SPECIAL JAIL,0,0,0,0,0,0,0
MEGHALAYA,2002,OTHERS,0,0,0,0,0,0,0
MEGHALAYA,2002,TOTAL,4,465,35,500,521,11,532
MEGHALAYA,2003,CENTRAL JAIL,0,0,0,0,0,0,0
MEGHALAYA,2003,DISTRICT JAIL,4,465,35,500,547,8,555
MEGHALAYA,2003,SUB JAIL,0,0,0,0,0,0,0
MEGHALAYA,2003,WOMEN JAIL,0,0,0,0,0,0,0
MEGHALAYA,2003,BORSTAL SCHOOL,0,0,0,0,0,0,0
MEGHALAYA,2003,OPEN JAIL,0,0,0,0,0,0,0
MEGHALAYA,2003,SPECIAL JAIL,0,0,0,0,0,0,0
MEGHALAYA,2003,OTHERS,0,0,0,0,0,0,0
MEGHALAYA,2003,TOTAL,4,465,35,500,547,8,555
MEGHALAYA,2004,CENTRAL JAIL,0,0,0,0,0,0,0
MEGHALAYA,2004,DISTRICT JAIL,4,465,35,500,483,10,493
MEGHALAYA,2004,SUB JAIL,0,0,0,0,0,0,0
MEGHALAYA,2004,WOMEN JAIL,0,0,0,0,0,0,0
MEGHALAYA,2004,BORSTAL SCHOOL,0,0,0,0,0,0,0
MEGHALAYA,2004,OPEN JAIL,0,0,0,0,0,0,0
MEGHALAYA,2004,SPECIAL JAIL,0,0,0,0,0,0,0
MEGHALAYA,2004,OTHERS,0,0,0,0,0,0,0
MEGHALAYA,2004,TOTAL,4,465,35,500,483,10,493
MEGHALAYA,2005,CENTRAL JAIL,0,0,0,0,0,0,0
MEGHALAYA,2005,DISTRICT JAIL,4,485,35,520,542,13,555
MEGHALAYA,2005,SUB JAIL,0,0,0,0,0,0,0
MEGHALAYA,2005,WOMEN JAIL,0,0,0,0,0,0,0
MEGHALAYA,2005,BORSTAL SCHOOL,0,0,0,0,0,0,0
MEGHALAYA,2005,OPEN JAIL,0,0,0,0,0,0,0
MEGHALAYA,2005,SPECIAL JAIL,0,0,0,0,0,0,0
MEGHALAYA,2005,OTHERS,0,0,0,0,0,0,0
MEGHALAYA,2005,TOTAL,4,485,35,520,542,13,555
MEGHALAYA,2006,CENTRAL JAIL,0,0,0,0,0,0,0
MEGHALAYA,2006,DISTRICT JAIL,4,485,35,520,612,9,621
MEGHALAYA,2006,SUB JAIL,0,0,0,0,0,0,0
MEGHALAYA,2006,WOMEN JAIL,0,0,0,0,0,0,0
MEGHALAYA,2006,BORSTAL SCHOOL,0,0,0,0,0,0,0
MEGHALAYA,2006,OPEN JAIL,0,0,0,0,0,0,0
MEGHALAYA,2006,SPECIAL JAIL,0,0,0,0,0,0,0
MEGHALAYA,2006,OTHERS,0,0,0,0,0,0,0
MEGHALAYA,2006,TOTAL,4,485,35,520,612,9,621
MEGHALAYA,2007,CENTRAL JAIL,0,0,0,0,0,0,0
MEGHALAYA,2007,DISTRICT JAIL,4,495,35,530,659,6,665
MEGHALAYA,2007,SUB JAIL,0,0,0,0,0,0,0
MEGHALAYA,2007,WOMEN JAIL,0,0,0,0,0,0,0
MEGHALAYA,2007,BORSTAL SCHOOL,0,0,0,0,0,0,0
MEGHALAYA,2007,OPEN JAIL,0,0,0,0,0,0,0
MEGHALAYA,2007,SPECIAL JAIL,0,0,0,0,0,0,0
MEGHALAYA,2007,OTHERS,0,0,0,0,0,0,0
MEGHALAYA,2007,TOTAL,4,495,35,530,659,6,665
MEGHALAYA,2008,CENTRAL JAIL,0,0,0,0,0,0,0
MEGHALAYA,2008,DISTRICT JAIL,4,485,45,530,613,6,619
MEGHALAYA,2008,SUB JAIL,0,0,0,0,0,0,0
MEGHALAYA,2008,WOMEN JAIL,0,0,0,0,0,0,0
MEGHALAYA,2008,BORSTAL SCHOOL,0,0,0,0,0,0,0
MEGHALAYA,2008,OPEN JAIL,0,0,0,0,0,0,0
MEGHALAYA,2008,SPECIAL JAIL,0,0,0,0,0,0,0
MEGHALAYA,2008,OTHERS,0,0,0,0,0,0,0
MEGHALAYA,2008,TOTAL,4,485,45,530,613,6,619
MEGHALAYA,2009,CENTRAL JAIL,0,0,0,0,0,0,0
MEGHALAYA,2009,DISTRICT JAIL,4,485,45,530,648,8,656
MEGHALAYA,2009,SUB JAIL,0,0,0,0,0,0,0
MEGHALAYA,2009,WOMEN JAIL,0,0,0,0,0,0,0
MEGHALAYA,2009,BORSTAL SCHOOL,0,0,0,0,0,0,0
MEGHALAYA,2009,OPEN JAIL,0,0,0,0,0,0,0
MEGHALAYA,2009,SPECIAL JAIL,0,0,0,0,0,0,0
MEGHALAYA,2009,OTHERS,0,0,0,0,0,0,0
MEGHALAYA,2009,TOTAL,4,485,45,530,648,8,656
MEGHALAYA,2010,CENTRAL JAIL,0,0,0,0,0,0,0
MEGHALAYA,2010,DISTRICT JAIL,4,485,45,530,620,6,626
MEGHALAYA,2010,SUB JAIL,0,0,0,0,0,0,0
MEGHALAYA,2010,WOMEN JAIL,0,0,0,0,0,0,0
MEGHALAYA,2010,BORSTAL SCHOOL,0,0,0,0,0,0,0
MEGHALAYA,2010,OPEN JAIL,0,0,0,0,0,0,0
MEGHALAYA,2010,SPECIAL JAIL,0,0,0,0,0,0,0
MEGHALAYA,2010,OTHERS,0,0,0,0,0,0,0
MEGHALAYA,2010,TOTAL,4,485,45,530,620,6,626
MEGHALAYA,2011,CENTRAL JAIL,0,0,0,0,0,0,0
MEGHALAYA,2011,DISTRICT JAIL,4,485,45,530,558,12,570
MEGHALAYA,2011,SUB JAIL,0,0,0,0,0,0,0
MEGHALAYA,2011,WOMEN JAIL,0,0,0,0,0,0,0
MEGHALAYA,2011,BORSTAL SCHOOL,0,0,0,0,0,0,0
MEGHALAYA,2011,OPEN JAIL,0,0,0,0,0,0,0
MEGHALAYA,2011,SPECIAL JAIL,0,0,0,0,0,0,0
MEGHALAYA,2011,OTHERS,0,0,0,0,0,0,0
MEGHALAYA,2011,TOTAL,4,485,45,530,558,12,570
MEGHALAYA,2012,CENTRAL JAIL,0,0,0,0,0,0,0
MEGHALAYA,2012,DISTRICT JAIL,4,485,45,530,684,12,696
MEGHALAYA,2012,SUB JAIL,0,0,0,0,0,0,0
MEGHALAYA,2012,WOMEN JAIL,0,0,0,0,0,0,0
MEGHALAYA,2012,BORSTAL SCHOOL,0,0,0,0,0,0,0
MEGHALAYA,2012,OPEN JAIL,0,0,0,0,0,0,0
MEGHALAYA,2012,SPECIAL JAIL,0,0,0,0,0,0,0
MEGHALAYA,2012,OTHERS,0,0,0,0,0,0,0
MEGHALAYA,2012,TOTAL,4,485,45,530,684,12,696
MIZORAM,2001,CENTRAL JAIL,1,456,83,539,348,53,401
MIZORAM,2001,DISTRICT JAIL,5,397,72,469,427,30,457
MIZORAM,2001,SUB JAIL,0,0,0,0,0,0,0
MIZORAM,2001,WOMEN JAIL,0,0,0,0,0,0,0
MIZORAM,2001,BORSTAL SCHOOL,0,0,0,0,0,0,0
MIZORAM,2001,OPEN JAIL,0,0,0,0,0,0,0
MIZORAM,2001,SPECIAL JAIL,0,0,0,0,0,0,0
MIZORAM,2001,OTHERS,0,0,0,0,0,0,0
MIZORAM,2001,TOTAL,6,853,155,1008,775,83,858
MIZORAM,2002,CENTRAL JAIL,1,456,64,520,366,52,418
MIZORAM,2002,DISTRICT JAIL,5,391,74,465,406,34,440
MIZORAM,2002,SUB JAIL,0,0,0,0,0,0,0
MIZORAM,2002,WOMEN JAIL,0,0,0,0,0,0,0
MIZORAM,2002,BORSTAL SCHOOL,0,0,0,0,0,0,0
MIZORAM,2002,OPEN JAIL,0,0,0,0,0,0,0
MIZORAM,2002,SPECIAL JAIL,0,0,0,0,0,0,0
MIZORAM,2002,OTHERS,0,0,0,0,0,0,0
MIZORAM,2002,TOTAL,6,847,138,985,772,86,858
MIZORAM,2003,CENTRAL JAIL,1,456,89,545,311,31,342
MIZORAM,2003,DISTRICT JAIL,5,387,72,459,450,45,495
MIZORAM,2003,SUB JAIL,0,0,0,0,0,0,0
MIZORAM,2003,WOMEN JAIL,0,0,0,0,0,0,0
MIZORAM,2003,BORSTAL SCHOOL,0,0,0,0,0,0,0
MIZORAM,2003,OPEN JAIL,0,0,0,0,0,0,0
MIZORAM,2003,SPECIAL JAIL,0,0,0,0,0,0,0
MIZORAM,2003,OTHERS,0,0,0,0,0,0,0
MIZORAM,2003,TOTAL,6,843,161,1004,761,76,837
MIZORAM,2004,CENTRAL JAIL,1,456,89,545,340,61,401
MIZORAM,2004,DISTRICT JAIL,5,387,72,459,524,34,558
MIZORAM,2004,SUB JAIL,0,0,0,0,0,0,0
MIZORAM,2004,WOMEN JAIL,0,0,0,0,0,0,0
MIZORAM,2004,BORSTAL SCHOOL,0,0,0,0,0,0,0
MIZORAM,2004,OPEN JAIL,0,0,0,0,0,0,0
MIZORAM,2004,SPECIAL JAIL,0,0,0,0,0,0,0
MIZORAM,2004,OTHERS,0,0,0,0,0,0,0
MIZORAM,2004,TOTAL,6,843,161,1004,864,95,959
MIZORAM,2005,CENTRAL JAIL,1,456,89,545,258,20,278
MIZORAM,2005,DISTRICT JAIL,5,387,72,459,376,59,435
MIZORAM,2005,SUB JAIL,0,0,0,0,0,0,0
MIZORAM,2005,WOMEN JAIL,0,0,0,0,0,0,0
MIZORAM,2005,BORSTAL SCHOOL,0,0,0,0,0,0,0
MIZORAM,2005,OPEN JAIL,0,0,0,0,0,0,0
MIZORAM,2005,SPECIAL JAIL,0,0,0,0,0,0,0
MIZORAM,2005,OTHERS,0,0,0,0,0,0,0
MIZORAM,2005,TOTAL,6,843,161,1004,634,79,713
MIZORAM,2006,CENTRAL JAIL,1,456,89,545,338,40,378
MIZORAM,2006,DISTRICT JAIL,5,441,72,513,311,40,351
MIZORAM,2006,SUB JAIL,0,0,0,0,0,0,0
MIZORAM,2006,WOMEN JAIL,0,0,0,0,0,0,0
MIZORAM,2006,BORSTAL SCHOOL,0,0,0,0,0,0,0
MIZORAM,2006,OPEN JAIL,0,0,0,0,0,0,0
MIZORAM,2006,SPECIAL JAIL,0,0,0,0,0,0,0
MIZORAM,2006,OTHERS,0,0,0,0,0,0,0
MIZORAM,2006,TOTAL,6,897,161,1058,649,80,729
MIZORAM,2007,CENTRAL JAIL,1,456,89,545,444,61,505
MIZORAM,2007,DISTRICT JAIL,5,539,79,618,402,34,436
MIZORAM,2007,SUB JAIL,0,0,0,0,0,0,0
MIZORAM,2007,WOMEN JAIL,0,0,0,0,0,0,0
MIZORAM,2007,BORSTAL SCHOOL,0,0,0,0,0,0,0
MIZORAM,2007,OPEN JAIL,0,0,0,0,0,0,0
MIZORAM,2007,SPECIAL JAIL,0,0,0,0,0,0,0
MIZORAM,2007,OTHERS,0,0,0,0,0,0,0
MIZORAM,2007,TOTAL,6,995,168,1163,846,95,941
MIZORAM,2008,CENTRAL JAIL,1,456,89,545,372,35,407
MIZORAM,2008,DISTRICT JAIL,5,542,79,621,356,27,383
MIZORAM,2008,SUB JAIL,0,0,0,0,0,0,0
MIZORAM,2008,WOMEN JAIL,0,0,0,0,0,0,0
MIZORAM,2008,BORSTAL SCHOOL,0,0,0,0,0,0,0
MIZORAM,2008,OPEN JAIL,0,0,0,0,0,0,0
MIZORAM,2008,SPECIAL JAIL,0,0,0,0,0,0,0
MIZORAM,2008,OTHERS,0,0,0,0,0,0,0
MIZORAM,2008,TOTAL,6,998,168,1166,728,62,790
MIZORAM,2009,CENTRAL JAIL,1,456,89,545,401,32,433
MIZORAM,2009,DISTRICT JAIL,5,542,79,621,308,24,332
MIZORAM,2009,SUB JAIL,0,0,0,0,0,0,0
MIZORAM,2009,WOMEN JAIL,0,0,0,0,0,0,0
MIZORAM,2009,BORSTAL SCHOOL,0,0,0,0,0,0,0
MIZORAM,2009,OPEN JAIL,0,0,0,0,0,0,0
MIZORAM,2009,SPECIAL JAIL,0,0,0,0,0,0,0
MIZORAM,2009,OTHERS,0,0,0,0,0,0,0
MIZORAM,2009,TOTAL,6,998,168,1166,709,56,765
MIZORAM,2010,CENTRAL JAIL,1,456,89,545,536,55,591
MIZORAM,2010,DISTRICT JAIL,5,542,79,621,375,26,401
MIZORAM,2010,SUB JAIL,0,0,0,0,0,0,0
MIZORAM,2010,WOMEN JAIL,0,0,0,0,0,0,0
MIZORAM,2010,BORSTAL SCHOOL,0,0,0,0,0,0,0
MIZORAM,2010,OPEN JAIL,0,0,0,0,0,0,0
MIZORAM,2010,SPECIAL JAIL,0,0,0,0,0,0,0
MIZORAM,2010,OTHERS,0,0,0,0,0,0,0
MIZORAM,2010,TOTAL,6,998,168,1166,911,81,992
MIZORAM,2011,CENTRAL JAIL,1,456,89,545,441,49,490
MIZORAM,2011,DISTRICT JAIL,6,636,121,757,368,23,391
MIZORAM,2011,SUB JAIL,0,0,0,0,0,0,0
MIZORAM,2011,WOMEN JAIL,0,0,0,0,0,0,0
MIZORAM,2011,BORSTAL SCHOOL,0,0,0,0,0,0,0
MIZORAM,2011,OPEN JAIL,0,0,0,0,0,0,0
MIZORAM,2011,SPECIAL JAIL,0,0,0,0,0,0,0
MIZORAM,2011,OTHERS,0,0,0,0,0,0,0
MIZORAM,2011,TOTAL,7,1092,210,1302,809,72,881
MIZORAM,2012,CENTRAL JAIL,1,456,89,545,389,36,425
MIZORAM,2012,DISTRICT JAIL,6,636,121,757,396,26,422
MIZORAM,2012,SUB JAIL,0,0,0,0,0,0,0
MIZORAM,2012,WOMEN JAIL,0,0,0,0,0,0,0
MIZORAM,2012,BORSTAL SCHOOL,0,0,0,0,0,0,0
MIZORAM,2012,OPEN JAIL,0,0,0,0,0,0,0
MIZORAM,2012,SPECIAL JAIL,0,0,0,0,0,0,0
MIZORAM,2012,OTHERS,0,0,0,0,0,0,0
MIZORAM,2012,TOTAL,7,1092,210,1302,785,62,847
NAGALAND,2001,CENTRAL JAIL,1,550,50,600,317,0,317
NAGALAND,2001,DISTRICT JAIL,3,333,17,350,219,6,225
NAGALAND,2001,SUB JAIL,5,197,13,210,109,14,123
NAGALAND,2001,WOMEN JAIL,0,0,0,0,0,0,0
NAGALAND,2001,BORSTAL SCHOOL,0,0,0,0,0,0,0
NAGALAND,2001,OPEN JAIL,0,0,0,0,0,0,0
NAGALAND,2001,SPECIAL JAIL,0,0,0,0,0,0,0
NAGALAND,2001,OTHERS,0,0,0,0,0,0,0
NAGALAND,2001,TOTAL,9,1080,80,1160,645,20,665
NAGALAND,2002,CENTRAL JAIL,1,550,50,600,327,0,327
NAGALAND,2002,DISTRICT JAIL,3,333,17,350,196,5,201
NAGALAND,2002,SUB JAIL,5,197,13,210,96,7,103
NAGALAND,2002,WOMEN JAIL,0,0,0,0,0,0,0
NAGALAND,2002,BORSTAL SCHOOL,0,0,0,0,0,0,0
NAGALAND,2002,OPEN JAIL,0,0,0,0,0,0,0
NAGALAND,2002,SPECIAL JAIL,0,0,0,0,0,0,0
NAGALAND,2002,OTHERS,0,0,0,0,0,0,0
NAGALAND,2002,TOTAL,9,1080,80,1160,619,12,631
NAGALAND,2003,CENTRAL JAIL,1,550,50,600,263,0,263
NAGALAND,2003,DISTRICT JAIL,3,333,17,350,198,7,205
NAGALAND,2003,SUB JAIL,5,197,13,210,93,7,100
NAGALAND,2003,WOMEN JAIL,0,0,0,0,0,0,0
NAGALAND,2003,BORSTAL SCHOOL,0,0,0,0,0,0,0
NAGALAND,2003,OPEN JAIL,0,0,0,0,0,0,0
NAGALAND,2003,SPECIAL JAIL,0,0,0,0,0,0,0
NAGALAND,2003,OTHERS,0,0,0,0,0,0,0
NAGALAND,2003,TOTAL,9,1080,80,1160,554,14,568
NAGALAND,2004,CENTRAL JAIL,1,550,50,600,260,0,260
NAGALAND,2004,DISTRICT JAIL,3,333,17,350,156,10,166
NAGALAND,2004,SUB JAIL,5,197,13,210,156,7,163
NAGALAND,2004,WOMEN JAIL,0,0,0,0,0,0,0
NAGALAND,2004,BORSTAL SCHOOL,0,0,0,0,0,0,0
NAGALAND,2004,OPEN JAIL,0,0,0,0,0,0,0
NAGALAND,2004,SPECIAL JAIL,0,0,0,0,0,0,0
NAGALAND,2004,OTHERS,0,0,0,0,0,0,0
NAGALAND,2004,TOTAL,9,1080,80,1160,572,17,589
NAGALAND,2005,CENTRAL JAIL,1,550,50,600,275,0,275
NAGALAND,2005,DISTRICT JAIL,3,333,17,350,193,5,198
NAGALAND,2005,SUB JAIL,5,197,13,210,137,15,152
NAGALAND,2005,WOMEN JAIL,0,0,0,0,0,0,0
NAGALAND,2005,BORSTAL SCHOOL,0,0,0,0,0,0,0
NAGALAND,2005,OPEN JAIL,0,0,0,0,0,0,0
NAGALAND,2005,SPECIAL JAIL,0,0,0,0,0,0,0
NAGALAND,2005,OTHERS,0,0,0,0,0,0,0
NAGALAND,2005,TOTAL,9,1080,80,1160,605,20,625
NAGALAND,2006,CENTRAL JAIL,1,550,50,600,256,0,256
NAGALAND,2006,DISTRICT JAIL,3,333,17,350,173,5,178
NAGALAND,2006,SUB JAIL,6,247,23,270,217,23,240
NAGALAND,2006,WOMEN JAIL,0,0,0,0,0,0,0
NAGALAND,2006,BORSTAL SCHOOL,0,0,0,0,0,0,0
NAGALAND,2006,OPEN JAIL,0,0,0,0,0,0,0
NAGALAND,2006,SPECIAL JAIL,0,0,0,0,0,0,0
NAGALAND,2006,OTHERS,0,0,0,0,0,0,0
NAGALAND,2006,TOTAL,10,1130,90,1220,646,28,674
NAGALAND,2007,CENTRAL JAIL,1,550,50,600,199,0,199
NAGALAND,2007,DISTRICT JAIL,3,310,40,350,141,7,148
NAGALAND,2007,SUB JAIL,6,295,45,340,143,11,154
NAGALAND,2007,WOMEN JAIL,0,0,0,0,0,0,0
NAGALAND,2007,BORSTAL SCHOOL,0,0,0,0,0,0,0
NAGALAND,2007,OPEN JAIL,0,0,0,0,0,0,0
NAGALAND,2007,SPECIAL JAIL,0,0,0,0,0,0,0
NAGALAND,2007,OTHERS,0,0,0,0,0,0,0
NAGALAND,2007,TOTAL,10,1155,135,1290,483,18,501
NAGALAND,2008,CENTRAL JAIL,1,550,50,600,294,0,294
NAGALAND,2008,DISTRICT JAIL,3,320,30,350,136,3,139
NAGALAND,2008,SUB JAIL,6,245,25,270,173,13,186
NAGALAND,2008,WOMEN JAIL,0,0,0,0,0,0,0
NAGALAND,2008,BORSTAL SCHOOL,0,0,0,0,0,0,0
NAGALAND,2008,OPEN JAIL,0,0,0,0,0,0,0
NAGALAND,2008,SPECIAL JAIL,0,0,0,0,0,0,0
NAGALAND,2008,OTHERS,0,0,0,0,0,0,0
NAGALAND,2008,TOTAL,10,1115,105,1220,603,16,619
NAGALAND,2009,CENTRAL JAIL,1,600,0,600,283,0,283
NAGALAND,2009,DISTRICT JAIL,3,310,40,350,128,4,132
NAGALAND,2009,SUB JAIL,6,295,45,340,195,13,208
NAGALAND,2009,WOMEN JAIL,0,0,0,0,0,0,0
NAGALAND,2009,BORSTAL SCHOOL,0,0,0,0,0,0,0
NAGALAND,2009,OPEN JAIL,0,0,0,0,0,0,0
NAGALAND,2009,SPECIAL JAIL,0,0,0,0,0,0,0
NAGALAND,2009,OTHERS,0,0,0,0,0,0,0
NAGALAND,2009,TOTAL,10,1205,85,1290,606,17,623
NAGALAND,2010,CENTRAL JAIL,1,550,50,600,281,0,281
NAGALAND,2010,DISTRICT JAIL,3,340,50,390,122,5,127
NAGALAND,2010,SUB JAIL,7,300,100,400,100,13,113
NAGALAND,2010,WOMEN JAIL,0,0,0,0,0,0,0
NAGALAND,2010,BORSTAL SCHOOL,0,0,0,0,0,0,0
NAGALAND,2010,OPEN JAIL,0,0,0,0,0,0,0
NAGALAND,2010,SPECIAL JAIL,0,0,0,0,0,0,0
NAGALAND,2010,OTHERS,0,0,0,0,0,0,0
NAGALAND,2010,TOTAL,11,1190,200,1390,503,18,521
NAGALAND,2011,CENTRAL JAIL,1,550,50,600,250,0,250
NAGALAND,2011,DISTRICT JAIL,3,340,50,390,127,3,130
NAGALAND,2011,SUB JAIL,7,350,110,460,109,13,122
NAGALAND,2011,WOMEN JAIL,0,0,0,0,0,0,0
NAGALAND,2011,BORSTAL SCHOOL,0,0,0,0,0,0,0
NAGALAND,2011,OPEN JAIL,0,0,0,0,0,0,0
NAGALAND,2011,SPECIAL JAIL,0,0,0,0,0,0,0
NAGALAND,2011,OTHERS,0,0,0,0,0,0,0
NAGALAND,2011,TOTAL,11,1240,210,1450,486,16,502
NAGALAND,2012,CENTRAL JAIL,1,550,50,600,153,0,153
NAGALAND,2012,DISTRICT JAIL,3,340,50,390,100,5,105
NAGALAND,2012,SUB JAIL,7,350,110,460,129,11,140
NAGALAND,2012,WOMEN JAIL,0,0,0,0,0,0,0
NAGALAND,2012,BORSTAL SCHOOL,0,0,0,0,0,0,0
NAGALAND,2012,OPEN JAIL,0,0,0,0,0,0,0
NAGALAND,2012,SPECIAL JAIL,0,0,0,0,0,0,0
NAGALAND,2012,OTHERS,0,0,0,0,0,0,0
NAGALAND,2012,TOTAL,11,1240,210,1450,382,16,398
ORISSA,2001,CENTRAL JAIL,0,0,0,0,0,0,0
ORISSA,2001,DISTRICT JAIL,13,3842,165,4007,5546,89,5635
ORISSA,2001,SUB JAIL,51,2593,277,2870,4355,155,4510
ORISSA,2001,WOMEN JAIL,1,0,55,55,0,40,40
ORISSA,2001,BORSTAL SCHOOL,1,91,6,97,257,0,257
ORISSA,2001,OPEN JAIL,0,0,0,0,0,0,0
ORISSA,2001,SPECIAL JAIL,2,483,30,513,1216,17,1233
ORISSA,2001,OTHERS,0,0,0,0,0,0,0
ORISSA,2001,TOTAL,68,7009,533,7542,11374,301,11675
ORISSA,2002,CENTRAL JAIL,0,0,0,0,0,0,0
ORISSA,2002,DISTRICT JAIL,13,3842,165,4007,5963,143,6106
ORISSA,2002,SUB JAIL,51,2593,277,2870,4802,157,4959
ORISSA,2002,WOMEN JAIL,1,0,55,55,0,14,14
ORISSA,2002,BORSTAL SCHOOL,1,91,6,97,228,0,228
ORISSA,2002,OPEN JAIL,0,0,0,0,0,0,0
ORISSA,2002,SPECIAL JAIL,2,483,30,513,1303,27,1330
ORISSA,2002,OTHERS,0,0,0,0,0,0,0
ORISSA,2002,TOTAL,68,7009,533,7542,12296,341,12637
ORISSA,2003,CENTRAL JAIL,0,0,0,0,0,0,0
ORISSA,2003,DISTRICT JAIL,13,3842,165,4007,6176,154,6330
ORISSA,2003,SUB JAIL,51,2593,277,2870,5005,153,5158
ORISSA,2003,WOMEN JAIL,1,0,55,55,0,20,20
ORISSA,2003,BORSTAL SCHOOL,1,91,6,97,225,0,225
ORISSA,2003,OPEN JAIL,0,0,0,0,0,0,0
ORISSA,2003,SPECIAL JAIL,2,483,30,513,1205,29,1234
ORISSA,2003,OTHERS,0,0,0,0,0,0,0
ORISSA,2003,TOTAL,68,7009,533,7542,12611,356,12967
ORISSA,2004,CENTRAL JAIL,0,0,0,0,0,0,0
ORISSA,2004,DISTRICT JAIL,13,4072,164,4236,6380,157,6537
ORISSA,2004,SUB JAIL,52,2707,298,3005,4992,159,5151
ORISSA,2004,WOMEN JAIL,1,0,55,55,0,14,14
ORISSA,2004,BORSTAL SCHOOL,1,91,6,97,237,0,237
ORISSA,2004,OPEN JAIL,1,100,0,100,50,0,50
ORISSA,2004,SPECIAL JAIL,2,483,30,513,1138,31,1169
ORISSA,2004,OTHERS,0,0,0,0,0,0,0
ORISSA,2004,TOTAL,70,7453,553,8006,12797,361,13158
ORISSA,2005,CENTRAL JAIL,0,0,0,0,0,0,0
ORISSA,2005,DISTRICT JAIL,13,4396,171,4567,6706,158,6864
ORISSA,2005,SUB JAIL,52,2947,328,3275,5254,223,5477
ORISSA,2005,WOMEN JAIL,1,0,55,55,0,28,28
ORISSA,2005,BORSTAL SCHOOL,1,91,6,97,307,0,307
ORISSA,2005,OPEN JAIL,1,100,0,100,39,0,39
ORISSA,2005,SPECIAL JAIL,2,1043,30,1073,1222,21,1243
ORISSA,2005,OTHERS,0,0,0,0,0,0,0
ORISSA,2005,TOTAL,70,8577,590,9167,13528,430,13958
ORISSA,2006,CENTRAL JAIL,0,0,0,0,0,0,0
ORISSA,2006,DISTRICT JAIL,13,4266,164,4430,6997,193,7190
ORISSA,2006,SUB JAIL,52,3037,333,3370,5596,231,5827
ORISSA,2006,WOMEN JAIL,1,0,55,55,0,21,21
ORISSA,2006,BORSTAL SCHOOL,0,0,0,0,0,0,0
ORISSA,2006,OPEN JAIL,1,100,0,100,68,0,68
ORISSA,2006,SPECIAL JAIL,2,1043,30,1073,1248,33,1281
ORISSA,2006,OTHERS,1,91,6,97,257,0,257
ORISSA,2006,TOTAL,70,8537,588,9125,14166,478,14644
ORISSA,2007,CENTRAL JAIL,0,0,0,0,0,0,0
ORISSA,2007,DISTRICT JAIL,13,5311,164,5475,7262,270,7532
ORISSA,2007,SUB JAIL,52,3466,337,3803,5837,288,6125
ORISSA,2007,WOMEN JAIL,1,0,55,55,0,28,28
ORISSA,2007,BORSTAL SCHOOL,0,0,0,0,0,0,0
ORISSA,2007,OPEN JAIL,1,100,0,100,59,0,59
ORISSA,2007,SPECIAL JAIL,2,1043,30,1073,1306,34,1340
ORISSA,2007,OTHERS,1,91,6,97,284,0,284
ORISSA,2007,TOTAL,70,10011,592,10603,14748,620,15368
ORISSA,2008,CENTRAL JAIL,0,0,0,0,0,0,0
ORISSA,2008,DISTRICT JAIL,13,5593,166,5759,6692,198,6890
ORISSA,2008,SUB JAIL,59,5646,569,6215,5552,247,5799
ORISSA,2008,WOMEN JAIL,1,0,55,55,0,28,28
ORISSA,2008,BORSTAL SCHOOL,0,0,0,0,0,0,0
ORISSA,2008,OPEN JAIL,1,100,0,100,102,0,102
ORISSA,2008,SPECIAL JAIL,2,1043,30,1073,1194,41,1235
ORISSA,2008,OTHERS,1,91,6,97,310,9,319
ORISSA,2008,TOTAL,77,12473,826,13299,13850,523,14373
ORISSA,2009,CENTRAL JAIL,4,2666,67,2733,2377,88,2465
ORISSA,2009,DISTRICT JAIL,9,3127,109,3236,3464,116,3580
ORISSA,2009,SUB JAIL,62,6573,887,7460,5671,223,5894
ORISSA,2009,WOMEN JAIL,1,0,55,55,0,19,19
ORISSA,2009,BORSTAL SCHOOL,0,0,0,0,0,0,0
ORISSA,2009,OPEN JAIL,1,150,0,150,98,0,98
ORISSA,2009,SPECIAL JAIL,2,1043,30,1073,1113,46,1159
ORISSA,2009,OTHERS,1,211,6,217,312,7,319
ORISSA,2009,TOTAL,80,13770,1154,14924,13035,499,13534
ORISSA,2010,CENTRAL JAIL,4,2666,67,2733,2115,60,2175
ORISSA,2010,DISTRICT JAIL,10,3394,115,3509,3508,126,3634
ORISSA,2010,SUB JAIL,66,7854,926,8780,5231,244,5475
ORISSA,2010,WOMEN JAIL,1,0,55,55,0,21,21
ORISSA,2010,BORSTAL SCHOOL,0,0,0,0,0,0,0
ORISSA,2010,OPEN JAIL,1,150,0,150,112,0,112
ORISSA,2010,SPECIAL JAIL,2,1373,239,1612,973,39,1012
ORISSA,2010,OTHERS,0,0,0,0,0,0,0
ORISSA,2010,TOTAL,84,15437,1402,16839,11939,490,12429
ORISSA,2011,CENTRAL JAIL,4,2666,67,2733,2163,76,2239
ORISSA,2011,DISTRICT JAIL,10,3397,122,3519,3237,104,3341
ORISSA,2011,SUB JAIL,66,10318,1555,11873,5884,203,6087
ORISSA,2011,WOMEN JAIL,1,0,55,55,0,22,22
ORISSA,2011,BORSTAL SCHOOL,0,0,0,0,0,0,0
ORISSA,2011,OPEN JAIL,1,150,0,150,65,0,65
ORISSA,2011,SPECIAL JAIL,2,1343,30,1373,961,38,999
ORISSA,2011,OTHERS,0,0,0,0,0,0,0
ORISSA,2011,TOTAL,84,17874,1829,19703,12310,443,12753
ORISSA,2012,CENTRAL JAIL,5,3010,109,3119,2686,92,2778
ORISSA,2012,DISTRICT JAIL,9,2728,165,2893,2803,84,2887
ORISSA,2012,SUB JAIL,67,8996,1276,10272,5782,244,6026
ORISSA,2012,WOMEN JAIL,1,0,52,52,0,19,19
ORISSA,2012,BORSTAL SCHOOL,0,0,0,0,0,0,0
ORISSA,2012,OPEN JAIL,1,125,0,125,100,0,100
ORISSA,2012,SPECIAL JAIL,2,1512,39,1551,1020,37,1057
ORISSA,2012,OTHERS,0,0,0,0,0,0,0
ORISSA,2012,TOTAL,85,16371,1641,18012,12391,476,12867
PUNJAB,2001,CENTRAL JAIL,7,6587,149,6736,8885,334,9219
PUNJAB,2001,DISTRICT JAIL,4,1112,18,1130,1307,84,1391
PUNJAB,2001,SUB JAIL,10,776,0,776,808,0,808
PUNJAB,2001,WOMEN JAIL,1,0,150,150,0,210,210
PUNJAB,2001,BORSTAL SCHOOL,1,300,0,300,327,0,327
PUNJAB,2001,OPEN JAIL,2,200,0,200,22,0,22
PUNJAB,2001,SPECIAL JAIL,1,562,0,562,77,0,77
PUNJAB,2001,OTHERS,0,0,0,0,0,0,0
PUNJAB,2001,TOTAL,26,9537,317,9854,11426,628,12054
PUNJAB,2002,CENTRAL JAIL,7,6587,149,6736,8409,355,8764
PUNJAB,2002,DISTRICT JAIL,5,1674,18,1692,1715,126,1841
PUNJAB,2002,SUB JAIL,10,776,0,776,902,0,902
PUNJAB,2002,WOMEN JAIL,1,0,150,150,0,249,249
PUNJAB,2002,BORSTAL SCHOOL,1,300,0,300,328,0,328
PUNJAB,2002,OPEN JAIL,2,200,0,200,25,0,25
PUNJAB,2002,SPECIAL JAIL,0,0,0,0,0,0,0
PUNJAB,2002,OTHERS,0,0,0,0,0,0,0
PUNJAB,2002,TOTAL,26,9537,317,9854,11379,730,12109
PUNJAB,2003,CENTRAL JAIL,7,6587,149,6736,9488,405,9893
PUNJAB,2003,DISTRICT JAIL,5,1112,18,1130,1935,131,2066
PUNJAB,2003,SUB JAIL,10,776,0,776,615,0,615
PUNJAB,2003,WOMEN JAIL,1,0,150,150,0,266,266
PUNJAB,2003,BORSTAL SCHOOL,1,300,0,300,359,0,359
PUNJAB,2003,OPEN JAIL,2,200,0,200,33,0,33
PUNJAB,2003,SPECIAL JAIL,0,0,0,0,0,0,0
PUNJAB,2003,OTHERS,0,0,0,0,0,0,0
PUNJAB,2003,TOTAL,26,8975,317,9292,12430,802,13232
PUNJAB,2004,CENTRAL JAIL,7,7484,252,7736,10733,356,11089
PUNJAB,2004,DISTRICT JAIL,5,1674,18,1692,2177,137,2314
PUNJAB,2004,SUB JAIL,11,676,0,676,933,0,933
PUNJAB,2004,WOMEN JAIL,1,0,150,150,0,282,282
PUNJAB,2004,BORSTAL SCHOOL,1,300,0,300,419,0,419
PUNJAB,2004,OPEN JAIL,1,200,0,200,27,0,27
PUNJAB,2004,SPECIAL JAIL,0,0,0,0,0,0,0
PUNJAB,2004,OTHERS,0,0,0,0,0,0,0
PUNJAB,2004,TOTAL,26,10334,420,10754,14289,775,15064
PUNJAB,2005,CENTRAL JAIL,7,7984,252,8236,10411,424,10835
PUNJAB,2005,DISTRICT JAIL,5,1694,18,1712,2011,128,2139
PUNJAB,2005,SUB JAIL,11,676,0,676,1149,0,1149
PUNJAB,2005,WOMEN JAIL,1,0,150,150,0,228,228
PUNJAB,2005,BORSTAL SCHOOL,1,300,0,300,285,0,285
PUNJAB,2005,OPEN JAIL,1,200,0,200,42,0,42
PUNJAB,2005,SPECIAL JAIL,0,0,0,0,0,0,0
PUNJAB,2005,OTHERS,0,0,0,0,0,0,0
PUNJAB,2005,TOTAL,26,10854,420,11274,13898,780,14678
PUNJAB,2006,CENTRAL JAIL,7,7984,252,8236,10440,462,10902
PUNJAB,2006,DISTRICT JAIL,5,1694,18,1712,2320,108,2428
PUNJAB,2006,SUB JAIL,11,676,0,676,1300,0,1300
PUNJAB,2006,WOMEN JAIL,1,0,150,150,0,206,206
PUNJAB,2006,BORSTAL SCHOOL,1,300,0,300,250,0,250
PUNJAB,2006,OPEN JAIL,1,200,0,200,29,0,29
PUNJAB,2006,SPECIAL JAIL,0,0,0,0,0,0,0
PUNJAB,2006,OTHERS,0,0,0,0,0,0,0
PUNJAB,2006,TOTAL,26,10854,420,11274,14339,776,15115
PUNJAB,2007,CENTRAL JAIL,7,7795,478,8273,10733,512,11245
PUNJAB,2007,DISTRICT JAIL,5,1844,90,1934,2601,109,2710
PUNJAB,2007,SUB JAIL,11,676,0,676,1433,0,1433
PUNJAB,2007,WOMEN JAIL,1,0,320,320,0,214,214
PUNJAB,2007,BORSTAL SCHOOL,1,489,0,489,315,0,315
PUNJAB,2007,OPEN JAIL,1,50,0,50,55,0,55
PUNJAB,2007,SPECIAL JAIL,0,0,0,0,0,0,0
PUNJAB,2007,OTHERS,0,0,0,0,0,0,0
PUNJAB,2007,TOTAL,26,10854,888,11742,15137,835,15972
PUNJAB,2008,CENTRAL JAIL,7,7884,453,8337,10782,468,11250
PUNJAB,2008,DISTRICT JAIL,5,1654,136,1790,2620,150,2770
PUNJAB,2008,SUB JAIL,11,896,15,911,1387,0,1387
PUNJAB,2008,WOMEN JAIL,1,0,320,320,0,204,204
PUNJAB,2008,BORSTAL SCHOOL,1,489,0,489,445,0,445
PUNJAB,2008,OPEN JAIL,1,50,0,50,59,0,59
PUNJAB,2008,SPECIAL JAIL,0,0,0,0,0,0,0
PUNJAB,2008,OTHERS,0,0,0,0,0,0,0
PUNJAB,2008,TOTAL,26,10973,924,11897,15293,822,16115
PUNJAB,2009,CENTRAL JAIL,7,8112,502,8614,12106,561,12667
PUNJAB,2009,DISTRICT JAIL,6,1919,96,2015,3060,192,3252
PUNJAB,2009,SUB JAIL,10,647,0,647,1155,0,1155
PUNJAB,2009,WOMEN JAIL,1,0,150,150,0,228,228
PUNJAB,2009,BORSTAL SCHOOL,1,500,0,500,490,0,490
PUNJAB,2009,OPEN JAIL,1,50,0,50,62,0,62
PUNJAB,2009,SPECIAL JAIL,0,0,0,0,0,0,0
PUNJAB,2009,OTHERS,0,0,0,0,0,0,0
PUNJAB,2009,TOTAL,26,11228,748,11976,16873,981,17854
PUNJAB,2010,CENTRAL JAIL,7,8112,502,8614,11965,663,12628
PUNJAB,2010,DISTRICT JAIL,6,1919,96,2015,3051,162,3213
PUNJAB,2010,SUB JAIL,10,622,0,622,1156,0,1156
PUNJAB,2010,WOMEN JAIL,1,0,150,150,0,193,193
PUNJAB,2010,BORSTAL SCHOOL,1,500,0,500,396,0,396
PUNJAB,2010,OPEN JAIL,1,50,0,50,58,0,58
PUNJAB,2010,SPECIAL JAIL,0,0,0,0,0,0,0
PUNJAB,2010,OTHERS,0,0,0,0,0,0,0
PUNJAB,2010,TOTAL,26,11203,748,11951,16626,1018,17644
PUNJAB,2011,CENTRAL JAIL,7,8112,502,8614,11888,616,12504
PUNJAB,2011,DISTRICT JAIL,6,1919,96,2015,3291,179,3470
PUNJAB,2011,SUB JAIL,10,622,0,622,1109,0,1109
PUNJAB,2011,WOMEN JAIL,1,0,150,150,0,242,242
PUNJAB,2011,BORSTAL SCHOOL,1,500,0,500,456,0,456
PUNJAB,2011,OPEN JAIL,1,50,0,50,40,0,40
PUNJAB,2011,SPECIAL JAIL,0,0,0,0,0,0,0
PUNJAB,2011,OTHERS,0,0,0,0,0,0,0
PUNJAB,2011,TOTAL,26,11203,748,11951,16784,1037,17821
PUNJAB,2012,CENTRAL JAIL,8,11510,1065,12575,16209,762,16971
PUNJAB,2012,DISTRICT JAIL,6,2630,243,2873,3849,291,4140
PUNJAB,2012,SUB JAIL,9,1092,0,1092,1429,0,1429
PUNJAB,2012,WOMEN JAIL,1,0,320,320,0,222,222
PUNJAB,2012,BORSTAL SCHOOL,1,500,0,500,395,0,395
PUNJAB,2012,OPEN JAIL,1,50,0,50,62,0,62
PUNJAB,2012,SPECIAL JAIL,0,0,0,0,0,0,0
PUNJAB,2012,OTHERS,0,0,0,0,0,0,0
PUNJAB,2012,TOTAL,26,15782,1628,17410,21944,1275,23219
RAJASTHAN,2001,CENTRAL JAIL,7,6585,175,6760,6202,92,6294
RAJASTHAN,2001,DISTRICT JAIL,26,4751,223,4974,3931,107,4038
RAJASTHAN,2001,SUB JAIL,58,3032,281,3313,2161,27,2188
RAJASTHAN,2001,WOMEN JAIL,1,0,200,200,0,138,138
RAJASTHAN,2001,BORSTAL SCHOOL,1,90,0,90,33,0,33
RAJASTHAN,2001,OPEN JAIL,7,370,0,370,297,7,304
RAJASTHAN,2001,SPECIAL JAIL,0,0,0,0,0,0,0
RAJASTHAN,2001,OTHERS,0,0,0,0,0,0,0
RAJASTHAN,2001,TOTAL,100,14828,879,15707,12624,371,12995
RAJASTHAN,2002,CENTRAL JAIL,7,6585,175,6760,6047,56,6103
RAJASTHAN,2002,DISTRICT JAIL,26,4751,223,4974,3603,110,3713
RAJASTHAN,2002,SUB JAIL,58,3032,281,3313,1965,20,1985
RAJASTHAN,2002,WOMEN JAIL,1,0,200,200,0,196,196
RAJASTHAN,2002,BORSTAL SCHOOL,1,90,0,90,46,0,46
RAJASTHAN,2002,OPEN JAIL,7,370,0,370,332,11,343
RAJASTHAN,2002,SPECIAL JAIL,0,0,0,0,0,0,0
RAJASTHAN,2002,OTHERS,0,0,0,0,0,0,0
RAJASTHAN,2002,TOTAL,100,14828,879,15707,11993,393,12386
RAJASTHAN,2003,CENTRAL JAIL,8,7020,190,7210,7333,86,7419
RAJASTHAN,2003,DISTRICT JAIL,25,4316,208,4524,2748,79,2827
RAJASTHAN,2003,SUB JAIL,58,3032,281,3313,1874,21,1895
RAJASTHAN,2003,WOMEN JAIL,1,0,200,200,0,213,213
RAJASTHAN,2003,BORSTAL SCHOOL,1,90,0,90,39,0,39
RAJASTHAN,2003,OPEN JAIL,7,370,0,370,291,11,302
RAJASTHAN,2003,SPECIAL JAIL,0,0,0,0,0,0,0
RAJASTHAN,2003,OTHERS,0,0,0,0,0,0,0
RAJASTHAN,2003,TOTAL,100,14828,879,15707,12285,410,12695
RAJASTHAN,2004,CENTRAL JAIL,8,7020,190,7210,7439,93,7532
RAJASTHAN,2004,DISTRICT JAIL,25,4316,208,4524,2879,93,2972
RAJASTHAN,2004,SUB JAIL,58,3032,281,3313,2008,18,2026
RAJASTHAN,2004,WOMEN JAIL,1,0,200,200,0,215,215
RAJASTHAN,2004,BORSTAL SCHOOL,1,90,0,90,20,0,20
RAJASTHAN,2004,OPEN JAIL,9,441,0,441,391,15,406
RAJASTHAN,2004,SPECIAL JAIL,0,0,0,0,0,0,0
RAJASTHAN,2004,OTHERS,0,0,0,0,0,0,0
RAJASTHAN,2004,TOTAL,102,14899,879,15778,12737,434,13171
RAJASTHAN,2005,CENTRAL JAIL,8,7020,190,7210,6931,119,7050
RAJASTHAN,2005,DISTRICT JAIL,25,4316,208,4524,3305,81,3386
RAJASTHAN,2005,SUB JAIL,59,3082,281,3363,1901,9,1910
RAJASTHAN,2005,WOMEN JAIL,1,0,200,200,0,205,205
RAJASTHAN,2005,BORSTAL SCHOOL,1,90,0,90,32,0,32
RAJASTHAN,2005,OPEN JAIL,10,456,0,456,396,14,410
RAJASTHAN,2005,SPECIAL JAIL,0,0,0,0,0,0,0
RAJASTHAN,2005,OTHERS,0,0,0,0,0,0,0
RAJASTHAN,2005,TOTAL,104,14964,879,15843,12565,428,12993
RAJASTHAN,2006,CENTRAL JAIL,8,7927,191,8118,7556,97,7653
RAJASTHAN,2006,DISTRICT JAIL,25,4706,223,4929,3368,134,3502
RAJASTHAN,2006,SUB JAIL,59,3330,281,3611,2176,10,2186
RAJASTHAN,2006,WOMEN JAIL,2,0,350,350,0,215,215
RAJASTHAN,2006,BORSTAL SCHOOL,1,90,0,90,16,0,16
RAJASTHAN,2006,OPEN JAIL,10,456,0,456,396,15,411
RAJASTHAN,2006,SPECIAL JAIL,0,0,0,0,0,0,0
RAJASTHAN,2006,OTHERS,0,0,0,0,0,0,0
RAJASTHAN,2006,TOTAL,105,16509,1045,17554,13512,471,13983
RAJASTHAN,2007,CENTRAL JAIL,8,7927,191,8118,7901,120,8021
RAJASTHAN,2007,DISTRICT JAIL,25,4706,223,4929,3568,131,3699
RAJASTHAN,2007,SUB JAIL,59,3330,281,3611,2255,26,2281
RAJASTHAN,2007,WOMEN JAIL,2,0,350,350,0,242,242
RAJASTHAN,2007,BORSTAL SCHOOL,1,90,0,90,13,0,13
RAJASTHAN,2007,OPEN JAIL,10,456,0,456,416,15,431
RAJASTHAN,2007,SPECIAL JAIL,0,0,0,0,0,0,0
RAJASTHAN,2007,OTHERS,0,0,0,0,0,0,0
RAJASTHAN,2007,TOTAL,105,16509,1045,17554,14153,534,14687
RAJASTHAN,2008,CENTRAL JAIL,8,7927,191,8118,8046,92,8138
RAJASTHAN,2008,DISTRICT JAIL,25,4706,223,4929,4093,152,4245
RAJASTHAN,2008,SUB JAIL,59,3330,281,3611,2337,26,2363
RAJASTHAN,2008,WOMEN JAIL,2,0,350,350,0,259,259
RAJASTHAN,2008,BORSTAL SCHOOL,1,90,0,90,13,0,13
RAJASTHAN,2008,OPEN JAIL,13,529,0,529,484,18,502
RAJASTHAN,2008,SPECIAL JAIL,0,0,0,0,0,0,0
RAJASTHAN,2008,OTHERS,0,0,0,0,0,0,0
RAJASTHAN,2008,TOTAL,108,16582,1045,17627,14973,547,15520
RAJASTHAN,2009,CENTRAL JAIL,8,7927,191,8118,9081,148,9229
RAJASTHAN,2009,DISTRICT JAIL,25,4706,223,4929,5011,153,5164
RAJASTHAN,2009,SUB JAIL,59,3330,281,3611,2680,28,2708
RAJASTHAN,2009,WOMEN JAIL,2,0,350,350,0,312,312
RAJASTHAN,2009,BORSTAL SCHOOL,1,90,0,90,13,0,13
RAJASTHAN,2009,OPEN JAIL,13,529,0,529,491,15,506
RAJASTHAN,2009,SPECIAL JAIL,0,0,0,0,0,0,0
RAJASTHAN,2009,OTHERS,0,0,0,0,0,0,0
RAJASTHAN,2009,TOTAL,108,16582,1045,17627,17276,656,17932
RAJASTHAN,2010,CENTRAL JAIL,8,7927,191,8118,8647,120,8767
RAJASTHAN,2010,DISTRICT JAIL,25,4706,223,4929,4754,163,4917
RAJASTHAN,2010,SUB JAIL,59,3399,281,3680,2686,22,2708
RAJASTHAN,2010,WOMEN JAIL,2,0,350,350,0,287,287
RAJASTHAN,2010,BORSTAL SCHOOL,1,90,0,90,10,0,10
RAJASTHAN,2010,OPEN JAIL,23,629,0,629,490,15,505
RAJASTHAN,2010,SPECIAL JAIL,0,0,0,0,0,0,0
RAJASTHAN,2010,OTHERS,0,0,0,0,0,0,0
RAJASTHAN,2010,TOTAL,118,16751,1045,17796,16587,607,17194
RAJASTHAN,2011,CENTRAL JAIL,8,7927,191,8118,9028,147,9175
RAJASTHAN,2011,DISTRICT JAIL,25,4706,223,4929,5073,157,5230
RAJASTHAN,2011,SUB JAIL,60,3599,301,3900,2801,10,2811
RAJASTHAN,2011,WOMEN JAIL,2,0,350,350,0,322,322
RAJASTHAN,2011,BORSTAL SCHOOL,1,90,0,90,9,0,9
RAJASTHAN,2011,OPEN JAIL,23,629,0,629,543,14,557
RAJASTHAN,2011,SPECIAL JAIL,0,0,0,0,0,0,0
RAJASTHAN,2011,OTHERS,0,0,0,0,0,0,0
RAJASTHAN,2011,TOTAL,119,16951,1065,18016,17454,650,18104
RAJASTHAN,2012,CENTRAL JAIL,8,7907,106,8013,9500,130,9630
RAJASTHAN,2012,DISTRICT JAIL,25,3608,201,3809,5688,189,5877
RAJASTHAN,2012,SUB JAIL,60,3105,263,3368,2885,6,2891
RAJASTHAN,2012,WOMEN JAIL,2,0,469,469,0,358,358
RAJASTHAN,2012,BORSTAL SCHOOL,1,312,0,312,18,0,18
RAJASTHAN,2012,OPEN JAIL,23,628,1,629,565,12,577
RAJASTHAN,2012,SPECIAL JAIL,0,0,0,0,0,0,0
RAJASTHAN,2012,OTHERS,0,0,0,0,0,0,0
RAJASTHAN,2012,TOTAL,119,15560,1040,16600,18656,695,19351
SIKKIM,2001,CENTRAL JAIL,1,75,25,100,186,0,186
SIKKIM,2001,DISTRICT JAIL,0,0,0,0,0,0,0
SIKKIM,2001,SUB JAIL,0,0,0,0,0,0,0
SIKKIM,2001,WOMEN JAIL,0,0,0,0,0,0,0
SIKKIM,2001,BORSTAL SCHOOL,0,0,0,0,0,0,0
SIKKIM,2001,OPEN JAIL,0,0,0,0,0,0,0
SIKKIM,2001,SPECIAL JAIL,0,0,0,0,0,0,0
SIKKIM,2001,OTHERS,0,0,0,0,0,0,0
SIKKIM,2001,TOTAL,1,75,25,100,186,0,186
SIKKIM,2002,CENTRAL JAIL,1,75,25,100,170,2,172
SIKKIM,2002,DISTRICT JAIL,0,0,0,0,0,0,0
SIKKIM,2002,SUB JAIL,0,0,0,0,0,0,0
SIKKIM,2002,WOMEN JAIL,0,0,0,0,0,0,0
SIKKIM,2002,BORSTAL SCHOOL,0,0,0,0,0,0,0
SIKKIM,2002,OPEN JAIL,0,0,0,0,0,0,0
SIKKIM,2002,SPECIAL JAIL,0,0,0,0,0,0,0
SIKKIM,2002,OTHERS,0,0,0,0,0,0,0
SIKKIM,2002,TOTAL,1,75,25,100,170,2,172
SIKKIM,2003,CENTRAL JAIL,1,75,25,100,167,4,171
SIKKIM,2003,DISTRICT JAIL,0,0,0,0,0,0,0
SIKKIM,2003,SUB JAIL,0,0,0,0,0,0,0
SIKKIM,2003,WOMEN JAIL,0,0,0,0,0,0,0
SIKKIM,2003,BORSTAL SCHOOL,0,0,0,0,0,0,0
SIKKIM,2003,OPEN JAIL,0,0,0,0,0,0,0
SIKKIM,2003,SPECIAL JAIL,0,0,0,0,0,0,0
SIKKIM,2003,OTHERS,0,0,0,0,0,0,0
SIKKIM,2003,TOTAL,1,75,25,100,167,4,171
SIKKIM,2004,CENTRAL JAIL,1,75,25,100,160,2,162
SIKKIM,2004,DISTRICT JAIL,0,0,0,0,0,0,0
SIKKIM,2004,SUB JAIL,0,0,0,0,0,0,0
SIKKIM,2004,WOMEN JAIL,0,0,0,0,0,0,0
SIKKIM,2004,BORSTAL SCHOOL,0,0,0,0,0,0,0
SIKKIM,2004,OPEN JAIL,0,0,0,0,0,0,0
SIKKIM,2004,SPECIAL JAIL,0,0,0,0,0,0,0
SIKKIM,2004,OTHERS,0,0,0,0,0,0,0
SIKKIM,2004,TOTAL,1,75,25,100,160,2,162
SIKKIM,2005,CENTRAL JAIL,1,75,25,100,188,7,195
SIKKIM,2005,DISTRICT JAIL,0,0,0,0,0,0,0
SIKKIM,2005,SUB JAIL,0,0,0,0,0,0,0
SIKKIM,2005,WOMEN JAIL,0,0,0,0,0,0,0
SIKKIM,2005,BORSTAL SCHOOL,0,0,0,0,0,0,0
SIKKIM,2005,OPEN JAIL,0,0,0,0,0,0,0
SIKKIM,2005,SPECIAL JAIL,0,0,0,0,0,0,0
SIKKIM,2005,OTHERS,0,0,0,0,0,0,0
SIKKIM,2005,TOTAL,1,75,25,100,188,7,195
SIKKIM,2006,CENTRAL JAIL,1,100,21,121,222,3,225
SIKKIM,2006,DISTRICT JAIL,0,0,0,0,0,0,0
SIKKIM,2006,SUB JAIL,0,0,0,0,0,0,0
SIKKIM,2006,WOMEN JAIL,0,0,0,0,0,0,0
SIKKIM,2006,BORSTAL SCHOOL,0,0,0,0,0,0,0
SIKKIM,2006,OPEN JAIL,0,0,0,0,0,0,0
SIKKIM,2006,SPECIAL JAIL,0,0,0,0,0,0,0
SIKKIM,2006,OTHERS,0,0,0,0,0,0,0
SIKKIM,2006,TOTAL,1,100,21,121,222,3,225
SIKKIM,2007,CENTRAL JAIL,1,116,20,136,173,4,177
SIKKIM,2007,DISTRICT JAIL,1,41,19,60,49,0,49
SIKKIM,2007,SUB JAIL,0,0,0,0,0,0,0
SIKKIM,2007,WOMEN JAIL,0,0,0,0,0,0,0
SIKKIM,2007,BORSTAL SCHOOL,0,0,0,0,0,0,0
SIKKIM,2007,OPEN JAIL,0,0,0,0,0,0,0
SIKKIM,2007,SPECIAL JAIL,0,0,0,0,0,0,0
SIKKIM,2007,OTHERS,0,0,0,0,0,0,0
SIKKIM,2007,TOTAL,2,157,39,196,222,4,226
SIKKIM,2008,CENTRAL JAIL,1,119,20,139,172,8,180
SIKKIM,2008,DISTRICT JAIL,1,41,19,60,79,1,80
SIKKIM,2008,SUB JAIL,0,0,0,0,0,0,0
SIKKIM,2008,WOMEN JAIL,0,0,0,0,0,0,0
SIKKIM,2008,BORSTAL SCHOOL,0,0,0,0,0,0,0
SIKKIM,2008,OPEN JAIL,0,0,0,0,0,0,0
SIKKIM,2008,SPECIAL JAIL,0,0,0,0,0,0,0
SIKKIM,2008,OTHERS,0,0,0,0,0,0,0
SIKKIM,2008,TOTAL,2,160,39,199,251,9,260
SIKKIM,2009,CENTRAL JAIL,1,119,28,147,128,6,134
SIKKIM,2009,DISTRICT JAIL,1,41,19,60,58,1,59
SIKKIM,2009,SUB JAIL,0,0,0,0,0,0,0
SIKKIM,2009,WOMEN JAIL,0,0,0,0,0,0,0
SIKKIM,2009,BORSTAL SCHOOL,0,0,0,0,0,0,0
SIKKIM,2009,OPEN JAIL,0,0,0,0,0,0,0
SIKKIM,2009,SPECIAL JAIL,0,0,0,0,0,0,0
SIKKIM,2009,OTHERS,0,0,0,0,0,0,0
SIKKIM,2009,TOTAL,2,160,47,207,186,7,193
SIKKIM,2010,CENTRAL JAIL,1,119,28,147,138,5,143
SIKKIM,2010,DISTRICT JAIL,1,41,19,60,62,2,64
SIKKIM,2010,SUB JAIL,0,0,0,0,0,0,0
SIKKIM,2010,WOMEN JAIL,0,0,0,0,0,0,0
SIKKIM,2010,BORSTAL SCHOOL,0,0,0,0,0,0,0
SIKKIM,2010,OPEN JAIL,0,0,0,0,0,0,0
SIKKIM,2010,SPECIAL JAIL,0,0,0,0,0,0,0
SIKKIM,2010,OTHERS,0,0,0,0,0,0,0
SIKKIM,2010,TOTAL,2,160,47,207,200,7,207
SIKKIM,2011,CENTRAL JAIL,1,119,28,147,129,2,131
SIKKIM,2011,DISTRICT JAIL,1,41,19,60,59,0,59
SIKKIM,2011,SUB JAIL,0,0,0,0,0,0,0
SIKKIM,2011,WOMEN JAIL,0,0,0,0,0,0,0
SIKKIM,2011,BORSTAL SCHOOL,0,0,0,0,0,0,0
SIKKIM,2011,OPEN JAIL,0,0,0,0,0,0,0
SIKKIM,2011,SPECIAL JAIL,0,0,0,0,0,0,0
SIKKIM,2011,OTHERS,0,0,0,0,0,0,0
SIKKIM,2011,TOTAL,2,160,47,207,188,2,190
SIKKIM,2012,CENTRAL JAIL,1,119,28,147,160,2,162
SIKKIM,2012,DISTRICT JAIL,1,41,19,60,70,4,74
SIKKIM,2012,SUB JAIL,0,0,0,0,0,0,0
SIKKIM,2012,WOMEN JAIL,0,0,0,0,0,0,0
SIKKIM,2012,BORSTAL SCHOOL,0,0,0,0,0,0,0
SIKKIM,2012,OPEN JAIL,0,0,0,0,0,0,0
SIKKIM,2012,SPECIAL JAIL,0,0,0,0,0,0,0
SIKKIM,2012,OTHERS,0,0,0,0,0,0,0
SIKKIM,2012,TOTAL,2,160,47,207,230,6,236
TAMILNADU,2001,CENTRAL JAIL,9,13522,246,13768,14622,58,14680
TAMILNADU,2001,DISTRICT JAIL,0,0,0,0,0,0,0
TAMILNADU,2001,SUB JAIL,114,3162,510,3672,4371,927,5298
TAMILNADU,2001,WOMEN JAIL,2,0,513,513,0,825,825
TAMILNADU,2001,BORSTAL SCHOOL,1,405,0,405,25,0,25
TAMILNADU,2001,OPEN JAIL,1,100,0,100,11,0,11
TAMILNADU,2001,SPECIAL JAIL,6,732,58,790,271,150,421
TAMILNADU,2001,OTHERS,0,0,0,0,0,0,0
TAMILNADU,2001,TOTAL,133,17921,1327,19248,19300,1960,21260
TAMILNADU,2002,CENTRAL JAIL,9,12776,46,12822,16283,49,16332
TAMILNADU,2002,DISTRICT JAIL,0,0,0,0,0,0,0
TAMILNADU,2002,SUB JAIL,113,2897,718,3615,3426,531,3957
TAMILNADU,2002,WOMEN JAIL,2,0,513,513,0,1080,1080
TAMILNADU,2002,BORSTAL SCHOOL,1,405,0,405,25,0,25
TAMILNADU,2002,OPEN JAIL,1,100,0,100,16,0,16
TAMILNADU,2002,SPECIAL JAIL,7,653,194,847,356,129,485
TAMILNADU,2002,OTHERS,0,0,0,0,0,0,0
TAMILNADU,2002,TOTAL,133,16831,1471,18302,20106,1789,21895
TAMILNADU,2003,CENTRAL JAIL,9,12776,46,12822,16407,184,16591
TAMILNADU,2003,DISTRICT JAIL,0,0,0,0,0,0,0
TAMILNADU,2003,SUB JAIL,113,2897,718,3615,4153,478,4631
TAMILNADU,2003,WOMEN JAIL,2,0,513,513,0,863,863
TAMILNADU,2003,BORSTAL SCHOOL,1,405,0,405,11,0,11
TAMILNADU,2003,OPEN JAIL,1,100,0,100,89,0,89
TAMILNADU,2003,SPECIAL JAIL,6,693,194,887,137,331,468
TAMILNADU,2003,OTHERS,1,10,0,10,0,0,0
TAMILNADU,2003,TOTAL,133,16881,1471,18352,20797,1856,22653
TAMILNADU,2004,CENTRAL JAIL,9,12728,84,12812,16109,100,16209
TAMILNADU,2004,DISTRICT JAIL,0,0,0,0,0,0,0
TAMILNADU,2004,SUB JAIL,113,3268,347,3615,2859,688,3547
TAMILNADU,2004,WOMEN JAIL,2,0,513,513,0,828,828
TAMILNADU,2004,BORSTAL SCHOOL,1,405,0,405,9,0,9
TAMILNADU,2004,OPEN JAIL,1,100,0,100,89,0,89
TAMILNADU,2004,SPECIAL JAIL,6,279,418,697,197,214,411
TAMILNADU,2004,OTHERS,1,10,0,10,9,0,9
TAMILNADU,2004,TOTAL,133,16790,1362,18152,19272,1830,21102
TAMILNADU,2005,CENTRAL JAIL,8,12728,84,12812,15731,104,15835
TAMILNADU,2005,DISTRICT JAIL,0,0,0,0,0,0,0
TAMILNADU,2005,SUB JAIL,113,3230,602,3832,3106,621,3727
TAMILNADU,2005,WOMEN JAIL,2,0,513,513,0,862,862
TAMILNADU,2005,BORSTAL SCHOOL,1,405,0,405,11,0,11
TAMILNADU,2005,OPEN JAIL,1,100,0,100,85,0,85
TAMILNADU,2005,SPECIAL JAIL,7,159,84,243,129,22,151
TAMILNADU,2005,OTHERS,1,10,0,10,10,0,10
TAMILNADU,2005,TOTAL,133,16632,1283,17915,19072,1609,20681
TAMILNADU,2006,CENTRAL JAIL,9,12272,84,12356,13940,44,13984
TAMILNADU,2006,DISTRICT JAIL,6,159,84,243,61,119,180
TAMILNADU,2006,SUB JAIL,113,3230,602,3832,2749,502,3251
TAMILNADU,2006,WOMEN JAIL,2,0,513,513,0,789,789
TAMILNADU,2006,BORSTAL SCHOOL,1,405,0,405,339,0,339
TAMILNADU,2006,OPEN JAIL,1,100,0,100,53,0,53
TAMILNADU,2006,SPECIAL JAIL,1,10,0,10,10,0,10
TAMILNADU,2006,OTHERS,1,40,0,40,50,0,50
TAMILNADU,2006,TOTAL,134,16216,1283,17499,17202,1454,18656
TAMILNADU,2007,CENTRAL JAIL,9,14093,0,14093,12957,49,13006
TAMILNADU,2007,DISTRICT JAIL,4,877,0,877,444,0,444
TAMILNADU,2007,SUB JAIL,109,3131,360,3491,1718,238,1956
TAMILNADU,2007,WOMEN JAIL,3,0,1013,1013,0,824,824
TAMILNADU,2007,BORSTAL SCHOOL,1,40,0,40,140,0,140
TAMILNADU,2007,OPEN JAIL,2,110,0,110,59,0,59
TAMILNADU,2007,SPECIAL JAIL,6,279,418,697,66,104,170
TAMILNADU,2007,OTHERS,0,0,0,0,0,0,0
TAMILNADU,2007,TOTAL,134,18530,1791,20321,15384,1215,16599
TAMILNADU,2008,CENTRAL JAIL,9,14009,84,14093,12485,49,12534
TAMILNADU,2008,DISTRICT JAIL,4,877,0,877,365,0,365
TAMILNADU,2008,SUB JAIL,99,2694,301,2995,1675,230,1905
TAMILNADU,2008,WOMEN JAIL,3,0,1013,1013,0,712,712
TAMILNADU,2008,BORSTAL SCHOOL,11,633,0,633,563,0,563
TAMILNADU,2008,OPEN JAIL,2,110,0,110,45,0,45
TAMILNADU,2008,SPECIAL JAIL,5,172,418,590,0,80,80
TAMILNADU,2008,OTHERS,0,0,0,0,0,0,0
TAMILNADU,2008,TOTAL,133,18495,1816,20311,15133,1071,16204
TAMILNADU,2009,CENTRAL JAIL,9,14009,118,14127,11303,71,11374
TAMILNADU,2009,DISTRICT JAIL,6,1277,0,1277,571,0,571
TAMILNADU,2009,SUB JAIL,97,2739,359,3098,1324,117,1441
TAMILNADU,2009,WOMEN JAIL,3,0,1070,1070,0,506,506
TAMILNADU,2009,BORSTAL SCHOOL,12,667,0,667,337,0,337
TAMILNADU,2009,OPEN JAIL,2,110,0,110,55,0,55
TAMILNADU,2009,SPECIAL JAIL,5,172,418,590,0,76,76
TAMILNADU,2009,OTHERS,0,0,0,0,0,0,0
TAMILNADU,2009,TOTAL,134,18974,1965,20939,13590,770,14360
TAMILNADU,2010,CENTRAL JAIL,9,14009,118,14127,11123,57,11180
TAMILNADU,2010,DISTRICT JAIL,6,1277,0,1277,449,0,449
TAMILNADU,2010,SUB JAIL,97,2739,359,3098,1179,120,1299
TAMILNADU,2010,WOMEN JAIL,3,0,1070,1070,0,474,474
TAMILNADU,2010,BORSTAL SCHOOL,12,667,0,667,357,0,357
TAMILNADU,2010,OPEN JAIL,2,110,0,110,24,0,24
TAMILNADU,2010,SPECIAL JAIL,5,172,418,590,0,83,83
TAMILNADU,2010,OTHERS,0,0,0,0,0,0,0
TAMILNADU,2010,TOTAL,134,18974,1965,20939,13132,734,13866
TAMILNADU,2011,CENTRAL JAIL,9,14009,118,14127,10676,55,10731
TAMILNADU,2011,DISTRICT JAIL,9,1877,0,1877,612,0,612
TAMILNADU,2011,SUB JAIL,94,2635,336,2971,1362,184,1546
TAMILNADU,2011,WOMEN JAIL,3,0,1569,1569,0,473,473
TAMILNADU,2011,BORSTAL SCHOOL,12,667,0,667,383,0,383
TAMILNADU,2011,OPEN JAIL,2,110,0,110,66,0,66
TAMILNADU,2011,SPECIAL JAIL,5,172,418,590,0,58,58
TAMILNADU,2011,OTHERS,0,0,0,0,0,0,0
TAMILNADU,2011,TOTAL,134,19470,2441,21911,13099,770,13869
TAMILNADU,2012,CENTRAL JAIL,9,14009,118,14127,10096,47,10143
TAMILNADU,2012,DISTRICT JAIL,9,1877,0,1877,613,0,613
TAMILNADU,2012,SUB JAIL,95,2689,336,3025,1355,154,1509
TAMILNADU,2012,WOMEN JAIL,3,0,1569,1569,0,482,482
TAMILNADU,2012,BORSTAL SCHOOL,12,653,0,653,321,0,321
TAMILNADU,2012,OPEN JAIL,2,110,0,110,63,0,63
TAMILNADU,2012,SPECIAL JAIL,5,172,418,590,0,64,64
TAMILNADU,2012,OTHERS,0,0,0,0,0,0,0
TAMILNADU,2012,TOTAL,135,19510,2441,21951,12448,747,13195
TRIPURA,2001,CENTRAL JAIL,1,210,0,210,453,0,453
TRIPURA,2001,DISTRICT JAIL,2,106,6,112,262,0,262
TRIPURA,2001,SUB JAIL,7,353,14,367,309,3,312
TRIPURA,2001,WOMEN JAIL,1,0,30,30,0,13,13
TRIPURA,2001,BORSTAL SCHOOL,0,0,0,0,0,0,0
TRIPURA,2001,OPEN JAIL,0,0,0,0,0,0,0
TRIPURA,2001,SPECIAL JAIL,0,0,0,0,0,0,0
TRIPURA,2001,OTHERS,0,0,0,0,0,0,0
TRIPURA,2001,TOTAL,11,669,50,719,1024,16,1040
TRIPURA,2002,CENTRAL JAIL,1,210,0,210,599,0,599
TRIPURA,2002,DISTRICT JAIL,2,106,6,112,140,4,144
TRIPURA,2002,SUB JAIL,7,366,14,380,288,0,288
TRIPURA,2002,WOMEN JAIL,1,0,30,30,0,10,10
TRIPURA,2002,BORSTAL SCHOOL,0,0,0,0,0,0,0
TRIPURA,2002,OPEN JAIL,0,0,0,0,0,0,0
TRIPURA,2002,SPECIAL JAIL,0,0,0,0,0,0,0
TRIPURA,2002,OTHERS,0,0,0,0,0,0,0
TRIPURA,2002,TOTAL,11,682,50,732,1027,14,1041
TRIPURA,2003,CENTRAL JAIL,1,211,0,211,476,0,476
TRIPURA,2003,DISTRICT JAIL,2,102,6,108,272,0,272
TRIPURA,2003,SUB JAIL,7,425,17,442,635,6,641
TRIPURA,2003,WOMEN JAIL,1,0,30,30,0,12,12
TRIPURA,2003,BORSTAL SCHOOL,0,0,0,0,0,0,0
TRIPURA,2003,OPEN JAIL,0,0,0,0,0,0,0
TRIPURA,2003,SPECIAL JAIL,0,0,0,0,0,0,0
TRIPURA,2003,OTHERS,0,0,0,0,0,0,0
TRIPURA,2003,TOTAL,11,738,53,791,1383,18,1401
TRIPURA,2004,CENTRAL JAIL,1,211,0,211,510,0,510
TRIPURA,2004,DISTRICT JAIL,2,102,6,108,255,3,258
TRIPURA,2004,SUB JAIL,7,408,14,422,476,3,479
TRIPURA,2004,WOMEN JAIL,1,0,30,30,0,18,18
TRIPURA,2004,BORSTAL SCHOOL,0,0,0,0,0,0,0
TRIPURA,2004,OPEN JAIL,0,0,0,0,0,0,0
TRIPURA,2004,SPECIAL JAIL,0,0,0,0,0,0,0
TRIPURA,2004,OTHERS,0,0,0,0,0,0,0
TRIPURA,2004,TOTAL,11,721,50,771,1241,24,1265
TRIPURA,2005,CENTRAL JAIL,1,355,0,355,681,0,681
TRIPURA,2005,DISTRICT JAIL,2,252,6,258,221,6,227
TRIPURA,2005,SUB JAIL,7,408,14,422,472,11,483
TRIPURA,2005,WOMEN JAIL,1,0,30,30,0,19,19
TRIPURA,2005,BORSTAL SCHOOL,0,0,0,0,0,0,0
TRIPURA,2005,OPEN JAIL,0,0,0,0,0,0,0
TRIPURA,2005,SPECIAL JAIL,0,0,0,0,0,0,0
TRIPURA,2005,OTHERS,0,0,0,0,0,0,0
TRIPURA,2005,TOTAL,11,1015,50,1065,1374,36,1410
TRIPURA,2006,CENTRAL JAIL,1,355,0,355,693,0,693
TRIPURA,2006,DISTRICT JAIL,2,252,6,258,200,3,203
TRIPURA,2006,SUB JAIL,7,408,14,422,444,8,452
TRIPURA,2006,WOMEN JAIL,1,0,30,30,0,22,22
TRIPURA,2006,BORSTAL SCHOOL,0,0,0,0,0,0,0
TRIPURA,2006,OPEN JAIL,0,0,0,0,0,0,0
TRIPURA,2006,SPECIAL JAIL,0,0,0,0,0,0,0
TRIPURA,2006,OTHERS,0,0,0,0,0,0,0
TRIPURA,2006,TOTAL,11,1015,50,1065,1337,33,1370
TRIPURA,2007,CENTRAL JAIL,1,355,0,355,670,0,670
TRIPURA,2007,DISTRICT JAIL,2,252,6,258,224,1,225
TRIPURA,2007,SUB JAIL,7,408,14,422,386,7,393
TRIPURA,2007,WOMEN JAIL,1,0,30,30,0,29,29
TRIPURA,2007,BORSTAL SCHOOL,0,0,0,0,0,0,0
TRIPURA,2007,OPEN JAIL,0,0,0,0,0,0,0
TRIPURA,2007,SPECIAL JAIL,0,0,0,0,0,0,0
TRIPURA,2007,OTHERS,0,0,0,0,0,0,0
TRIPURA,2007,TOTAL,11,1015,50,1065,1280,37,1317
TRIPURA,2008,CENTRAL JAIL,1,355,0,355,671,0,671
TRIPURA,2008,DISTRICT JAIL,2,252,6,258,254,1,255
TRIPURA,2008,SUB JAIL,7,408,14,422,326,4,330
TRIPURA,2008,WOMEN JAIL,1,0,30,30,0,22,22
TRIPURA,2008,BORSTAL SCHOOL,0,0,0,0,0,0,0
TRIPURA,2008,OPEN JAIL,0,0,0,0,0,0,0
TRIPURA,2008,SPECIAL JAIL,0,0,0,0,0,0,0
TRIPURA,2008,OTHERS,0,0,0,0,0,0,0
TRIPURA,2008,TOTAL,11,1015,50,1065,1251,27,1278
TRIPURA,2009,CENTRAL JAIL,1,355,0,355,499,0,499
TRIPURA,2009,DISTRICT JAIL,2,268,6,274,216,4,220
TRIPURA,2009,SUB JAIL,8,622,41,663,243,9,252
TRIPURA,2009,WOMEN JAIL,1,0,30,30,0,17,17
TRIPURA,2009,BORSTAL SCHOOL,0,0,0,0,0,0,0
TRIPURA,2009,OPEN JAIL,0,0,0,0,0,0,0
TRIPURA,2009,SPECIAL JAIL,0,0,0,0,0,0,0
TRIPURA,2009,OTHERS,0,0,0,0,0,0,0
TRIPURA,2009,TOTAL,12,1245,77,1322,958,30,988
TRIPURA,2010,CENTRAL JAIL,1,355,0,355,450,0,450
TRIPURA,2010,DISTRICT JAIL,2,268,6,274,152,3,155
TRIPURA,2010,SUB JAIL,8,622,41,663,327,7,334
TRIPURA,2010,WOMEN JAIL,1,0,30,30,0,12,12
TRIPURA,2010,BORSTAL SCHOOL,0,0,0,0,0,0,0
TRIPURA,2010,OPEN JAIL,0,0,0,0,0,0,0
TRIPURA,2010,SPECIAL JAIL,0,0,0,0,0,0,0
TRIPURA,2010,OTHERS,0,0,0,0,0,0,0
TRIPURA,2010,TOTAL,12,1245,77,1322,929,22,951
TRIPURA,2011,CENTRAL JAIL,1,355,0,355,424,0,424
TRIPURA,2011,DISTRICT JAIL,2,268,6,274,167,2,169
TRIPURA,2011,SUB JAIL,8,622,41,663,273,8,281
TRIPURA,2011,WOMEN JAIL,1,0,30,30,0,25,25
TRIPURA,2011,BORSTAL SCHOOL,0,0,0,0,0,0,0
TRIPURA,2011,OPEN JAIL,0,0,0,0,0,0,0
TRIPURA,2011,SPECIAL JAIL,0,0,0,0,0,0,0
TRIPURA,2011,OTHERS,0,0,0,0,0,0,0
TRIPURA,2011,TOTAL,12,1245,77,1322,864,35,899
TRIPURA,2012,CENTRAL JAIL,1,355,0,355,426,0,426
TRIPURA,2012,DISTRICT JAIL,2,268,6,274,160,0,160
TRIPURA,2012,SUB JAIL,8,622,41,663,287,3,290
TRIPURA,2012,WOMEN JAIL,1,0,30,30,0,25,25
TRIPURA,2012,BORSTAL SCHOOL,0,0,0,0,0,0,0
TRIPURA,2012,OPEN JAIL,0,0,0,0,0,0,0
TRIPURA,2012,SPECIAL JAIL,0,0,0,0,0,0,0
TRIPURA,2012,OTHERS,0,0,0,0,0,0,0
TRIPURA,2012,TOTAL,12,1245,77,1322,873,28,901
UTTAR PRADESH,2001,CENTRAL JAIL,5,7001,30,7031,7033,53,7086
UTTAR PRADESH,2001,DISTRICT JAIL,49,23961,810,24771,43970,1147,45117
UTTAR PRADESH,2001,SUB JAIL,3,359,45,404,803,10,813
UTTAR PRADESH,2001,WOMEN JAIL,1,0,70,70,0,18,18
UTTAR PRADESH,2001,BORSTAL SCHOOL,0,0,0,0,0,0,0
UTTAR PRADESH,2001,OPEN JAIL,1,738,0,738,0,0,0
UTTAR PRADESH,2001,SPECIAL JAIL,2,658,70,728,160,102,262
UTTAR PRADESH,2001,OTHERS,0,0,0,0,0,0,0
UTTAR PRADESH,2001,TOTAL,61,32717,1025,33742,51966,1330,53296
UTTAR PRADESH,2002,CENTRAL JAIL,5,6087,30,6117,5746,35,5781
UTTAR PRADESH,2002,DISTRICT JAIL,49,24979,930,25909,44510,1089,45599
UTTAR PRADESH,2002,SUB JAIL,3,359,45,404,440,14,454
UTTAR PRADESH,2002,WOMEN JAIL,1,0,70,70,0,126,126
UTTAR PRADESH,2002,BORSTAL SCHOOL,0,0,0,0,0,0,0
UTTAR PRADESH,2002,OPEN JAIL,1,738,0,738,0,0,0
UTTAR PRADESH,2002,SPECIAL JAIL,2,544,70,614,265,0,265
UTTAR PRADESH,2002,OTHERS,0,0,0,0,0,0,0
UTTAR PRADESH,2002,TOTAL,61,32707,1145,33852,50961,1264,52225
UTTAR PRADESH,2003,CENTRAL JAIL,5,6151,30,6181,6307,16,6323
UTTAR PRADESH,2003,DISTRICT JAIL,49,25241,930,26171,42453,963,43416
UTTAR PRADESH,2003,SUB JAIL,3,359,45,404,475,2,477
UTTAR PRADESH,2003,WOMEN JAIL,1,0,70,70,0,140,140
UTTAR PRADESH,2003,BORSTAL SCHOOL,0,0,0,0,0,0,0
UTTAR PRADESH,2003,OPEN JAIL,1,738,0,738,0,0,0
UTTAR PRADESH,2003,SPECIAL JAIL,2,588,70,658,175,0,175
UTTAR PRADESH,2003,OTHERS,0,0,0,0,0,0,0
UTTAR PRADESH,2003,TOTAL,61,33077,1145,34222,49410,1121,50531
UTTAR PRADESH,2004,CENTRAL JAIL,5,7001,34,7035,6912,29,6941
UTTAR PRADESH,2004,DISTRICT JAIL,49,24726,1105,25831,42931,1008,43939
UTTAR PRADESH,2004,SUB JAIL,3,376,28,404,498,5,503
UTTAR PRADESH,2004,WOMEN JAIL,1,0,70,70,0,110,110
UTTAR PRADESH,2004,BORSTAL SCHOOL,0,0,0,0,0,0,0
UTTAR PRADESH,2004,OPEN JAIL,0,0,0,0,0,0,0
UTTAR PRADESH,2004,SPECIAL JAIL,2,528,0,528,213,0,213
UTTAR PRADESH,2004,OTHERS,0,0,0,0,0,0,0
UTTAR PRADESH,2004,TOTAL,60,32631,1237,33868,50554,1152,51706
UTTAR PRADESH,2005,CENTRAL JAIL,5,5940,34,5974,8589,33,8622
UTTAR PRADESH,2005,DISTRICT JAIL,50,26253,1105,27358,46021,1182,47203
UTTAR PRADESH,2005,SUB JAIL,3,488,28,516,474,3,477
UTTAR PRADESH,2005,WOMEN JAIL,1,0,70,70,0,125,125
UTTAR PRADESH,2005,BORSTAL SCHOOL,0,0,0,0,0,0,0
UTTAR PRADESH,2005,OPEN JAIL,0,0,0,0,0,0,0
UTTAR PRADESH,2005,SPECIAL JAIL,2,528,0,528,291,0,291
UTTAR PRADESH,2005,OTHERS,0,0,0,0,0,0,0
UTTAR PRADESH,2005,TOTAL,61,33209,1237,34446,55375,1343,56718
UTTAR PRADESH,2006,CENTRAL JAIL,5,5940,34,5974,11535,56,11591
UTTAR PRADESH,2006,DISTRICT JAIL,50,27603,1271,28874,52266,1700,53966
UTTAR PRADESH,2006,SUB JAIL,3,510,28,538,666,16,682
UTTAR PRADESH,2006,WOMEN JAIL,1,0,90,90,0,175,175
UTTAR PRADESH,2006,BORSTAL SCHOOL,0,0,0,0,0,0,0
UTTAR PRADESH,2006,OPEN JAIL,0,0,0,0,0,0,0
UTTAR PRADESH,2006,SPECIAL JAIL,2,594,0,594,255,0,255
UTTAR PRADESH,2006,OTHERS,0,0,0,0,0,0,0
UTTAR PRADESH,2006,TOTAL,61,34647,1423,36070,64722,1947,66669
UTTAR PRADESH,2007,CENTRAL JAIL,5,6313,60,6373,14712,80,14792
UTTAR PRADESH,2007,DISTRICT JAIL,50,29140,1242,30382,58139,2081,60220
UTTAR PRADESH,2007,SUB JAIL,3,376,28,404,681,13,694
UTTAR PRADESH,2007,WOMEN JAIL,1,0,90,90,0,155,155
UTTAR PRADESH,2007,BORSTAL SCHOOL,0,0,0,0,0,0,0
UTTAR PRADESH,2007,OPEN JAIL,0,0,0,0,0,0,0
UTTAR PRADESH,2007,SPECIAL JAIL,2,594,0,594,319,0,319
UTTAR PRADESH,2007,OTHERS,0,0,0,0,0,0,0
UTTAR PRADESH,2007,TOTAL,61,36423,1420,37843,73851,2329,76180
UTTAR PRADESH,2008,CENTRAL JAIL,5,7060,30,7090,14305,88,14393
UTTAR PRADESH,2008,DISTRICT JAIL,51,32226,1652,33878,62799,2434,65233
UTTAR PRADESH,2008,SUB JAIL,3,376,28,404,692,18,710
UTTAR PRADESH,2008,WOMEN JAIL,1,0,90,90,0,154,154
UTTAR PRADESH,2008,BORSTAL SCHOOL,0,0,0,0,0,0,0
UTTAR PRADESH,2008,OPEN JAIL,0,0,0,0,0,0,0
UTTAR PRADESH,2008,SPECIAL JAIL,2,714,0,714,319,0,319
UTTAR PRADESH,2008,OTHERS,0,0,0,0,0,0,0
UTTAR PRADESH,2008,TOTAL,62,40376,1800,42176,78115,2694,80809
UTTAR PRADESH,2009,CENTRAL JAIL,5,6977,60,7037,13207,91,13298
UTTAR PRADESH,2009,DISTRICT JAIL,51,32230,1648,33878,66777,2425,69202
UTTAR PRADESH,2009,SUB JAIL,3,376,28,404,685,24,709
UTTAR PRADESH,2009,WOMEN JAIL,1,0,420,420,0,219,219
UTTAR PRADESH,2009,BORSTAL SCHOOL,0,0,0,0,0,0,0
UTTAR PRADESH,2009,OPEN JAIL,0,0,0,0,0,0,0
UTTAR PRADESH,2009,SPECIAL JAIL,2,788,0,788,377,0,377
UTTAR PRADESH,2009,OTHERS,0,0,0,0,0,0,0
UTTAR PRADESH,2009,TOTAL,62,40371,2156,42527,81046,2759,83805
UTTAR PRADESH,2010,CENTRAL JAIL,5,6917,60,6977,14887,87,14974
UTTAR PRADESH,2010,DISTRICT JAIL,51,34907,1849,36756,64113,2189,66302
UTTAR PRADESH,2010,SUB JAIL,3,340,28,368,637,13,650
UTTAR PRADESH,2010,WOMEN JAIL,1,0,420,420,0,342,342
UTTAR PRADESH,2010,BORSTAL SCHOOL,0,0,0,0,0,0,0
UTTAR PRADESH,2010,OPEN JAIL,0,0,0,0,0,0,0
UTTAR PRADESH,2010,SPECIAL JAIL,2,788,0,788,405,0,405
UTTAR PRADESH,2010,OTHERS,0,0,0,0,0,0,0
UTTAR PRADESH,2010,TOTAL,62,42952,2357,45309,80042,2631,82673
UTTAR PRADESH,2011,CENTRAL JAIL,5,6917,60,6977,13792,104,13896
UTTAR PRADESH,2011,DISTRICT JAIL,53,35896,2547,38443,64330,2614,66944
UTTAR PRADESH,2011,SUB JAIL,3,389,31,420,722,36,758
UTTAR PRADESH,2011,WOMEN JAIL,1,0,420,420,0,385,385
UTTAR PRADESH,2011,BORSTAL SCHOOL,0,0,0,0,0,0,0
UTTAR PRADESH,2011,OPEN JAIL,0,0,0,0,0,0,0
UTTAR PRADESH,2011,SPECIAL JAIL,2,788,0,788,400,0,400
UTTAR PRADESH,2011,OTHERS,0,0,0,0,0,0,0
UTTAR PRADESH,2011,TOTAL,64,43990,3058,47048,79244,3139,82383
UTTAR PRADESH,2012,CENTRAL JAIL,5,6917,60,6977,12758,100,12858
UTTAR PRADESH,2012,DISTRICT JAIL,54,36346,2567,38913,63248,2720,65968
UTTAR PRADESH,2012,SUB JAIL,3,389,31,420,740,37,777
UTTAR PRADESH,2012,WOMEN JAIL,1,0,420,420,0,306,306
UTTAR PRADESH,2012,BORSTAL SCHOOL,0,0,0,0,0,0,0
UTTAR PRADESH,2012,OPEN JAIL,0,0,0,0,0,0,0
UTTAR PRADESH,2012,SPECIAL JAIL,2,788,0,788,402,0,402
UTTAR PRADESH,2012,OTHERS,0,0,0,0,0,0,0
UTTAR PRADESH,2012,TOTAL,65,44440,3078,47518,77148,3163,80311
UTTARANCHAL,2001,CENTRAL JAIL,0,0,0,0,0,0,0
UTTARANCHAL,2001,DISTRICT JAIL,6,1012,55,1067,1040,37,1077
UTTARANCHAL,2001,SUB JAIL,2,325,11,336,926,29,955
UTTARANCHAL,2001,WOMEN JAIL,0,0,0,0,0,0,0
UTTARANCHAL,2001,BORSTAL SCHOOL,0,0,0,0,0,0,0
UTTARANCHAL,2001,OPEN JAIL,1,1050,0,1050,258,0,258
UTTARANCHAL,2001,SPECIAL JAIL,0,0,0,0,0,0,0
UTTARANCHAL,2001,OTHERS,0,0,0,0,0,0,0
UTTARANCHAL,2001,TOTAL,9,2387,66,2453,2224,66,2290
UTTARANCHAL,2002,CENTRAL JAIL,0,0,0,0,0,0,0
UTTARANCHAL,2002,DISTRICT JAIL,6,1012,55,1067,1273,35,1308
UTTARANCHAL,2002,SUB JAIL,2,325,11,336,754,27,781
UTTARANCHAL,2002,WOMEN JAIL,0,0,0,0,0,0,0
UTTARANCHAL,2002,BORSTAL SCHOOL,0,0,0,0,0,0,0
UTTARANCHAL,2002,OPEN JAIL,1,1050,0,1050,270,0,270
UTTARANCHAL,2002,SPECIAL JAIL,0,0,0,0,0,0,0
UTTARANCHAL,2002,OTHERS,0,0,0,0,0,0,0
UTTARANCHAL,2002,TOTAL,9,2387,66,2453,2297,62,2359
UTTARANCHAL,2003,CENTRAL JAIL,0,0,0,0,0,0,0
UTTARANCHAL,2003,DISTRICT JAIL,6,1012,55,1067,1362,39,1401
UTTARANCHAL,2003,SUB JAIL,2,325,11,336,758,20,778
UTTARANCHAL,2003,WOMEN JAIL,0,0,0,0,0,0,0
UTTARANCHAL,2003,BORSTAL SCHOOL,0,0,0,0,0,0,0
UTTARANCHAL,2003,OPEN JAIL,1,1030,0,1030,252,0,252
UTTARANCHAL,2003,SPECIAL JAIL,0,0,0,0,0,0,0
UTTARANCHAL,2003,OTHERS,0,0,0,0,0,0,0
UTTARANCHAL,2003,TOTAL,9,2367,66,2433,2372,59,2431
UTTARANCHAL,2004,CENTRAL JAIL,0,0,0,0,0,0,0
UTTARANCHAL,2004,DISTRICT JAIL,6,1012,55,1067,1252,81,1333
UTTARANCHAL,2004,SUB JAIL,2,325,11,336,699,23,722
UTTARANCHAL,2004,WOMEN JAIL,0,0,0,0,0,0,0
UTTARANCHAL,2004,BORSTAL SCHOOL,0,0,0,0,0,0,0
UTTARANCHAL,2004,OPEN JAIL,1,1030,0,1030,310,0,310
UTTARANCHAL,2004,SPECIAL JAIL,0,0,0,0,0,0,0
UTTARANCHAL,2004,OTHERS,0,0,0,0,0,0,0
UTTARANCHAL,2004,TOTAL,9,2367,66,2433,2261,104,2365
UTTARANCHAL,2005,CENTRAL JAIL,0,0,0,0,0,0,0
UTTARANCHAL,2005,DISTRICT JAIL,6,1012,55,1067,1271,36,1307
UTTARANCHAL,2005,SUB JAIL,2,323,13,336,727,12,739
UTTARANCHAL,2005,WOMEN JAIL,0,0,0,0,0,0,0
UTTARANCHAL,2005,BORSTAL SCHOOL,0,0,0,0,0,0,0
UTTARANCHAL,2005,OPEN JAIL,1,360,0,360,304,0,304
UTTARANCHAL,2005,SPECIAL JAIL,0,0,0,0,0,0,0
UTTARANCHAL,2005,OTHERS,0,0,0,0,0,0,0
UTTARANCHAL,2005,TOTAL,9,1695,68,1763,2302,48,2350
UTTARANCHAL,2006,CENTRAL JAIL,0,0,0,0,0,0,0
UTTARANCHAL,2006,DISTRICT JAIL,6,1012,55,1067,1534,45,1579
UTTARANCHAL,2006,SUB JAIL,2,323,13,336,806,24,830
UTTARANCHAL,2006,WOMEN JAIL,0,0,0,0,0,0,0
UTTARANCHAL,2006,BORSTAL SCHOOL,0,0,0,0,0,0,0
UTTARANCHAL,2006,OPEN JAIL,1,300,0,300,235,0,235
UTTARANCHAL,2006,SPECIAL JAIL,0,0,0,0,0,0,0
UTTARANCHAL,2006,OTHERS,0,0,0,0,0,0,0
UTTARANCHAL,2006,TOTAL,9,1635,68,1703,2575,69,2644
UTTARANCHAL,2007,CENTRAL JAIL,0,0,0,0,0,0,0
UTTARANCHAL,2007,DISTRICT JAIL,6,1414,89,1503,1624,58,1682
UTTARANCHAL,2007,SUB JAIL,2,323,13,336,783,24,807
UTTARANCHAL,2007,WOMEN JAIL,0,0,0,0,0,0,0
UTTARANCHAL,2007,BORSTAL SCHOOL,0,0,0,0,0,0,0
UTTARANCHAL,2007,OPEN JAIL,1,300,0,300,220,0,220
UTTARANCHAL,2007,SPECIAL JAIL,0,0,0,0,0,0,0
UTTARANCHAL,2007,OTHERS,0,0,0,0,0,0,0
UTTARANCHAL,2007,TOTAL,9,2037,102,2139,2627,82,2709
UTTARANCHAL,2008,CENTRAL JAIL,0,0,0,0,0,0,0
UTTARANCHAL,2008,DISTRICT JAIL,6,1445,91,1536,1987,85,2072
UTTARANCHAL,2008,SUB JAIL,2,443,13,456,914,35,949
UTTARANCHAL,2008,WOMEN JAIL,0,0,0,0,0,0,0
UTTARANCHAL,2008,BORSTAL SCHOOL,0,0,0,0,0,0,0
UTTARANCHAL,2008,OPEN JAIL,1,300,0,300,213,0,213
UTTARANCHAL,2008,SPECIAL JAIL,0,0,0,0,0,0,0
UTTARANCHAL,2008,OTHERS,0,0,0,0,0,0,0
UTTARANCHAL,2008,TOTAL,9,2188,104,2292,3114,120,3234
UTTARANCHAL,2009,CENTRAL JAIL,0,0,0,0,0,0,0
UTTARANCHAL,2009,DISTRICT JAIL,6,1759,66,1825,2188,87,2275
UTTARANCHAL,2009,SUB JAIL,2,736,20,756,1001,33,1034
UTTARANCHAL,2009,WOMEN JAIL,0,0,0,0,0,0,0
UTTARANCHAL,2009,BORSTAL SCHOOL,0,0,0,0,0,0,0
UTTARANCHAL,2009,OPEN JAIL,1,300,0,300,198,0,198
UTTARANCHAL,2009,SPECIAL JAIL,0,0,0,0,0,0,0
UTTARANCHAL,2009,OTHERS,0,0,0,0,0,0,0
UTTARANCHAL,2009,TOTAL,9,2795,86,2881,3387,120,3507
UTTARANCHAL,2010,CENTRAL JAIL,0,0,0,0,0,0,0
UTTARANCHAL,2010,DISTRICT JAIL,6,1759,66,1825,2288,78,2366
UTTARANCHAL,2010,SUB JAIL,2,736,20,756,928,36,964
UTTARANCHAL,2010,WOMEN JAIL,0,0,0,0,0,0,0
UTTARANCHAL,2010,BORSTAL SCHOOL,0,0,0,0,0,0,0
UTTARANCHAL,2010,OPEN JAIL,1,300,0,300,213,0,213
UTTARANCHAL,2010,SPECIAL JAIL,0,0,0,0,0,0,0
UTTARANCHAL,2010,OTHERS,0,0,0,0,0,0,0
UTTARANCHAL,2010,TOTAL,9,2795,86,2881,3429,114,3543
UTTARANCHAL,2011,CENTRAL JAIL,1,512,0,512,19,0,19
UTTARANCHAL,2011,DISTRICT JAIL,7,1917,77,1994,2076,99,2175
UTTARANCHAL,2011,SUB JAIL,2,736,20,756,816,36,852
UTTARANCHAL,2011,WOMEN JAIL,0,0,0,0,0,0,0
UTTARANCHAL,2011,BORSTAL SCHOOL,0,0,0,0,0,0,0
UTTARANCHAL,2011,OPEN JAIL,1,300,0,300,215,0,215
UTTARANCHAL,2011,SPECIAL JAIL,0,0,0,0,0,0,0
UTTARANCHAL,2011,OTHERS,0,0,0,0,0,0,0
UTTARANCHAL,2011,TOTAL,11,3465,97,3562,3126,135,3261
UTTARANCHAL,2012,CENTRAL JAIL,1,512,0,512,66,0,66
UTTARANCHAL,2012,DISTRICT JAIL,7,1917,77,1994,2359,119,2478
UTTARANCHAL,2012,SUB JAIL,2,736,20,756,819,30,849
UTTARANCHAL,2012,WOMEN JAIL,0,0,0,0,0,0,0
UTTARANCHAL,2012,BORSTAL SCHOOL,0,0,0,0,0,0,0
UTTARANCHAL,2012,OPEN JAIL,1,300,0,300,142,0,142
UTTARANCHAL,2012,SPECIAL JAIL,0,0,0,0,0,0,0
UTTARANCHAL,2012,OTHERS,0,0,0,0,0,0,0
UTTARANCHAL,2012,TOTAL,11,3465,97,3562,3386,149,3535
WEST BENGAL,2001,CENTRAL JAIL,6,10652,305,10957,6012,205,6217
WEST BENGAL,2001,DISTRICT JAIL,11,5204,523,5727,2473,128,2601
WEST BENGAL,2001,SUB JAIL,31,1646,224,1870,2723,140,2863
WEST BENGAL,2001,WOMEN JAIL,1,0,100,100,0,21,21
WEST BENGAL,2001,BORSTAL SCHOOL,0,0,0,0,0,0,0
WEST BENGAL,2001,OPEN JAIL,1,70,0,70,35,0,35
WEST BENGAL,2001,SPECIAL JAIL,3,872,70,942,568,42,610
WEST BENGAL,2001,OTHERS,0,0,0,0,0,0,0
WEST BENGAL,2001,TOTAL,53,18444,1222,19666,11811,536,12347
WEST BENGAL,2002,CENTRAL JAIL,6,10652,305,10957,9909,358,10267
WEST BENGAL,2002,DISTRICT JAIL,12,5275,528,5803,3822,238,4060
WEST BENGAL,2002,SUB JAIL,30,1575,219,1794,3321,211,3532
WEST BENGAL,2002,WOMEN JAIL,1,0,100,100,0,24,24
WEST BENGAL,2002,BORSTAL SCHOOL,0,0,0,0,0,0,0
WEST BENGAL,2002,OPEN JAIL,1,70,0,70,25,0,25
WEST BENGAL,2002,SPECIAL JAIL,3,872,70,942,804,31,835
WEST BENGAL,2002,OTHERS,0,0,0,0,0,0,0
WEST BENGAL,2002,TOTAL,53,18444,1222,19666,17881,862,18743
WEST BENGAL,2003,CENTRAL JAIL,6,10652,305,10957,8420,358,8778
WEST BENGAL,2003,DISTRICT JAIL,12,5275,528,5803,3268,302,3570
WEST BENGAL,2003,SUB JAIL,30,1575,219,1794,3023,171,3194
WEST BENGAL,2003,WOMEN JAIL,1,0,100,100,0,38,38
WEST BENGAL,2003,BORSTAL SCHOOL,0,0,0,0,0,0,0
WEST BENGAL,2003,OPEN JAIL,1,70,0,70,20,0,20
WEST BENGAL,2003,SPECIAL JAIL,3,872,70,942,667,22,689
WEST BENGAL,2003,OTHERS,0,0,0,0,0,0,0
WEST BENGAL,2003,TOTAL,53,18444,1222,19666,15398,891,16289
WEST BENGAL,2004,CENTRAL JAIL,6,10652,305,10957,8715,350,9065
WEST BENGAL,2004,DISTRICT JAIL,12,5275,528,5803,3065,180,3245
WEST BENGAL,2004,SUB JAIL,29,1516,234,1750,2840,256,3096
WEST BENGAL,2004,WOMEN JAIL,1,0,100,100,0,43,43
WEST BENGAL,2004,BORSTAL SCHOOL,0,0,0,0,0,0,0
WEST BENGAL,2004,OPEN JAIL,1,70,0,70,23,0,23
WEST BENGAL,2004,SPECIAL JAIL,4,946,95,1041,799,48,847
WEST BENGAL,2004,OTHERS,0,0,0,0,0,0,0
WEST BENGAL,2004,TOTAL,53,18459,1262,19721,15442,877,16319
WEST BENGAL,2005,CENTRAL JAIL,6,11052,405,11457,9809,664,10473
WEST BENGAL,2005,DISTRICT JAIL,12,5295,508,5803,3501,238,3739
WEST BENGAL,2005,SUB JAIL,29,1593,255,1848,2696,264,2960
WEST BENGAL,2005,WOMEN JAIL,1,0,100,100,0,52,52
WEST BENGAL,2005,BORSTAL SCHOOL,0,0,0,0,0,0,0
WEST BENGAL,2005,OPEN JAIL,1,70,0,70,28,0,28
WEST BENGAL,2005,SPECIAL JAIL,4,946,95,1041,864,42,906
WEST BENGAL,2005,OTHERS,0,0,0,0,0,0,0
WEST BENGAL,2005,TOTAL,53,18956,1363,20319,16898,1260,18158
WEST BENGAL,2006,CENTRAL JAIL,6,10652,305,10957,9789,498,10287
WEST BENGAL,2006,DISTRICT JAIL,12,5275,528,5803,3622,293,3915
WEST BENGAL,2006,SUB JAIL,29,1517,234,1751,2921,181,3102
WEST BENGAL,2006,WOMEN JAIL,1,0,100,100,0,52,52
WEST BENGAL,2006,BORSTAL SCHOOL,0,0,0,0,0,0,0
WEST BENGAL,2006,OPEN JAIL,1,70,0,70,68,0,68
WEST BENGAL,2006,SPECIAL JAIL,4,946,95,1041,741,28,769
WEST BENGAL,2006,OTHERS,0,0,0,0,0,0,0
WEST BENGAL,2006,TOTAL,53,18460,1262,19722,17141,1052,18193
WEST BENGAL,2007,CENTRAL JAIL,6,11152,305,11457,9530,672,10202
WEST BENGAL,2007,DISTRICT JAIL,12,5275,528,5803,4001,264,4265
WEST BENGAL,2007,SUB JAIL,29,1517,234,1751,2941,228,3169
WEST BENGAL,2007,WOMEN JAIL,1,0,100,100,0,51,51
WEST BENGAL,2007,BORSTAL SCHOOL,0,0,0,0,0,0,0
WEST BENGAL,2007,OPEN JAIL,1,70,0,70,86,0,86
WEST BENGAL,2007,SPECIAL JAIL,4,946,95,1041,774,51,825
WEST BENGAL,2007,OTHERS,0,0,0,0,0,0,0
WEST BENGAL,2007,TOTAL,53,18960,1262,20222,17332,1266,18598
WEST BENGAL,2008,CENTRAL JAIL,6,11152,305,11457,10324,430,10754
WEST BENGAL,2008,DISTRICT JAIL,12,5275,528,5803,3987,339,4326
WEST BENGAL,2008,SUB JAIL,30,1637,264,1901,3507,241,3748
WEST BENGAL,2008,WOMEN JAIL,2,0,400,400,0,339,339
WEST BENGAL,2008,BORSTAL SCHOOL,0,0,0,0,0,0,0
WEST BENGAL,2008,OPEN JAIL,1,70,0,70,103,0,103
WEST BENGAL,2008,SPECIAL JAIL,3,746,95,841,886,74,960
WEST BENGAL,2008,OTHERS,0,0,0,0,0,0,0
WEST BENGAL,2008,TOTAL,54,18880,1592,20472,18807,1423,20230
WEST BENGAL,2009,CENTRAL JAIL,6,11152,305,11457,9948,376,10324
WEST BENGAL,2009,DISTRICT JAIL,12,5275,528,5803,3612,292,3904
WEST BENGAL,2009,SUB JAIL,30,1637,264,1901,2027,100,2127
WEST BENGAL,2009,WOMEN JAIL,2,0,400,400,0,266,266
WEST BENGAL,2009,BORSTAL SCHOOL,0,0,0,0,0,0,0
WEST BENGAL,2009,OPEN JAIL,1,70,0,70,98,0,98
WEST BENGAL,2009,SPECIAL JAIL,3,746,95,841,786,81,867
WEST BENGAL,2009,OTHERS,0,0,0,0,0,0,0
WEST BENGAL,2009,TOTAL,54,18880,1592,20472,16471,1115,17586
WEST BENGAL,2010,CENTRAL JAIL,6,11152,305,11457,9301,372,9673
WEST BENGAL,2010,DISTRICT JAIL,12,5275,528,5803,4043,266,4309
WEST BENGAL,2010,SUB JAIL,30,1637,264,1901,3147,185,3332
WEST BENGAL,2010,WOMEN JAIL,2,0,400,400,0,269,269
WEST BENGAL,2010,BORSTAL SCHOOL,0,0,0,0,0,0,0
WEST BENGAL,2010,OPEN JAIL,1,70,0,70,96,0,96
WEST BENGAL,2010,SPECIAL JAIL,3,746,95,841,779,61,840
WEST BENGAL,2010,OTHERS,0,0,0,0,0,0,0
WEST BENGAL,2010,TOTAL,54,18880,1592,20472,17366,1153,18519
WEST BENGAL,2011,CENTRAL JAIL,6,11152,305,11457,9376,335,9711
WEST BENGAL,2011,DISTRICT JAIL,12,5275,528,5803,4630,273,4903
WEST BENGAL,2011,SUB JAIL,31,1817,284,2101,3427,172,3599
WEST BENGAL,2011,WOMEN JAIL,2,0,400,400,0,330,330
WEST BENGAL,2011,BORSTAL SCHOOL,0,0,0,0,0,0,0
WEST BENGAL,2011,OPEN JAIL,1,70,0,70,99,0,99
WEST BENGAL,2011,SPECIAL JAIL,3,746,95,841,819,47,866
WEST BENGAL,2011,OTHERS,0,0,0,0,0,0,0
WEST BENGAL,2011,TOTAL,55,19060,1612,20672,18351,1157,19508
WEST BENGAL,2012,CENTRAL JAIL,6,10852,160,11012,10471,473,10944
WEST BENGAL,2012,DISTRICT JAIL,12,5287,555,5842,4040,263,4303
WEST BENGAL,2012,SUB JAIL,33,1819,313,2132,3684,171,3855
WEST BENGAL,2012,WOMEN JAIL,2,0,400,400,0,353,353
WEST BENGAL,2012,BORSTAL SCHOOL,0,0,0,0,0,0,0
WEST BENGAL,2012,OPEN JAIL,1,70,0,70,76,0,76
WEST BENGAL,2012,SPECIAL JAIL,3,746,95,841,845,55,900
WEST BENGAL,2012,OTHERS,0,0,0,0,0,0,0
WEST BENGAL,2012,TOTAL,57,18774,1523,20297,19116,1315,20431
A & N ISLANDS,2001,CENTRAL JAIL,0,0,0,0,0,0,0
A & N ISLANDS,2001,DISTRICT JAIL,1,199,30,229,373,3,376
A & N ISLANDS,2001,SUB JAIL,0,0,0,0,0,0,0
A & N ISLANDS,2001,WOMEN JAIL,0,0,0,0,0,0,0
A & N ISLANDS,2001,BORSTAL SCHOOL,0,0,0,0,0,0,0
A & N ISLANDS,2001,OPEN JAIL,0,0,0,0,0,0,0
A & N ISLANDS,2001,SPECIAL JAIL,0,0,0,0,0,0,0
A & N ISLANDS,2001,OTHERS,3,30,10,40,6,1,7
A & N ISLANDS,2001,TOTAL,4,229,40,269,379,4,383
A & N ISLANDS,2002,CENTRAL JAIL,0,0,0,0,0,0,0
A & N ISLANDS,2002,DISTRICT JAIL,1,199,30,229,316,6,322
A & N ISLANDS,2002,SUB JAIL,0,0,0,0,0,0,0
A & N ISLANDS,2002,WOMEN JAIL,0,0,0,0,0,0,0
A & N ISLANDS,2002,BORSTAL SCHOOL,0,0,0,0,0,0,0
A & N ISLANDS,2002,OPEN JAIL,0,0,0,0,0,0,0
A & N ISLANDS,2002,SPECIAL JAIL,0,0,0,0,0,0,0
A & N ISLANDS,2002,OTHERS,3,30,10,40,7,2,9
A & N ISLANDS,2002,TOTAL,4,229,40,269,323,8,331
A & N ISLANDS,2003,CENTRAL JAIL,0,0,0,0,0,0,0
A & N ISLANDS,2003,DISTRICT JAIL,1,199,30,229,279,3,282
A & N ISLANDS,2003,SUB JAIL,0,0,0,0,0,0,0
A & N ISLANDS,2003,WOMEN JAIL,0,0,0,0,0,0,0
A & N ISLANDS,2003,BORSTAL SCHOOL,0,0,0,0,0,0,0
A & N ISLANDS,2003,OPEN JAIL,0,0,0,0,0,0,0
A & N ISLANDS,2003,SPECIAL JAIL,0,0,0,0,0,0,0
A & N ISLANDS,2003,OTHERS,3,30,10,40,14,0,14
A & N ISLANDS,2003,TOTAL,4,229,40,269,293,3,296
A & N ISLANDS,2004,CENTRAL JAIL,0,0,0,0,0,0,0
A & N ISLANDS,2004,DISTRICT JAIL,1,239,30,269,210,3,213
A & N ISLANDS,2004,SUB JAIL,3,30,10,40,8,0,8
A & N ISLANDS,2004,WOMEN JAIL,0,0,0,0,0,0,0
A & N ISLANDS,2004,BORSTAL SCHOOL,0,0,0,0,0,0,0
A & N ISLANDS,2004,OPEN JAIL,0,0,0,0,0,0,0
A & N ISLANDS,2004,SPECIAL JAIL,0,0,0,0,0,0,0
A & N ISLANDS,2004,OTHERS,0,0,0,0,0,0,0
A & N ISLANDS,2004,TOTAL,4,269,40,309,218,3,221
A & N ISLANDS,2005,CENTRAL JAIL,0,0,0,0,0,0,0
A & N ISLANDS,2005,DISTRICT JAIL,1,239,30,269,215,4,219
A & N ISLANDS,2005,SUB JAIL,3,30,10,40,5,0,5
A & N ISLANDS,2005,WOMEN JAIL,0,0,0,0,0,0,0
A & N ISLANDS,2005,BORSTAL SCHOOL,0,0,0,0,0,0,0
A & N ISLANDS,2005,OPEN JAIL,0,0,0,0,0,0,0
A & N ISLANDS,2005,SPECIAL JAIL,0,0,0,0,0,0,0
A & N ISLANDS,2005,OTHERS,0,0,0,0,0,0,0
A & N ISLANDS,2005,TOTAL,4,269,40,309,220,4,224
A & N ISLANDS,2006,CENTRAL JAIL,0,0,0,0,0,0,0
A & N ISLANDS,2006,DISTRICT JAIL,1,239,30,269,338,2,340
A & N ISLANDS,2006,SUB JAIL,3,30,10,40,6,0,6
A & N ISLANDS,2006,WOMEN JAIL,0,0,0,0,0,0,0
A & N ISLANDS,2006,BORSTAL SCHOOL,0,0,0,0,0,0,0
A & N ISLANDS,2006,OPEN JAIL,0,0,0,0,0,0,0
A & N ISLANDS,2006,SPECIAL JAIL,0,0,0,0,0,0,0
A & N ISLANDS,2006,OTHERS,0,0,0,0,0,0,0
A & N ISLANDS,2006,TOTAL,4,269,40,309,344,2,346
A & N ISLANDS,2007,CENTRAL JAIL,0,0,0,0,0,0,0
A & N ISLANDS,2007,DISTRICT JAIL,1,239,30,269,400,1,401
A & N ISLANDS,2007,SUB JAIL,3,30,10,40,11,1,12
A & N ISLANDS,2007,WOMEN JAIL,0,0,0,0,0,0,0
A & N ISLANDS,2007,BORSTAL SCHOOL,0,0,0,0,0,0,0
A & N ISLANDS,2007,OPEN JAIL,0,0,0,0,0,0,0
A & N ISLANDS,2007,SPECIAL JAIL,0,0,0,0,0,0,0
A & N ISLANDS,2007,OTHERS,0,0,0,0,0,0,0
A & N ISLANDS,2007,TOTAL,4,269,40,309,411,2,413
A & N ISLANDS,2008,CENTRAL JAIL,0,0,0,0,0,0,0
A & N ISLANDS,2008,DISTRICT JAIL,1,239,30,269,209,0,209
A & N ISLANDS,2008,SUB JAIL,3,30,10,40,12,0,12
A & N ISLANDS,2008,WOMEN JAIL,0,0,0,0,0,0,0
A & N ISLANDS,2008,BORSTAL SCHOOL,0,0,0,0,0,0,0
A & N ISLANDS,2008,OPEN JAIL,0,0,0,0,0,0,0
A & N ISLANDS,2008,SPECIAL JAIL,0,0,0,0,0,0,0
A & N ISLANDS,2008,OTHERS,0,0,0,0,0,0,0
A & N ISLANDS,2008,TOTAL,4,269,40,309,221,0,221
A & N ISLANDS,2009,CENTRAL JAIL,0,0,0,0,0,0,0
A & N ISLANDS,2009,DISTRICT JAIL,1,239,30,269,211,0,211
A & N ISLANDS,2009,SUB JAIL,3,30,10,40,17,0,17
A & N ISLANDS,2009,WOMEN JAIL,0,0,0,0,0,0,0
A & N ISLANDS,2009,BORSTAL SCHOOL,0,0,0,0,0,0,0
A & N ISLANDS,2009,OPEN JAIL,0,0,0,0,0,0,0
A & N ISLANDS,2009,SPECIAL JAIL,0,0,0,0,0,0,0
A & N ISLANDS,2009,OTHERS,0,0,0,0,0,0,0
A & N ISLANDS,2009,TOTAL,4,269,40,309,228,0,228
A & N ISLANDS,2010,CENTRAL JAIL,0,0,0,0,0,0,0
A & N ISLANDS,2010,DISTRICT JAIL,1,239,30,269,662,2,664
A & N ISLANDS,2010,SUB JAIL,3,30,10,40,24,0,24
A & N ISLANDS,2010,WOMEN JAIL,0,0,0,0,0,0,0
A & N ISLANDS,2010,BORSTAL SCHOOL,0,0,0,0,0,0,0
A & N ISLANDS,2010,OPEN JAIL,0,0,0,0,0,0,0
A & N ISLANDS,2010,SPECIAL JAIL,0,0,0,0,0,0,0
A & N ISLANDS,2010,OTHERS,0,0,0,0,0,0,0
A & N ISLANDS,2010,TOTAL,4,269,40,309,686,2,688
A & N ISLANDS,2011,CENTRAL JAIL,0,0,0,0,0,0,0
A & N ISLANDS,2011,DISTRICT JAIL,1,239,30,269,1095,6,1101
A & N ISLANDS,2011,SUB JAIL,3,30,10,40,17,1,18
A & N ISLANDS,2011,WOMEN JAIL,0,0,0,0,0,0,0
A & N ISLANDS,2011,BORSTAL SCHOOL,0,0,0,0,0,0,0
A & N ISLANDS,2011,OPEN JAIL,0,0,0,0,0,0,0
A & N ISLANDS,2011,SPECIAL JAIL,0,0,0,0,0,0,0
A & N ISLANDS,2011,OTHERS,0,0,0,0,0,0,0
A & N ISLANDS,2011,TOTAL,4,269,40,309,1112,7,1119
A & N ISLANDS,2012,CENTRAL JAIL,0,0,0,0,0,0,0
A & N ISLANDS,2012,DISTRICT JAIL,1,239,30,269,994,8,1002
A & N ISLANDS,2012,SUB JAIL,3,30,10,40,21,1,22
A & N ISLANDS,2012,WOMEN JAIL,0,0,0,0,0,0,0
A & N ISLANDS,2012,BORSTAL SCHOOL,0,0,0,0,0,0,0
A & N ISLANDS,2012,OPEN JAIL,0,0,0,0,0,0,0
A & N ISLANDS,2012,SPECIAL JAIL,1,800,0,800,102,0,102
A & N ISLANDS,2012,OTHERS,0,0,0,0,0,0,0
A & N ISLANDS,2012,TOTAL,5,1069,40,1109,1117,9,1126
CHANDIGARH,2001,CENTRAL JAIL,0,0,0,0,0,0,0
CHANDIGARH,2001,DISTRICT JAIL,0,0,0,0,0,0,0
CHANDIGARH,2001,SUB JAIL,0,0,0,0,0,0,0
CHANDIGARH,2001,WOMEN JAIL,0,0,0,0,0,0,0
CHANDIGARH,2001,BORSTAL SCHOOL,0,0,0,0,0,0,0
CHANDIGARH,2001,OPEN JAIL,0,0,0,0,0,0,0
CHANDIGARH,2001,SPECIAL JAIL,0,0,0,0,0,0,0
CHANDIGARH,2001,OTHERS,1,960,40,1000,402,24,426
CHANDIGARH,2001,TOTAL,1,960,40,1000,402,24,426
CHANDIGARH,2002,CENTRAL JAIL,0,0,0,0,0,0,0
CHANDIGARH,2002,DISTRICT JAIL,0,0,0,0,0,0,0
CHANDIGARH,2002,SUB JAIL,0,0,0,0,0,0,0
CHANDIGARH,2002,WOMEN JAIL,0,0,0,0,0,0,0
CHANDIGARH,2002,BORSTAL SCHOOL,0,0,0,0,0,0,0
CHANDIGARH,2002,OPEN JAIL,0,0,0,0,0,0,0
CHANDIGARH,2002,SPECIAL JAIL,0,0,0,0,0,0,0
CHANDIGARH,2002,OTHERS,1,960,40,1000,433,23,456
CHANDIGARH,2002,TOTAL,1,960,40,1000,433,23,456
CHANDIGARH,2003,CENTRAL JAIL,0,0,0,0,0,0,0
CHANDIGARH,2003,DISTRICT JAIL,0,0,0,0,0,0,0
CHANDIGARH,2003,SUB JAIL,0,0,0,0,0,0,0
CHANDIGARH,2003,WOMEN JAIL,0,0,0,0,0,0,0
CHANDIGARH,2003,BORSTAL SCHOOL,0,0,0,0,0,0,0
CHANDIGARH,2003,OPEN JAIL,0,0,0,0,0,0,0
CHANDIGARH,2003,SPECIAL JAIL,0,0,0,0,0,0,0
CHANDIGARH,2003,OTHERS,1,960,40,1000,498,27,525
CHANDIGARH,2003,TOTAL,1,960,40,1000,498,27,525
CHANDIGARH,2004,CENTRAL JAIL,0,0,0,0,0,0,0
CHANDIGARH,2004,DISTRICT JAIL,0,0,0,0,0,0,0
CHANDIGARH,2004,SUB JAIL,0,0,0,0,0,0,0
CHANDIGARH,2004,WOMEN JAIL,0,0,0,0,0,0,0
CHANDIGARH,2004,BORSTAL SCHOOL,0,0,0,0,0,0,0
CHANDIGARH,2004,OPEN JAIL,0,0,0,0,0,0,0
CHANDIGARH,2004,SPECIAL JAIL,0,0,0,0,0,0,0
CHANDIGARH,2004,OTHERS,1,960,40,1000,518,31,549
CHANDIGARH,2004,TOTAL,1,960,40,1000,518,31,549
CHANDIGARH,2005,CENTRAL JAIL,0,0,0,0,0,0,0
CHANDIGARH,2005,DISTRICT JAIL,0,0,0,0,0,0,0
CHANDIGARH,2005,SUB JAIL,0,0,0,0,0,0,0
CHANDIGARH,2005,WOMEN JAIL,0,0,0,0,0,0,0
CHANDIGARH,2005,BORSTAL SCHOOL,0,0,0,0,0,0,0
CHANDIGARH,2005,OPEN JAIL,0,0,0,0,0,0,0
CHANDIGARH,2005,SPECIAL JAIL,0,0,0,0,0,0,0
CHANDIGARH,2005,OTHERS,1,960,40,1000,429,26,455
CHANDIGARH,2005,TOTAL,1,960,40,1000,429,26,455
CHANDIGARH,2006,CENTRAL JAIL,0,0,0,0,0,0,0
CHANDIGARH,2006,DISTRICT JAIL,0,0,0,0,0,0,0
CHANDIGARH,2006,SUB JAIL,0,0,0,0,0,0,0
CHANDIGARH,2006,WOMEN JAIL,0,0,0,0,0,0,0
CHANDIGARH,2006,BORSTAL SCHOOL,0,0,0,0,0,0,0
CHANDIGARH,2006,OPEN JAIL,0,0,0,0,0,0,0
CHANDIGARH,2006,SPECIAL JAIL,0,0,0,0,0,0,0
CHANDIGARH,2006,OTHERS,1,960,40,1000,412,26,438
CHANDIGARH,2006,TOTAL,1,960,40,1000,412,26,438
CHANDIGARH,2007,CENTRAL JAIL,1,960,40,1000,483,18,501
CHANDIGARH,2007,DISTRICT JAIL,0,0,0,0,0,0,0
CHANDIGARH,2007,SUB JAIL,0,0,0,0,0,0,0
CHANDIGARH,2007,WOMEN JAIL,0,0,0,0,0,0,0
CHANDIGARH,2007,BORSTAL SCHOOL,0,0,0,0,0,0,0
CHANDIGARH,2007,OPEN JAIL,0,0,0,0,0,0,0
CHANDIGARH,2007,SPECIAL JAIL,0,0,0,0,0,0,0
CHANDIGARH,2007,OTHERS,0,0,0,0,0,0,0
CHANDIGARH,2007,TOTAL,1,960,40,1000,483,18,501
CHANDIGARH,2008,CENTRAL JAIL,1,960,40,1000,509,17,526
CHANDIGARH,2008,DISTRICT JAIL,0,0,0,0,0,0,0
CHANDIGARH,2008,SUB JAIL,0,0,0,0,0,0,0
CHANDIGARH,2008,WOMEN JAIL,0,0,0,0,0,0,0
CHANDIGARH,2008,BORSTAL SCHOOL,0,0,0,0,0,0,0
CHANDIGARH,2008,OPEN JAIL,0,0,0,0,0,0,0
CHANDIGARH,2008,SPECIAL JAIL,0,0,0,0,0,0,0
CHANDIGARH,2008,OTHERS,0,0,0,0,0,0,0
CHANDIGARH,2008,TOTAL,1,960,40,1000,509,17,526
CHANDIGARH,2009,CENTRAL JAIL,1,960,40,1000,614,29,643
CHANDIGARH,2009,DISTRICT JAIL,0,0,0,0,0,0,0
CHANDIGARH,2009,SUB JAIL,0,0,0,0,0,0,0
CHANDIGARH,2009,WOMEN JAIL,0,0,0,0,0,0,0
CHANDIGARH,2009,BORSTAL SCHOOL,0,0,0,0,0,0,0
CHANDIGARH,2009,OPEN JAIL,0,0,0,0,0,0,0
CHANDIGARH,2009,SPECIAL JAIL,0,0,0,0,0,0,0
CHANDIGARH,2009,OTHERS,0,0,0,0,0,0,0
CHANDIGARH,2009,TOTAL,1,960,40,1000,614,29,643
CHANDIGARH,2010,CENTRAL JAIL,1,960,40,1000,611,29,640
CHANDIGARH,2010,DISTRICT JAIL,0,0,0,0,0,0,0
CHANDIGARH,2010,SUB JAIL,0,0,0,0,0,0,0
CHANDIGARH,2010,WOMEN JAIL,0,0,0,0,0,0,0
CHANDIGARH,2010,BORSTAL SCHOOL,0,0,0,0,0,0,0
CHANDIGARH,2010,OPEN JAIL,0,0,0,0,0,0,0
CHANDIGARH,2010,SPECIAL JAIL,0,0,0,0,0,0,0
CHANDIGARH,2010,OTHERS,0,0,0,0,0,0,0
CHANDIGARH,2010,TOTAL,1,960,40,1000,611,29,640
CHANDIGARH,2011,CENTRAL JAIL,1,940,60,1000,604,22,626
CHANDIGARH,2011,DISTRICT JAIL,0,0,0,0,0,0,0
CHANDIGARH,2011,SUB JAIL,0,0,0,0,0,0,0
CHANDIGARH,2011,WOMEN JAIL,0,0,0,0,0,0,0
CHANDIGARH,2011,BORSTAL SCHOOL,0,0,0,0,0,0,0
CHANDIGARH,2011,OPEN JAIL,0,0,0,0,0,0,0
CHANDIGARH,2011,SPECIAL JAIL,0,0,0,0,0,0,0
CHANDIGARH,2011,OTHERS,0,0,0,0,0,0,0
CHANDIGARH,2011,TOTAL,1,940,60,1000,604,22,626
CHANDIGARH,2012,CENTRAL JAIL,1,940,60,1000,693,41,734
CHANDIGARH,2012,DISTRICT JAIL,0,0,0,0,0,0,0
CHANDIGARH,2012,SUB JAIL,0,0,0,0,0,0,0
CHANDIGARH,2012,WOMEN JAIL,0,0,0,0,0,0,0
CHANDIGARH,2012,BORSTAL SCHOOL,0,0,0,0,0,0,0
CHANDIGARH,2012,OPEN JAIL,0,0,0,0,0,0,0
CHANDIGARH,2012,SPECIAL JAIL,0,0,0,0,0,0,0
CHANDIGARH,2012,OTHERS,0,0,0,0,0,0,0
CHANDIGARH,2012,TOTAL,1,940,60,1000,693,41,734
D & N HAVELI,2001,CENTRAL JAIL,0,0,0,0,0,0,0
D & N HAVELI,2001,DISTRICT JAIL,0,0,0,0,0,0,0
D & N HAVELI,2001,SUB JAIL,1,40,10,50,161,5,166
D & N HAVELI,2001,WOMEN JAIL,0,0,0,0,0,0,0
D & N HAVELI,2001,BORSTAL SCHOOL,0,0,0,0,0,0,0
D & N HAVELI,2001,OPEN JAIL,0,0,0,0,0,0,0
D & N HAVELI,2001,SPECIAL JAIL,0,0,0,0,0,0,0
D & N HAVELI,2001,OTHERS,0,0,0,0,0,0,0
D & N HAVELI,2001,TOTAL,1,40,10,50,161,5,166
D & N HAVELI,2002,CENTRAL JAIL,0,0,0,0,0,0,0
D & N HAVELI,2002,DISTRICT JAIL,0,0,0,0,0,0,0
D & N HAVELI,2002,SUB JAIL,1,40,10,50,158,2,160
D & N HAVELI,2002,WOMEN JAIL,0,0,0,0,0,0,0
D & N HAVELI,2002,BORSTAL SCHOOL,0,0,0,0,0,0,0
D & N HAVELI,2002,OPEN JAIL,0,0,0,0,0,0,0
D & N HAVELI,2002,SPECIAL JAIL,0,0,0,0,0,0,0
D & N HAVELI,2002,OTHERS,0,0,0,0,0,0,0
D & N HAVELI,2002,TOTAL,1,40,10,50,158,2,160
D & N HAVELI,2003,CENTRAL JAIL,0,0,0,0,0,0,0
D & N HAVELI,2003,DISTRICT JAIL,0,0,0,0,0,0,0
D & N HAVELI,2003,SUB JAIL,1,40,10,50,172,0,172
D & N HAVELI,2003,WOMEN JAIL,0,0,0,0,0,0,0
D & N HAVELI,2003,BORSTAL SCHOOL,0,0,0,0,0,0,0
D & N HAVELI,2003,OPEN JAIL,0,0,0,0,0,0,0
D & N HAVELI,2003,SPECIAL JAIL,0,0,0,0,0,0,0
D & N HAVELI,2003,OTHERS,0,0,0,0,0,0,0
D & N HAVELI,2003,TOTAL,1,40,10,50,172,0,172
D & N HAVELI,2004,CENTRAL JAIL,0,0,0,0,0,0,0
D & N HAVELI,2004,DISTRICT JAIL,0,0,0,0,0,0,0
D & N HAVELI,2004,SUB JAIL,1,40,10,50,33,0,33
D & N HAVELI,2004,WOMEN JAIL,0,0,0,0,0,0,0
D & N HAVELI,2004,BORSTAL SCHOOL,0,0,0,0,0,0,0
D & N HAVELI,2004,OPEN JAIL,0,0,0,0,0,0,0
D & N HAVELI,2004,SPECIAL JAIL,0,0,0,0,0,0,0
D & N HAVELI,2004,OTHERS,0,0,0,0,0,0,0
D & N HAVELI,2004,TOTAL,1,40,10,50,33,0,33
D & N HAVELI,2005,CENTRAL JAIL,0,0,0,0,0,0,0
D & N HAVELI,2005,DISTRICT JAIL,0,0,0,0,0,0,0
D & N HAVELI,2005,SUB JAIL,1,40,10,50,29,0,29
D & N HAVELI,2005,WOMEN JAIL,0,0,0,0,0,0,0
D & N HAVELI,2005,BORSTAL SCHOOL,0,0,0,0,0,0,0
D & N HAVELI,2005,OPEN JAIL,0,0,0,0,0,0,0
D & N HAVELI,2005,SPECIAL JAIL,0,0,0,0,0,0,0
D & N HAVELI,2005,OTHERS,0,0,0,0,0,0,0
D & N HAVELI,2005,TOTAL,1,40,10,50,29,0,29
D & N HAVELI,2006,CENTRAL JAIL,0,0,0,0,0,0,0
D & N HAVELI,2006,DISTRICT JAIL,0,0,0,0,0,0,0
D & N HAVELI,2006,SUB JAIL,1,50,10,60,33,0,33
D & N HAVELI,2006,WOMEN JAIL,0,0,0,0,0,0,0
D & N HAVELI,2006,BORSTAL SCHOOL,0,0,0,0,0,0,0
D & N HAVELI,2006,OPEN JAIL,0,0,0,0,0,0,0
D & N HAVELI,2006,SPECIAL JAIL,0,0,0,0,0,0,0
D & N HAVELI,2006,OTHERS,0,0,0,0,0,0,0
D & N HAVELI,2006,TOTAL,1,50,10,60,33,0,33
D & N HAVELI,2007,CENTRAL JAIL,0,0,0,0,0,0,0
D & N HAVELI,2007,DISTRICT JAIL,0,0,0,0,0,0,0
D & N HAVELI,2007,SUB JAIL,1,50,10,60,28,0,28
D & N HAVELI,2007,WOMEN JAIL,0,0,0,0,0,0,0
D & N HAVELI,2007,BORSTAL SCHOOL,0,0,0,0,0,0,0
D & N HAVELI,2007,OPEN JAIL,0,0,0,0,0,0,0
D & N HAVELI,2007,SPECIAL JAIL,0,0,0,0,0,0,0
D & N HAVELI,2007,OTHERS,0,0,0,0,0,0,0
D & N HAVELI,2007,TOTAL,1,50,10,60,28,0,28
D & N HAVELI,2008,CENTRAL JAIL,0,0,0,0,0,0,0
D & N HAVELI,2008,DISTRICT JAIL,0,0,0,0,0,0,0
D & N HAVELI,2008,SUB JAIL,1,50,10,60,43,3,46
D & N HAVELI,2008,WOMEN JAIL,0,0,0,0,0,0,0
D & N HAVELI,2008,BORSTAL SCHOOL,0,0,0,0,0,0,0
D & N HAVELI,2008,OPEN JAIL,0,0,0,0,0,0,0
D & N HAVELI,2008,SPECIAL JAIL,0,0,0,0,0,0,0
D & N HAVELI,2008,OTHERS,0,0,0,0,0,0,0
D & N HAVELI,2008,TOTAL,1,50,10,60,43,3,46
D & N HAVELI,2009,CENTRAL JAIL,0,0,0,0,0,0,0
D & N HAVELI,2009,DISTRICT JAIL,0,0,0,0,0,0,0
D & N HAVELI,2009,SUB JAIL,1,50,10,60,54,2,56
D & N HAVELI,2009,WOMEN JAIL,0,0,0,0,0,0,0
D & N HAVELI,2009,BORSTAL SCHOOL,0,0,0,0,0,0,0
D & N HAVELI,2009,OPEN JAIL,0,0,0,0,0,0,0
D & N HAVELI,2009,SPECIAL JAIL,0,0,0,0,0,0,0
D & N HAVELI,2009,OTHERS,0,0,0,0,0,0,0
D & N HAVELI,2009,TOTAL,1,50,10,60,54,2,56
D & N HAVELI,2010,CENTRAL JAIL,0,0,0,0,0,0,0
D & N HAVELI,2010,DISTRICT JAIL,0,0,0,0,0,0,0
D & N HAVELI,2010,SUB JAIL,1,50,10,60,42,0,42
D & N HAVELI,2010,WOMEN JAIL,0,0,0,0,0,0,0
D & N HAVELI,2010,BORSTAL SCHOOL,0,0,0,0,0,0,0
D & N HAVELI,2010,OPEN JAIL,0,0,0,0,0,0,0
D & N HAVELI,2010,SPECIAL JAIL,0,0,0,0,0,0,0
D & N HAVELI,2010,OTHERS,0,0,0,0,0,0,0
D & N HAVELI,2010,TOTAL,1,50,10,60,42,0,42
D & N HAVELI,2011,CENTRAL JAIL,0,0,0,0,0,0,0
D & N HAVELI,2011,DISTRICT JAIL,0,0,0,0,0,0,0
D & N HAVELI,2011,SUB JAIL,1,50,10,60,23,2,25
D & N HAVELI,2011,WOMEN JAIL,0,0,0,0,0,0,0
D & N HAVELI,2011,BORSTAL SCHOOL,0,0,0,0,0,0,0
D & N HAVELI,2011,OPEN JAIL,0,0,0,0,0,0,0
D & N HAVELI,2011,SPECIAL JAIL,0,0,0,0,0,0,0
D & N HAVELI,2011,OTHERS,0,0,0,0,0,0,0
D & N HAVELI,2011,TOTAL,1,50,10,60,23,2,25
D & N HAVELI,2012,CENTRAL JAIL,0,0,0,0,0,0,0
D & N HAVELI,2012,DISTRICT JAIL,0,0,0,0,0,0,0
D & N HAVELI,2012,SUB JAIL,1,50,10,60,35,2,37
D & N HAVELI,2012,WOMEN JAIL,0,0,0,0,0,0,0
D & N HAVELI,2012,BORSTAL SCHOOL,0,0,0,0,0,0,0
D & N HAVELI,2012,OPEN JAIL,0,0,0,0,0,0,0
D & N HAVELI,2012,SPECIAL JAIL,0,0,0,0,0,0,0
D & N HAVELI,2012,OTHERS,0,0,0,0,0,0,0
D & N HAVELI,2012,TOTAL,1,50,10,60,35,2,37
DAMAN & DIU,2001,CENTRAL JAIL,0,0,0,0,0,0,0
DAMAN & DIU,2001,DISTRICT JAIL,0,0,0,0,0,0,0
DAMAN & DIU,2001,SUB JAIL,2,80,40,120,40,1,41
DAMAN & DIU,2001,WOMEN JAIL,0,0,0,0,0,0,0
DAMAN & DIU,2001,BORSTAL SCHOOL,0,0,0,0,0,0,0
DAMAN & DIU,2001,OPEN JAIL,0,0,0,0,0,0,0
DAMAN & DIU,2001,SPECIAL JAIL,0,0,0,0,0,0,0
DAMAN & DIU,2001,OTHERS,0,0,0,0,0,0,0
DAMAN & DIU,2001,TOTAL,2,80,40,120,40,1,41
DAMAN & DIU,2002,CENTRAL JAIL,0,0,0,0,0,0,0
DAMAN & DIU,2002,DISTRICT JAIL,0,0,0,0,0,0,0
DAMAN & DIU,2002,SUB JAIL,2,80,40,120,33,0,33
DAMAN & DIU,2002,WOMEN JAIL,0,0,0,0,0,0,0
DAMAN & DIU,2002,BORSTAL SCHOOL,0,0,0,0,0,0,0
DAMAN & DIU,2002,OPEN JAIL,0,0,0,0,0,0,0
DAMAN & DIU,2002,SPECIAL JAIL,0,0,0,0,0,0,0
DAMAN & DIU,2002,OTHERS,0,0,0,0,0,0,0
DAMAN & DIU,2002,TOTAL,2,80,40,120,33,0,33
DAMAN & DIU,2003,CENTRAL JAIL,0,0,0,0,0,0,0
DAMAN & DIU,2003,DISTRICT JAIL,0,0,0,0,0,0,0
DAMAN & DIU,2003,SUB JAIL,2,80,40,120,33,0,33
DAMAN & DIU,2003,WOMEN JAIL,0,0,0,0,0,0,0
DAMAN & DIU,2003,BORSTAL SCHOOL,0,0,0,0,0,0,0
DAMAN & DIU,2003,OPEN JAIL,0,0,0,0,0,0,0
DAMAN & DIU,2003,SPECIAL JAIL,0,0,0,0,0,0,0
DAMAN & DIU,2003,OTHERS,0,0,0,0,0,0,0
DAMAN & DIU,2003,TOTAL,2,80,40,120,33,0,33
DAMAN & DIU,2004,CENTRAL JAIL,0,0,0,0,0,0,0
DAMAN & DIU,2004,DISTRICT JAIL,0,0,0,0,0,0,0
DAMAN & DIU,2004,SUB JAIL,2,80,40,120,26,1,27
DAMAN & DIU,2004,WOMEN JAIL,0,0,0,0,0,0,0
DAMAN & DIU,2004,BORSTAL SCHOOL,0,0,0,0,0,0,0
DAMAN & DIU,2004,OPEN JAIL,0,0,0,0,0,0,0
DAMAN & DIU,2004,SPECIAL JAIL,0,0,0,0,0,0,0
DAMAN & DIU,2004,OTHERS,0,0,0,0,0,0,0
DAMAN & DIU,2004,TOTAL,2,80,40,120,26,1,27
DAMAN & DIU,2005,CENTRAL JAIL,0,0,0,0,0,0,0
DAMAN & DIU,2005,DISTRICT JAIL,0,0,0,0,0,0,0
DAMAN & DIU,2005,SUB JAIL,2,80,40,120,34,1,35
DAMAN & DIU,2005,WOMEN JAIL,0,0,0,0,0,0,0
DAMAN & DIU,2005,BORSTAL SCHOOL,0,0,0,0,0,0,0
DAMAN & DIU,2005,OPEN JAIL,0,0,0,0,0,0,0
DAMAN & DIU,2005,SPECIAL JAIL,0,0,0,0,0,0,0
DAMAN & DIU,2005,OTHERS,0,0,0,0,0,0,0
DAMAN & DIU,2005,TOTAL,2,80,40,120,34,1,35
DAMAN & DIU,2006,CENTRAL JAIL,0,0,0,0,0,0,0
DAMAN & DIU,2006,DISTRICT JAIL,0,0,0,0,0,0,0
DAMAN & DIU,2006,SUB JAIL,2,80,40,120,53,1,54
DAMAN & DIU,2006,WOMEN JAIL,0,0,0,0,0,0,0
DAMAN & DIU,2006,BORSTAL SCHOOL,0,0,0,0,0,0,0
DAMAN & DIU,2006,OPEN JAIL,0,0,0,0,0,0,0
DAMAN & DIU,2006,SPECIAL JAIL,0,0,0,0,0,0,0
DAMAN & DIU,2006,OTHERS,0,0,0,0,0,0,0
DAMAN & DIU,2006,TOTAL,2,80,40,120,53,1,54
DAMAN & DIU,2007,CENTRAL JAIL,0,0,0,0,0,0,0
DAMAN & DIU,2007,DISTRICT JAIL,0,0,0,0,0,0,0
DAMAN & DIU,2007,SUB JAIL,2,80,40,120,60,6,66
DAMAN & DIU,2007,WOMEN JAIL,0,0,0,0,0,0,0
DAMAN & DIU,2007,BORSTAL SCHOOL,0,0,0,0,0,0,0
DAMAN & DIU,2007,OPEN JAIL,0,0,0,0,0,0,0
DAMAN & DIU,2007,SPECIAL JAIL,0,0,0,0,0,0,0
DAMAN & DIU,2007,OTHERS,0,0,0,0,0,0,0
DAMAN & DIU,2007,TOTAL,2,80,40,120,60,6,66
DAMAN & DIU,2008,CENTRAL JAIL,0,0,0,0,0,0,0
DAMAN & DIU,2008,DISTRICT JAIL,0,0,0,0,0,0,0
DAMAN & DIU,2008,SUB JAIL,2,80,40,120,40,3,43
DAMAN & DIU,2008,WOMEN JAIL,0,0,0,0,0,0,0
DAMAN & DIU,2008,BORSTAL SCHOOL,0,0,0,0,0,0,0
DAMAN & DIU,2008,OPEN JAIL,0,0,0,0,0,0,0
DAMAN & DIU,2008,SPECIAL JAIL,0,0,0,0,0,0,0
DAMAN & DIU,2008,OTHERS,0,0,0,0,0,0,0
DAMAN & DIU,2008,TOTAL,2,80,40,120,40,3,43
DAMAN & DIU,2009,CENTRAL JAIL,0,0,0,0,0,0,0
DAMAN & DIU,2009,DISTRICT JAIL,0,0,0,0,0,0,0
DAMAN & DIU,2009,SUB JAIL,2,80,40,120,39,1,40
DAMAN & DIU,2009,WOMEN JAIL,0,0,0,0,0,0,0
DAMAN & DIU,2009,BORSTAL SCHOOL,0,0,0,0,0,0,0
DAMAN & DIU,2009,OPEN JAIL,0,0,0,0,0,0,0
DAMAN & DIU,2009,SPECIAL JAIL,0,0,0,0,0,0,0
DAMAN & DIU,2009,OTHERS,0,0,0,0,0,0,0
DAMAN & DIU,2009,TOTAL,2,80,40,120,39,1,40
DAMAN & DIU,2010,CENTRAL JAIL,0,0,0,0,0,0,0
DAMAN & DIU,2010,DISTRICT JAIL,0,0,0,0,0,0,0
DAMAN & DIU,2010,SUB JAIL,2,80,40,120,29,1,30
DAMAN & DIU,2010,WOMEN JAIL,0,0,0,0,0,0,0
DAMAN & DIU,2010,BORSTAL SCHOOL,0,0,0,0,0,0,0
DAMAN & DIU,2010,OPEN JAIL,0,0,0,0,0,0,0
DAMAN & DIU,2010,SPECIAL JAIL,0,0,0,0,0,0,0
DAMAN & DIU,2010,OTHERS,0,0,0,0,0,0,0
DAMAN & DIU,2010,TOTAL,2,80,40,120,29,1,30
DAMAN & DIU,2011,CENTRAL JAIL,0,0,0,0,0,0,0
DAMAN & DIU,2011,DISTRICT JAIL,0,0,0,0,0,0,0
DAMAN & DIU,2011,SUB JAIL,2,80,40,120,28,1,29
DAMAN & DIU,2011,WOMEN JAIL,0,0,0,0,0,0,0
DAMAN & DIU,2011,BORSTAL SCHOOL,0,0,0,0,0,0,0
DAMAN & DIU,2011,OPEN JAIL,0,0,0,0,0,0,0
DAMAN & DIU,2011,SPECIAL JAIL,0,0,0,0,0,0,0
DAMAN & DIU,2011,OTHERS,0,0,0,0,0,0,0
DAMAN & DIU,2011,TOTAL,2,80,40,120,28,1,29
DAMAN & DIU,2012,CENTRAL JAIL,0,0,0,0,0,0,0
DAMAN & DIU,2012,DISTRICT JAIL,0,0,0,0,0,0,0
DAMAN & DIU,2012,SUB JAIL,2,80,40,120,23,2,25
DAMAN & DIU,2012,WOMEN JAIL,0,0,0,0,0,0,0
DAMAN & DIU,2012,BORSTAL SCHOOL,0,0,0,0,0,0,0
DAMAN & DIU,2012,OPEN JAIL,0,0,0,0,0,0,0
DAMAN & DIU,2012,SPECIAL JAIL,0,0,0,0,0,0,0
DAMAN & DIU,2012,OTHERS,0,0,0,0,0,0,0
DAMAN & DIU,2012,TOTAL,2,80,40,120,23,2,25
DELHI,2001,CENTRAL JAIL,5,3237,0,3237,10519,0,10519
DELHI,2001,DISTRICT JAIL,0,0,0,0,0,0,0
DELHI,2001,SUB JAIL,0,0,0,0,0,0,0
DELHI,2001,WOMEN JAIL,1,0,400,400,0,504,504
DELHI,2001,BORSTAL SCHOOL,0,0,0,0,0,0,0
DELHI,2001,OPEN JAIL,0,0,0,0,0,0,0
DELHI,2001,SPECIAL JAIL,0,0,0,0,0,0,0
DELHI,2001,OTHERS,0,0,0,0,0,0,0
DELHI,2001,TOTAL,6,3237,400,3637,10519,504,11023
DELHI,2002,CENTRAL JAIL,5,3237,0,3237,11544,0,11544
DELHI,2002,DISTRICT JAIL,0,0,0,0,0,0,0
DELHI,2002,SUB JAIL,0,0,0,0,0,0,0
DELHI,2002,WOMEN JAIL,1,0,400,400,0,497,497
DELHI,2002,BORSTAL SCHOOL,0,0,0,0,0,0,0
DELHI,2002,OPEN JAIL,0,0,0,0,0,0,0
DELHI,2002,SPECIAL JAIL,0,0,0,0,0,0,0
DELHI,2002,OTHERS,0,0,0,0,0,0,0
DELHI,2002,TOTAL,6,3237,400,3637,11544,497,12041
DELHI,2003,CENTRAL JAIL,6,3587,0,3587,11622,0,11622
DELHI,2003,DISTRICT JAIL,0,0,0,0,0,0,0
DELHI,2003,SUB JAIL,0,0,0,0,0,0,0
DELHI,2003,WOMEN JAIL,1,0,400,400,0,550,550
DELHI,2003,BORSTAL SCHOOL,0,0,0,0,0,0,0
DELHI,2003,OPEN JAIL,0,0,0,0,0,0,0
DELHI,2003,SPECIAL JAIL,0,0,0,0,0,0,0
DELHI,2003,OTHERS,0,0,0,0,0,0,0
DELHI,2003,TOTAL,7,3587,400,3987,11622,550,12172
DELHI,2004,CENTRAL JAIL,6,3600,0,3600,11477,0,11477
DELHI,2004,DISTRICT JAIL,1,1050,0,1050,602,0,602
DELHI,2004,SUB JAIL,0,0,0,0,0,0,0
DELHI,2004,WOMEN JAIL,1,0,400,400,0,531,531
DELHI,2004,BORSTAL SCHOOL,0,0,0,0,0,0,0
DELHI,2004,OPEN JAIL,0,0,0,0,0,0,0
DELHI,2004,SPECIAL JAIL,0,0,0,0,0,0,0
DELHI,2004,OTHERS,0,0,0,0,0,0,0
DELHI,2004,TOTAL,8,4650,400,5050,12079,531,12610
DELHI,2005,CENTRAL JAIL,8,4800,0,4800,10839,0,10839
DELHI,2005,DISTRICT JAIL,1,1050,0,1050,991,0,991
DELHI,2005,SUB JAIL,0,0,0,0,0,0,0
DELHI,2005,WOMEN JAIL,1,0,400,400,0,487,487
DELHI,2005,BORSTAL SCHOOL,0,0,0,0,0,0,0
DELHI,2005,OPEN JAIL,0,0,0,0,0,0,0
DELHI,2005,SPECIAL JAIL,0,0,0,0,0,0,0
DELHI,2005,OTHERS,0,0,0,0,0,0,0
DELHI,2005,TOTAL,10,5850,400,6250,11830,487,12317
DELHI,2006,CENTRAL JAIL,8,4800,0,4800,11378,0,11378
DELHI,2006,DISTRICT JAIL,1,1050,0,1050,1559,0,1559
DELHI,2006,SUB JAIL,0,0,0,0,0,0,0
DELHI,2006,WOMEN JAIL,1,0,400,400,0,463,463
DELHI,2006,BORSTAL SCHOOL,0,0,0,0,0,0,0
DELHI,2006,OPEN JAIL,0,0,0,0,0,0,0
DELHI,2006,SPECIAL JAIL,0,0,0,0,0,0,0
DELHI,2006,OTHERS,0,0,0,0,0,0,0
DELHI,2006,TOTAL,10,5850,400,6250,12937,463,13400
DELHI,2007,CENTRAL JAIL,8,4800,0,4800,9523,0,9523
DELHI,2007,DISTRICT JAIL,1,1050,0,1050,1597,0,1597
DELHI,2007,SUB JAIL,0,0,0,0,0,0,0
DELHI,2007,WOMEN JAIL,1,0,400,400,0,485,485
DELHI,2007,BORSTAL SCHOOL,0,0,0,0,0,0,0
DELHI,2007,OPEN JAIL,0,0,0,0,0,0,0
DELHI,2007,SPECIAL JAIL,0,0,0,0,0,0,0
DELHI,2007,OTHERS,0,0,0,0,0,0,0
DELHI,2007,TOTAL,10,5850,400,6250,11120,485,11605
DELHI,2008,CENTRAL JAIL,8,4800,0,4800,9401,0,9401
DELHI,2008,DISTRICT JAIL,1,1050,0,1050,1682,0,1682
DELHI,2008,SUB JAIL,0,0,0,0,0,0,0
DELHI,2008,WOMEN JAIL,1,0,400,400,0,470,470
DELHI,2008,BORSTAL SCHOOL,0,0,0,0,0,0,0
DELHI,2008,OPEN JAIL,0,0,0,0,0,0,0
DELHI,2008,SPECIAL JAIL,0,0,0,0,0,0,0
DELHI,2008,OTHERS,0,0,0,0,0,0,0
DELHI,2008,TOTAL,10,5850,400,6250,11083,470,11553
DELHI,2009,CENTRAL JAIL,8,4800,0,4800,9342,0,9342
DELHI,2009,DISTRICT JAIL,1,1050,0,1050,1457,0,1457
DELHI,2009,SUB JAIL,0,0,0,0,0,0,0
DELHI,2009,WOMEN JAIL,1,0,400,400,0,447,447
DELHI,2009,BORSTAL SCHOOL,0,0,0,0,0,0,0
DELHI,2009,OPEN JAIL,0,0,0,0,0,0,0
DELHI,2009,SPECIAL JAIL,0,0,0,0,0,0,0
DELHI,2009,OTHERS,0,0,0,0,0,0,0
DELHI,2009,TOTAL,10,5850,400,6250,10799,447,11246
DELHI,2010,CENTRAL JAIL,8,4800,0,4800,8919,0,8919
DELHI,2010,DISTRICT JAIL,1,1050,0,1050,1432,0,1432
DELHI,2010,SUB JAIL,0,0,0,0,0,0,0
DELHI,2010,WOMEN JAIL,1,0,400,400,0,505,505
DELHI,2010,BORSTAL SCHOOL,0,0,0,0,0,0,0
DELHI,2010,OPEN JAIL,0,0,0,0,0,0,0
DELHI,2010,SPECIAL JAIL,0,0,0,0,0,0,0
DELHI,2010,OTHERS,0,0,0,0,0,0,0
DELHI,2010,TOTAL,10,5850,400,6250,10351,505,10856
DELHI,2011,CENTRAL JAIL,8,4800,0,4800,10173,0,10173
DELHI,2011,DISTRICT JAIL,1,1050,0,1050,1425,0,1425
DELHI,2011,SUB JAIL,0,0,0,0,0,0,0
DELHI,2011,WOMEN JAIL,1,0,400,400,0,526,526
DELHI,2011,BORSTAL SCHOOL,0,0,0,0,0,0,0
DELHI,2011,OPEN JAIL,0,0,0,0,0,0,0
DELHI,2011,SPECIAL JAIL,0,0,0,0,0,0,0
DELHI,2011,OTHERS,0,0,0,0,0,0,0
DELHI,2011,TOTAL,10,5850,400,6250,11598,526,12124
DELHI,2012,CENTRAL JAIL,8,4800,0,4800,9993,0,9993
DELHI,2012,DISTRICT JAIL,1,1050,0,1050,1580,0,1580
DELHI,2012,SUB JAIL,0,0,0,0,0,0,0
DELHI,2012,WOMEN JAIL,1,0,400,400,0,540,540
DELHI,2012,BORSTAL SCHOOL,0,0,0,0,0,0,0
DELHI,2012,OPEN JAIL,0,0,0,0,0,0,0
DELHI,2012,SPECIAL JAIL,0,0,0,0,0,0,0
DELHI,2012,OTHERS,0,0,0,0,0,0,0
DELHI,2012,TOTAL,10,5850,400,6250,11573,540,12113
LAKSHADWEEP,2001,CENTRAL JAIL,0,0,0,0,0,0,0
LAKSHADWEEP,2001,DISTRICT JAIL,0,0,0,0,0,0,0
LAKSHADWEEP,2001,SUB JAIL,4,20,0,20,1,0,1
LAKSHADWEEP,2001,WOMEN JAIL,0,0,0,0,0,0,0
LAKSHADWEEP,2001,BORSTAL SCHOOL,0,0,0,0,0,0,0
LAKSHADWEEP,2001,OPEN JAIL,0,0,0,0,0,0,0
LAKSHADWEEP,2001,SPECIAL JAIL,0,0,0,0,0,0,0
LAKSHADWEEP,2001,OTHERS,0,0,0,0,0,0,0
LAKSHADWEEP,2001,TOTAL,4,20,0,20,1,0,1
LAKSHADWEEP,2002,CENTRAL JAIL,0,0,0,0,0,0,0
LAKSHADWEEP,2002,DISTRICT JAIL,0,0,0,0,0,0,0
LAKSHADWEEP,2002,SUB JAIL,4,16,0,16,16,0,16
LAKSHADWEEP,2002,WOMEN JAIL,0,0,0,0,0,0,0
LAKSHADWEEP,2002,BORSTAL SCHOOL,0,0,0,0,0,0,0
LAKSHADWEEP,2002,OPEN JAIL,0,0,0,0,0,0,0
LAKSHADWEEP,2002,SPECIAL JAIL,0,0,0,0,0,0,0
LAKSHADWEEP,2002,OTHERS,0,0,0,0,0,0,0
LAKSHADWEEP,2002,TOTAL,4,16,0,16,16,0,16
LAKSHADWEEP,2003,CENTRAL JAIL,0,0,0,0,0,0,0
LAKSHADWEEP,2003,DISTRICT JAIL,0,0,0,0,0,0,0
LAKSHADWEEP,2003,SUB JAIL,4,64,0,64,4,0,4
LAKSHADWEEP,2003,WOMEN JAIL,0,0,0,0,0,0,0
LAKSHADWEEP,2003,BORSTAL SCHOOL,0,0,0,0,0,0,0
LAKSHADWEEP,2003,OPEN JAIL,0,0,0,0,0,0,0
LAKSHADWEEP,2003,SPECIAL JAIL,0,0,0,0,0,0,0
LAKSHADWEEP,2003,OTHERS,0,0,0,0,0,0,0
LAKSHADWEEP,2003,TOTAL,4,64,0,64,4,0,4
LAKSHADWEEP,2004,CENTRAL JAIL,0,0,0,0,0,0,0
LAKSHADWEEP,2004,DISTRICT JAIL,0,0,0,0,0,0,0
LAKSHADWEEP,2004,SUB JAIL,4,56,0,56,0,0,0
LAKSHADWEEP,2004,WOMEN JAIL,0,0,0,0,0,0,0
LAKSHADWEEP,2004,BORSTAL SCHOOL,0,0,0,0,0,0,0
LAKSHADWEEP,2004,OPEN JAIL,0,0,0,0,0,0,0
LAKSHADWEEP,2004,SPECIAL JAIL,0,0,0,0,0,0,0
LAKSHADWEEP,2004,OTHERS,0,0,0,0,0,0,0
LAKSHADWEEP,2004,TOTAL,4,56,0,56,0,0,0
LAKSHADWEEP,2005,CENTRAL JAIL,0,0,0,0,0,0,0
LAKSHADWEEP,2005,DISTRICT JAIL,0,0,0,0,0,0,0
LAKSHADWEEP,2005,SUB JAIL,4,60,0,60,6,0,6
LAKSHADWEEP,2005,WOMEN JAIL,0,0,0,0,0,0,0
LAKSHADWEEP,2005,BORSTAL SCHOOL,0,0,0,0,0,0,0
LAKSHADWEEP,2005,OPEN JAIL,0,0,0,0,0,0,0
LAKSHADWEEP,2005,SPECIAL JAIL,0,0,0,0,0,0,0
LAKSHADWEEP,2005,OTHERS,0,0,0,0,0,0,0
LAKSHADWEEP,2005,TOTAL,4,60,0,60,6,0,6
LAKSHADWEEP,2006,CENTRAL JAIL,0,0,0,0,0,0,0
LAKSHADWEEP,2006,DISTRICT JAIL,0,0,0,0,0,0,0
LAKSHADWEEP,2006,SUB JAIL,4,56,0,56,0,0,0
LAKSHADWEEP,2006,WOMEN JAIL,0,0,0,0,0,0,0
LAKSHADWEEP,2006,BORSTAL SCHOOL,0,0,0,0,0,0,0
LAKSHADWEEP,2006,OPEN JAIL,0,0,0,0,0,0,0
LAKSHADWEEP,2006,SPECIAL JAIL,0,0,0,0,0,0,0
LAKSHADWEEP,2006,OTHERS,0,0,0,0,0,0,0
LAKSHADWEEP,2006,TOTAL,4,56,0,56,0,0,0
LAKSHADWEEP,2007,CENTRAL JAIL,0,0,0,0,0,0,0
LAKSHADWEEP,2007,DISTRICT JAIL,0,0,0,0,0,0,0
LAKSHADWEEP,2007,SUB JAIL,4,16,0,16,22,0,22
LAKSHADWEEP,2007,WOMEN JAIL,0,0,0,0,0,0,0
LAKSHADWEEP,2007,BORSTAL SCHOOL,0,0,0,0,0,0,0
LAKSHADWEEP,2007,OPEN JAIL,0,0,0,0,0,0,0
LAKSHADWEEP,2007,SPECIAL JAIL,0,0,0,0,0,0,0
LAKSHADWEEP,2007,OTHERS,0,0,0,0,0,0,0
LAKSHADWEEP,2007,TOTAL,4,16,0,16,22,0,22
LAKSHADWEEP,2008,CENTRAL JAIL,0,0,0,0,0,0,0
LAKSHADWEEP,2008,DISTRICT JAIL,0,0,0,0,0,0,0
LAKSHADWEEP,2008,SUB JAIL,4,16,0,16,19,0,19
LAKSHADWEEP,2008,WOMEN JAIL,0,0,0,0,0,0,0
LAKSHADWEEP,2008,BORSTAL SCHOOL,0,0,0,0,0,0,0
LAKSHADWEEP,2008,OPEN JAIL,0,0,0,0,0,0,0
LAKSHADWEEP,2008,SPECIAL JAIL,0,0,0,0,0,0,0
LAKSHADWEEP,2008,OTHERS,0,0,0,0,0,0,0
LAKSHADWEEP,2008,TOTAL,4,16,0,16,19,0,19
LAKSHADWEEP,2009,CENTRAL JAIL,0,0,0,0,0,0,0
LAKSHADWEEP,2009,DISTRICT JAIL,0,0,0,0,0,0,0
LAKSHADWEEP,2009,SUB JAIL,4,16,0,16,44,0,44
LAKSHADWEEP,2009,WOMEN JAIL,0,0,0,0,0,0,0
LAKSHADWEEP,2009,BORSTAL SCHOOL,0,0,0,0,0,0,0
LAKSHADWEEP,2009,OPEN JAIL,0,0,0,0,0,0,0
LAKSHADWEEP,2009,SPECIAL JAIL,0,0,0,0,0,0,0
LAKSHADWEEP,2009,OTHERS,0,0,0,0,0,0,0
LAKSHADWEEP,2009,TOTAL,4,16,0,16,44,0,44
LAKSHADWEEP,2010,CENTRAL JAIL,0,0,0,0,0,0,0
LAKSHADWEEP,2010,DISTRICT JAIL,0,0,0,0,0,0,0
LAKSHADWEEP,2010,SUB JAIL,4,16,0,16,27,0,27
LAKSHADWEEP,2010,WOMEN JAIL,0,0,0,0,0,0,0
LAKSHADWEEP,2010,BORSTAL SCHOOL,0,0,0,0,0,0,0
LAKSHADWEEP,2010,OPEN JAIL,0,0,0,0,0,0,0
LAKSHADWEEP,2010,SPECIAL JAIL,0,0,0,0,0,0,0
LAKSHADWEEP,2010,OTHERS,0,0,0,0,0,0,0
LAKSHADWEEP,2010,TOTAL,4,16,0,16,27,0,27
LAKSHADWEEP,2011,CENTRAL JAIL,0,0,0,0,0,0,0
LAKSHADWEEP,2011,DISTRICT JAIL,0,0,0,0,0,0,0
LAKSHADWEEP,2011,SUB JAIL,4,16,0,16,79,1,80
LAKSHADWEEP,2011,WOMEN JAIL,0,0,0,0,0,0,0
LAKSHADWEEP,2011,BORSTAL SCHOOL,0,0,0,0,0,0,0
LAKSHADWEEP,2011,OPEN JAIL,0,0,0,0,0,0,0
LAKSHADWEEP,2011,SPECIAL JAIL,0,0,0,0,0,0,0
LAKSHADWEEP,2011,OTHERS,0,0,0,0,0,0,0
LAKSHADWEEP,2011,TOTAL,4,16,0,16,79,1,80
LAKSHADWEEP,2012,CENTRAL JAIL,0,0,0,0,0,0,0
LAKSHADWEEP,2012,DISTRICT JAIL,0,0,0,0,0,0,0
LAKSHADWEEP,2012,SUB JAIL,4,16,0,16,0,0,0
LAKSHADWEEP,2012,WOMEN JAIL,0,0,0,0,0,0,0
LAKSHADWEEP,2012,BORSTAL SCHOOL,0,0,0,0,0,0,0
LAKSHADWEEP,2012,OPEN JAIL,0,0,0,0,0,0,0
LAKSHADWEEP,2012,SPECIAL JAIL,0,0,0,0,0,0,0
LAKSHADWEEP,2012,OTHERS,0,0,0,0,0,0,0
LAKSHADWEEP,2012,TOTAL,4,16,0,16,0,0,0
PONDICHERRY,2001,CENTRAL JAIL,1,201,24,225,240,4,244
PONDICHERRY,2001,DISTRICT JAIL,1,45,5,50,14,2,16
PONDICHERRY,2001,SUB JAIL,2,20,10,30,2,0,2
PONDICHERRY,2001,WOMEN JAIL,0,0,0,0,0,0,0
PONDICHERRY,2001,BORSTAL SCHOOL,0,0,0,0,0,0,0
PONDICHERRY,2001,OPEN JAIL,0,0,0,0,0,0,0
PONDICHERRY,2001,SPECIAL JAIL,0,0,0,0,0,0,0
PONDICHERRY,2001,OTHERS,0,0,0,0,0,0,0
PONDICHERRY,2001,TOTAL,4,266,39,305,256,6,262
PONDICHERRY,2002,CENTRAL JAIL,1,201,24,225,189,13,202
PONDICHERRY,2002,DISTRICT JAIL,1,45,5,50,38,0,38
PONDICHERRY,2002,SUB JAIL,2,20,10,30,6,0,6
PONDICHERRY,2002,WOMEN JAIL,0,0,0,0,0,0,0
PONDICHERRY,2002,BORSTAL SCHOOL,0,0,0,0,0,0,0
PONDICHERRY,2002,OPEN JAIL,0,0,0,0,0,0,0
PONDICHERRY,2002,SPECIAL JAIL,0,0,0,0,0,0,0
PONDICHERRY,2002,OTHERS,0,0,0,0,0,0,0
PONDICHERRY,2002,TOTAL,4,266,39,305,233,13,246
PONDICHERRY,2003,CENTRAL JAIL,1,201,24,225,240,6,246
PONDICHERRY,2003,DISTRICT JAIL,0,0,0,0,0,0,0
PONDICHERRY,2003,SUB JAIL,2,20,10,30,6,0,6
PONDICHERRY,2003,WOMEN JAIL,0,0,0,0,0,0,0
PONDICHERRY,2003,BORSTAL SCHOOL,0,0,0,0,0,0,0
PONDICHERRY,2003,OPEN JAIL,0,0,0,0,0,0,0
PONDICHERRY,2003,SPECIAL JAIL,1,45,5,50,26,0,26
PONDICHERRY,2003,OTHERS,0,0,0,0,0,0,0
PONDICHERRY,2003,TOTAL,4,266,39,305,272,6,278
PONDICHERRY,2004,CENTRAL JAIL,1,201,24,225,244,2,246
PONDICHERRY,2004,DISTRICT JAIL,1,45,5,50,49,1,50
PONDICHERRY,2004,SUB JAIL,2,20,10,30,5,0,5
PONDICHERRY,2004,WOMEN JAIL,0,0,0,0,0,0,0
PONDICHERRY,2004,BORSTAL SCHOOL,0,0,0,0,0,0,0
PONDICHERRY,2004,OPEN JAIL,0,0,0,0,0,0,0
PONDICHERRY,2004,SPECIAL JAIL,0,0,0,0,0,0,0
PONDICHERRY,2004,OTHERS,0,0,0,0,0,0,0
PONDICHERRY,2004,TOTAL,4,266,39,305,298,3,301
PONDICHERRY,2005,CENTRAL JAIL,1,201,24,225,246,6,252
PONDICHERRY,2005,DISTRICT JAIL,1,40,10,50,31,0,31
PONDICHERRY,2005,SUB JAIL,2,20,10,30,5,0,5
PONDICHERRY,2005,WOMEN JAIL,0,0,0,0,0,0,0
PONDICHERRY,2005,BORSTAL SCHOOL,0,0,0,0,0,0,0
PONDICHERRY,2005,OPEN JAIL,0,0,0,0,0,0,0
PONDICHERRY,2005,SPECIAL JAIL,0,0,0,0,0,0,0
PONDICHERRY,2005,OTHERS,0,0,0,0,0,0,0
PONDICHERRY,2005,TOTAL,4,261,44,305,282,6,288
PONDICHERRY,2006,CENTRAL JAIL,1,201,24,225,223,4,227
PONDICHERRY,2006,DISTRICT JAIL,1,40,10,50,78,0,78
PONDICHERRY,2006,SUB JAIL,2,20,10,30,7,0,7
PONDICHERRY,2006,WOMEN JAIL,0,0,0,0,0,0,0
PONDICHERRY,2006,BORSTAL SCHOOL,0,0,0,0,0,0,0
PONDICHERRY,2006,OPEN JAIL,0,0,0,0,0,0,0
PONDICHERRY,2006,SPECIAL JAIL,0,0,0,0,0,0,0
PONDICHERRY,2006,OTHERS,0,0,0,0,0,0,0
PONDICHERRY,2006,TOTAL,4,261,44,305,308,4,312
PONDICHERRY,2007,CENTRAL JAIL,1,201,24,225,277,4,281
PONDICHERRY,2007,DISTRICT JAIL,1,40,10,50,50,0,50
PONDICHERRY,2007,SUB JAIL,2,20,10,30,15,0,15
PONDICHERRY,2007,WOMEN JAIL,0,0,0,0,0,0,0
PONDICHERRY,2007,BORSTAL SCHOOL,0,0,0,0,0,0,0
PONDICHERRY,2007,OPEN JAIL,0,0,0,0,0,0,0
PONDICHERRY,2007,SPECIAL JAIL,0,0,0,0,0,0,0
PONDICHERRY,2007,OTHERS,0,0,0,0,0,0,0
PONDICHERRY,2007,TOTAL,4,261,44,305,342,4,346
PONDICHERRY,2008,CENTRAL JAIL,1,275,25,300,236,6,242
PONDICHERRY,2008,DISTRICT JAIL,1,40,10,50,49,0,49
PONDICHERRY,2008,SUB JAIL,2,20,10,30,9,0,9
PONDICHERRY,2008,WOMEN JAIL,0,0,0,0,0,0,0
PONDICHERRY,2008,BORSTAL SCHOOL,0,0,0,0,0,0,0
PONDICHERRY,2008,OPEN JAIL,0,0,0,0,0,0,0
PONDICHERRY,2008,SPECIAL JAIL,0,0,0,0,0,0,0
PONDICHERRY,2008,OTHERS,0,0,0,0,0,0,0
PONDICHERRY,2008,TOTAL,4,335,45,380,294,6,300
PONDICHERRY,2009,CENTRAL JAIL,1,275,25,300,216,3,219
PONDICHERRY,2009,DISTRICT JAIL,1,40,10,50,49,0,49
PONDICHERRY,2009,SUB JAIL,2,16,8,24,1,0,1
PONDICHERRY,2009,WOMEN JAIL,0,0,0,0,0,0,0
PONDICHERRY,2009,BORSTAL SCHOOL,0,0,0,0,0,0,0
PONDICHERRY,2009,OPEN JAIL,0,0,0,0,0,0,0
PONDICHERRY,2009,SPECIAL JAIL,0,0,0,0,0,0,0
PONDICHERRY,2009,OTHERS,0,0,0,0,0,0,0
PONDICHERRY,2009,TOTAL,4,331,43,374,266,3,269
PONDICHERRY,2010,CENTRAL JAIL,1,275,25,300,198,6,204
PONDICHERRY,2010,DISTRICT JAIL,1,40,10,50,55,0,55
PONDICHERRY,2010,SUB JAIL,2,18,9,27,2,0,2
PONDICHERRY,2010,WOMEN JAIL,0,0,0,0,0,0,0
PONDICHERRY,2010,BORSTAL SCHOOL,0,0,0,0,0,0,0
PONDICHERRY,2010,OPEN JAIL,0,0,0,0,0,0,0
PONDICHERRY,2010,SPECIAL JAIL,0,0,0,0,0,0,0
PONDICHERRY,2010,OTHERS,0,0,0,0,0,0,0
PONDICHERRY,2010,TOTAL,4,333,44,377,255,6,261
PONDICHERRY,2011,CENTRAL JAIL,1,275,25,300,194,5,199
PONDICHERRY,2011,DISTRICT JAIL,0,0,0,0,0,0,0
PONDICHERRY,2011,SUB JAIL,1,12,3,15,0,0,0
PONDICHERRY,2011,WOMEN JAIL,0,0,0,0,0,0,0
PONDICHERRY,2011,BORSTAL SCHOOL,0,0,0,0,0,0,0
PONDICHERRY,2011,OPEN JAIL,0,0,0,0,0,0,0
PONDICHERRY,2011,SPECIAL JAIL,2,115,15,130,43,0,43
PONDICHERRY,2011,OTHERS,0,0,0,0,0,0,0
PONDICHERRY,2011,TOTAL,4,402,43,445,237,5,242
PONDICHERRY,2012,CENTRAL JAIL,1,275,25,300,200,3,203
PONDICHERRY,2012,DISTRICT JAIL,0,0,0,0,0,0,0
PONDICHERRY,2012,SUB JAIL,1,10,5,15,2,0,2
PONDICHERRY,2012,WOMEN JAIL,0,0,0,0,0,0,0
PONDICHERRY,2012,BORSTAL SCHOOL,0,0,0,0,0,0,0
PONDICHERRY,2012,OPEN JAIL,0,0,0,0,0,0,0
PONDICHERRY,2012,SPECIAL JAIL,2,88,16,104,80,0,80
PONDICHERRY,2012,OTHERS,0,0,0,0,0,0,0
PONDICHERRY,2012,TOTAL,4,373,46,419,282,3,285
Andhra Pradesh,2013,CENTRAL JAIL,7,6498,222,6720,6988,194,7182
Andhra Pradesh,2013,DISTRICT JAIL,13,3155,369,3524,3129,204,3333
Andhra Pradesh,2013,SUB_JAIL,95,3365,473,3838,3013,183,3196
Andhra Pradesh,2013,WOMEN JAIL,2,0,380,380,0,318,318
Andhra Pradesh,2013,BORSTAL SCHOOL,1,93,0,93,3,0,3
Andhra Pradesh,2013,OPEN JAIL,2,430,0,430,281,0,281
Andhra Pradesh,2013,SPECIAL JAIL,0,0,0,0,0,0,0
Andhra Pradesh,2013,OTHERS,0,0,0,0,0,0,0
Andhra Pradesh,2013,TOTAL,120,13541,1444,14985,13414,899,14313
Arunachal Pradesh,2013,CENTRAL JAIL,0,0,0,0,0,0,0
Arunachal Pradesh,2013,DISTRICT JAIL,1,44,12,56,90,2,92
Arunachal Pradesh,2013,SUB_JAIL,0,0,0,0,0,0,0
Arunachal Pradesh,2013,WOMEN JAIL,0,0,0,0,0,0,0
Arunachal Pradesh,2013,BORSTAL SCHOOL,0,0,0,0,0,0,0
Arunachal Pradesh,2013,OPEN JAIL,0,0,0,0,0,0,0
Arunachal Pradesh,2013,SPECIAL JAIL,0,0,0,0,0,0,0
Arunachal Pradesh,2013,OTHERS,0,0,0,0,0,0,0
Arunachal Pradesh,2013,TOTAL,1,44,12,56,90,2,92
Assam,2013,CENTRAL JAIL,6,3743,207,3950,3047,115,3162
Assam,2013,DISTRICT JAIL,22,3299,352,3651,4502,177,4679
Assam,2013,SUB_JAIL,1,24,8,32,72,0,72
Assam,2013,WOMEN JAIL,0,0,0,0,0,0,0
Assam,2013,BORSTAL SCHOOL,0,0,0,0,0,0,0
Assam,2013,OPEN JAIL,1,100,0,100,27,0,27
Assam,2013,SPECIAL JAIL,1,360,12,372,309,14,323
Assam,2013,OTHERS,0,0,0,0,0,0,0
Assam,2013,TOTAL,31,7526,579,8105,7957,306,8263
Bihar,2013,CENTRAL JAIL,7,11447,379,11826,9673,350,10023
Bihar,2013,DISTRICT JAIL,31,16411,555,16966,16116,555,16671
Bihar,2013,SUB_JAIL,16,3196,218,3414,3313,119,3432
Bihar,2013,WOMEN JAIL,1,0,83,83,0,76,76
Bihar,2013,BORSTAL SCHOOL,0,0,0,0,0,0,0
Bihar,2013,OPEN JAIL,1,104,0,104,92,0,92
Bihar,2013,SPECIAL JAIL,1,3288,0,3288,965,0,965
Bihar,2013,OTHERS,0,0,0,0,0,0,0
Bihar,2013,TOTAL,57,34446,1235,35681,30159,1100,31259
Chhattisgarh,2013,CENTRAL JAIL,5,3804,292,4096,9969,708,10677
Chhattisgarh,2013,DISTRICT JAIL,10,1140,94,1234,3245,113,3358
Chhattisgarh,2013,SUB_JAIL,12,656,84,740,1805,0,1805
Chhattisgarh,2013,WOMEN JAIL,0,0,0,0,0,0,0
Chhattisgarh,2013,BORSTAL SCHOOL,0,0,0,0,0,0,0
Chhattisgarh,2013,OPEN JAIL,0,0,0,0,0,0,0
Chhattisgarh,2013,SPECIAL JAIL,0,0,0,0,0,0,0
Chhattisgarh,2013,OTHERS,0,0,0,0,0,0,0
Chhattisgarh,2013,TOTAL,27,5600,470,6070,15019,821,15840
Goa,2013,CENTRAL JAIL,1,125,0,125,103,0,103
Goa,2013,DISTRICT JAIL,0,0,0,0,0,0,0
Goa,2013,SUB_JAIL,1,200,25,225,290,28,318
Goa,2013,WOMEN JAIL,0,0,0,0,0,0,0
Goa,2013,BORSTAL SCHOOL,0,0,0,0,0,0,0
Goa,2013,OPEN JAIL,0,0,0,0,0,0,0
Goa,2013,SPECIAL JAIL,0,0,0,0,0,0,0
Goa,2013,OTHERS,1,45,0,45,102,0,102
Goa,2013,TOTAL,3,370,25,395,495,28,523
Gujarat,2013,CENTRAL JAIL,4,7146,480,7626,7085,255,7340
Gujarat,2013,DISTRICT JAIL,7,2015,87,2102,2230,80,2310
Gujarat,2013,SUB_JAIL,11,1444,146,1590,1609,87,1696
Gujarat,2013,WOMEN JAIL,1,0,200,200,0,131,131
Gujarat,2013,BORSTAL SCHOOL,0,0,0,0,0,0,0
Gujarat,2013,OPEN JAIL,2,100,0,100,56,0,56
Gujarat,2013,SPECIAL JAIL,2,600,50,650,501,24,525
Gujarat,2013,OTHERS,0,0,0,0,0,0,0
Gujarat,2013,TOTAL,27,11305,963,12268,11481,577,12058
Haryana,2013,CENTRAL JAIL,2,2214,34,2248,2898,68,2966
Haryana,2013,DISTRICT JAIL,16,13159,1202,14361,13728,677,14405
Haryana,2013,SUB_JAIL,0,0,0,0,0,0,0
Haryana,2013,WOMEN JAIL,0,0,0,0,0,0,0
Haryana,2013,BORSTAL SCHOOL,1,160,195,355,188,85,273
Haryana,2013,OPEN JAIL,0,0,0,0,0,0,0
Haryana,2013,SPECIAL JAIL,0,0,0,0,0,0,0
Haryana,2013,OTHERS,0,0,0,0,0,0,0
Haryana,2013,TOTAL,19,15533,1431,16964,16814,830,17644
Himachal Pradesh,2013,CENTRAL JAIL,2,743,38,781,883,36,919
Himachal Pradesh,2013,DISTRICT JAIL,2,321,27,348,382,23,405
Himachal Pradesh,2013,SUB_JAIL,6,395,58,453,579,37,616
Himachal Pradesh,2013,WOMEN JAIL,0,0,0,0,0,0,0
Himachal Pradesh,2013,BORSTAL SCHOOL,1,15,15,30,7,0,7
Himachal Pradesh,2013,OPEN JAIL,1,80,0,80,52,0,52
Himachal Pradesh,2013,SPECIAL JAIL,0,0,0,0,0,0,0
Himachal Pradesh,2013,OTHERS,0,0,0,0,0,0,0
Himachal Pradesh,2013,TOTAL,12,1554,138,1692,1903,96,1999
Jammu and Kashmir,2013,CENTRAL JAIL,2,1220,60,1280,808,27,835
Jammu and Kashmir,2013,DISTRICT JAIL,10,1515,111,1626,1346,60,1406
Jammu and Kashmir,2013,SUB_JAIL,2,105,0,105,111,0,111
Jammu and Kashmir,2013,WOMEN JAIL,0,0,0,0,0,0,0
Jammu and Kashmir,2013,BORSTAL SCHOOL,0,0,0,0,0,0,0
Jammu and Kashmir,2013,OPEN JAIL,0,0,0,0,0,0,0
Jammu and Kashmir,2013,SPECIAL JAIL,0,0,0,0,0,0,0
Jammu and Kashmir,2013,OTHERS,0,0,0,0,0,0,0
Jammu and Kashmir,2013,TOTAL,14,2840,171,3011,2265,87,2352
Jharkhand,2013,CENTRAL JAIL,5,7784,356,8140,8127,369,8496
Jharkhand,2013,DISTRICT JAIL,17,4473,282,4755,7929,414,8343
Jharkhand,2013,SUB_JAIL,4,1069,79,1148,1230,67,1297
Jharkhand,2013,WOMEN JAIL,0,0,0,0,0,0,0
Jharkhand,2013,BORSTAL SCHOOL,1,100,0,100,61,0,61
Jharkhand,2013,OPEN JAIL,1,100,0,100,23,0,23
Jharkhand,2013,SPECIAL JAIL,0,0,0,0,0,0,0
Jharkhand,2013,OTHERS,0,0,0,0,0,0,0
Jharkhand,2013,TOTAL,28,13526,717,14243,17370,850,18220
Karnataka,2013,CENTRAL JAIL,8,5760,485,6245,9036,439,9475
Karnataka,2013,DISTRICT JAIL,15,2686,282,2968,2234,72,2306
Karnataka,2013,SUB_JAIL,74,2874,233,3107,2055,73,2128
Karnataka,2013,WOMEN JAIL,0,0,0,0,0,0,0
Karnataka,2013,BORSTAL SCHOOL,1,200,0,200,0,0,0
Karnataka,2013,OPEN JAIL,1,80,0,80,12,0,12
Karnataka,2013,SPECIAL JAIL,2,238,12,250,197,0,197
Karnataka,2013,OTHERS,1,250,0,250,0,0,0
Karnataka,2013,TOTAL,102,12088,1012,13100,13534,584,14118
Kerala,2013,CENTRAL JAIL,3,2273,0,2273,2841,0,2841
Kerala,2013,DISTRICT JAIL,11,1398,69,1467,1740,22,1762
Kerala,2013,SUB_JAIL,16,463,4,467,832,0,832
Kerala,2013,WOMEN JAIL,3,0,272,272,0,137,137
Kerala,2013,BORSTAL SCHOOL,1,78,12,90,19,9,28
Kerala,2013,OPEN JAIL,3,449,20,469,390,0,390
Kerala,2013,SPECIAL JAIL,16,970,40,1010,1235,22,1257
Kerala,2013,OTHERS,1,142,0,142,148,0,148
Kerala,2013,TOTAL,54,5773,417,6190,7205,190,7395
Madhya Pradesh,2013,CENTRAL JAIL,11,12559,623,13182,17967,624,18591
Madhya Pradesh,2013,DISTRICT JAIL,27,6252,528,6780,8180,418,8598
Madhya Pradesh,2013,SUB_JAIL,84,6481,499,6980,7450,44,7494
Madhya Pradesh,2013,WOMEN JAIL,0,0,0,0,0,0,0
Madhya Pradesh,2013,BORSTAL SCHOOL,0,0,0,0,0,0,0
Madhya Pradesh,2013,OPEN JAIL,1,25,0,25,25,0,25
Madhya Pradesh,2013,SPECIAL JAIL,0,0,0,0,0,0,0
Madhya Pradesh,2013,OTHERS,0,0,0,0,0,0,0
Madhya Pradesh,2013,TOTAL,123,25317,1650,26967,33622,1086,34708
Maharashtra,2013,CENTRAL JAIL,9,14414,427,14841,17874,653,18527
Maharashtra,2013,DISTRICT JAIL,24,5022,307,5329,6847,505,7352
Maharashtra,2013,SUB_JAIL,163,1793,568,2361,70,3,73
Maharashtra,2013,WOMEN JAIL,1,0,262,262,0,366,366
Maharashtra,2013,BORSTAL SCHOOL,1,105,0,105,29,0,29
Maharashtra,2013,OPEN JAIL,10,1322,50,1372,943,32,975
Maharashtra,2013,SPECIAL JAIL,1,243,3,246,68,0,68
Maharashtra,2013,OTHERS,1,28,0,28,10,0,10
Maharashtra,2013,TOTAL,210,22927,1617,24544,25841,1559,27400
Manipur,2013,CENTRAL JAIL,2,860,110,970,625,35,660
Manipur,2013,DISTRICT JAIL,0,0,0,0,0,0,0
Manipur,2013,SUB_JAIL,0,0,0,0,0,0,0
Manipur,2013,WOMEN JAIL,0,0,0,0,0,0,0
Manipur,2013,BORSTAL SCHOOL,0,0,0,0,0,0,0
Manipur,2013,OPEN JAIL,0,0,0,0,0,0,0
Manipur,2013,SPECIAL JAIL,0,0,0,0,0,0,0
Manipur,2013,OTHERS,0,0,0,0,0,0,0
Manipur,2013,TOTAL,2,860,110,970,625,35,660
Meghalaya,2013,CENTRAL JAIL,0,0,0,0,0,0,0
Meghalaya,2013,DISTRICT JAIL,4,485,45,530,839,11,850
Meghalaya,2013,SUB_JAIL,0,0,0,0,0,0,0
Meghalaya,2013,WOMEN JAIL,0,0,0,0,0,0,0
Meghalaya,2013,BORSTAL SCHOOL,0,0,0,0,0,0,0
Meghalaya,2013,OPEN JAIL,0,0,0,0,0,0,0
Meghalaya,2013,SPECIAL JAIL,0,0,0,0,0,0,0
Meghalaya,2013,OTHERS,0,0,0,0,0,0,0
Meghalaya,2013,TOTAL,4,485,45,530,839,11,850
Mizoram,2013,CENTRAL JAIL,1,486,89,575,374,23,397
Mizoram,2013,DISTRICT JAIL,6,636,121,757,430,43,473
Mizoram,2013,SUB_JAIL,0,0,0,0,0,0,0
Mizoram,2013,WOMEN JAIL,0,0,0,0,0,0,0
Mizoram,2013,BORSTAL SCHOOL,0,0,0,0,0,0,0
Mizoram,2013,OPEN JAIL,0,0,0,0,0,0,0
Mizoram,2013,SPECIAL JAIL,0,0,0,0,0,0,0
Mizoram,2013,OTHERS,0,0,0,0,0,0,0
Mizoram,2013,TOTAL,7,1122,210,1332,804,66,870
Nagaland,2013,CENTRAL JAIL,1,550,50,600,208,0,208
Nagaland,2013,DISTRICT JAIL,3,340,50,390,105,2,107
Nagaland,2013,SUB_JAIL,7,350,110,460,162,10,172
Nagaland,2013,WOMEN JAIL,0,0,0,0,0,0,0
Nagaland,2013,BORSTAL SCHOOL,0,0,0,0,0,0,0
Nagaland,2013,OPEN JAIL,0,0,0,0,0,0,0
Nagaland,2013,SPECIAL JAIL,0,0,0,0,0,0,0
Nagaland,2013,OTHERS,0,0,0,0,0,0,0
Nagaland,2013,TOTAL,11,1240,210,1450,475,12,487
Odisha,2013,CENTRAL JAIL,5,3010,109,3119,3055,122,3177
Odisha,2013,DISTRICT JAIL,9,2728,165,2893,2983,126,3109
Odisha,2013,SUB_JAIL,67,8996,1276,10272,6559,315,6874
Odisha,2013,WOMEN JAIL,1,0,52,52,0,27,27
Odisha,2013,BORSTAL SCHOOL,0,0,0,0,0,0,0
Odisha,2013,OPEN JAIL,1,125,0,125,95,0,95
Odisha,2013,SPECIAL JAIL,2,1512,39,1551,1140,51,1191
Odisha,2013,OTHERS,0,0,0,0,0,0,0
Odisha,2013,TOTAL,85,16371,1641,18012,13832,641,14473
Punjab,2013,CENTRAL JAIL,8,12825,985,13810,19443,849,20292
Punjab,2013,DISTRICT JAIL,6,2574,268,2842,4630,360,4990
Punjab,2013,SUB_JAIL,9,1092,15,1107,1536,0,1536
Punjab,2013,WOMEN JAIL,1,0,320,320,0,255,255
Punjab,2013,BORSTAL SCHOOL,1,500,0,500,314,0,314
Punjab,2013,OPEN JAIL,1,50,0,50,62,0,62
Punjab,2013,SPECIAL JAIL,0,0,0,0,0,0,0
Punjab,2013,OTHERS,0,0,0,0,0,0,0
Punjab,2013,TOTAL,26,17041,1588,18629,25985,1464,27449
Rajasthan,2013,CENTRAL JAIL,8,7907,106,8013,9228,137,9365
Rajasthan,2013,DISTRICT JAIL,25,3608,201,3809,5618,150,5768
Rajasthan,2013,SUB_JAIL,60,3105,263,3368,3149,21,3170
Rajasthan,2013,WOMEN JAIL,2,0,469,469,0,324,324
Rajasthan,2013,BORSTAL SCHOOL,1,312,0,312,8,0,8
Rajasthan,2013,OPEN JAIL,23,647,4,651,628,30,658
Rajasthan,2013,SPECIAL JAIL,0,0,0,0,0,0,0
Rajasthan,2013,OTHERS,0,0,0,0,0,0,0
Rajasthan,2013,TOTAL,119,15579,1043,16622,18631,662,19293
Sikkim,2013,CENTRAL JAIL,1,165,28,193,176,5,181
Sikkim,2013,DISTRICT JAIL,1,41,19,60,46,3,49
Sikkim,2013,SUB_JAIL,0,0,0,0,0,0,0
Sikkim,2013,WOMEN JAIL,0,0,0,0,0,0,0
Sikkim,2013,BORSTAL SCHOOL,0,0,0,0,0,0,0
Sikkim,2013,OPEN JAIL,0,0,0,0,0,0,0
Sikkim,2013,SPECIAL JAIL,0,0,0,0,0,0,0
Sikkim,2013,OTHERS,0,0,0,0,0,0,0
Sikkim,2013,TOTAL,2,206,47,253,222,8,230
Tamil Nadu,2013,CENTRAL JAIL,9,14009,118,14127,11159,37,11196
Tamil Nadu,2013,DISTRICT JAIL,9,1877,0,1877,699,0,699
Tamil Nadu,2013,SUB_JAIL,95,2751,274,3025,1618,114,1732
Tamil Nadu,2013,WOMEN JAIL,3,0,1569,1569,0,488,488
Tamil Nadu,2013,BORSTAL SCHOOL,12,653,0,653,501,0,501
Tamil Nadu,2013,OPEN JAIL,3,260,0,260,37,0,37
Tamil Nadu,2013,SPECIAL JAIL,5,396,194,590,0,68,68
Tamil Nadu,2013,OTHERS,0,0,0,0,0,0,0
Tamil Nadu,2013,TOTAL,136,19946,2155,22101,14014,707,14721
Tripura,2013,CENTRAL JAIL,1,975,25,1000,391,19,410
Tripura,2013,DISTRICT JAIL,2,270,6,276,165,0,165
Tripura,2013,SUB_JAIL,8,623,41,664,320,6,326
Tripura,2013,WOMEN JAIL,0,0,0,0,0,0,0
Tripura,2013,BORSTAL SCHOOL,0,0,0,0,0,0,0
Tripura,2013,OPEN JAIL,0,0,0,0,0,0,0
Tripura,2013,SPECIAL JAIL,0,0,0,0,0,0,0
Tripura,2013,OTHERS,0,0,0,0,0,0,0
Tripura,2013,TOTAL,11,1868,72,1940,876,25,901
Uttar Pradesh,2013,CENTRAL JAIL,5,7709,60,7769,12375,109,12484
Uttar Pradesh,2013,DISTRICT JAIL,54,36586,2567,39153,66569,2869,69438
Uttar Pradesh,2013,SUB_JAIL,3,389,31,420,839,31,870
Uttar Pradesh,2013,WOMEN JAIL,1,0,420,420,0,303,303
Uttar Pradesh,2013,BORSTAL SCHOOL,0,0,0,0,0,0,0
Uttar Pradesh,2013,OPEN JAIL,0,0,0,0,0,0,0
Uttar Pradesh,2013,SPECIAL JAIL,2,788,0,788,423,0,423
Uttar Pradesh,2013,OTHERS,0,0,0,0,0,0,0
Uttar Pradesh,2013,TOTAL,65,45472,3078,48550,80206,3312,83518
Uttarakhand,2013,CENTRAL JAIL,1,512,0,512,28,0,28
Uttarakhand,2013,DISTRICT JAIL,7,1917,77,1994,2681,157,2838
Uttarakhand,2013,SUB_JAIL,2,736,20,756,803,25,828
Uttarakhand,2013,WOMEN JAIL,0,0,0,0,0,0,0
Uttarakhand,2013,BORSTAL SCHOOL,0,0,0,0,0,0,0
Uttarakhand,2013,OPEN JAIL,1,300,0,300,151,0,151
Uttarakhand,2013,SPECIAL JAIL,0,0,0,0,0,0,0
Uttarakhand,2013,OTHERS,0,0,0,0,0,0,0
Uttarakhand,2013,TOTAL,11,3465,97,3562,3663,182,3845
West Bengal,2013,CENTRAL JAIL,6,11140,160,11300,11604,481,12085
West Bengal,2013,DISTRICT JAIL,12,5287,555,5842,4393,291,4684
West Bengal,2013,SUB_JAIL,33,1819,313,2132,4394,202,4596
West Bengal,2013,WOMEN JAIL,2,0,400,400,0,356,356
West Bengal,2013,BORSTAL SCHOOL,0,0,0,0,0,0,0
West Bengal,2013,OPEN JAIL,1,70,0,70,91,0,91
West Bengal,2013,SPECIAL JAIL,3,746,95,841,903,63,966
West Bengal,2013,OTHERS,0,0,0,0,0,0,0
West Bengal,2013,TOTAL,57,19062,1523,20585,21385,1393,22778
Andaman and Nicobar Islands,2013,CENTRAL JAIL,0,0,0,0,0,0,0
Andaman and Nicobar Islands,2013,DISTRICT JAIL,1,239,30,269,881,8,889
Andaman and Nicobar Islands,2013,SUB_JAIL,3,30,10,40,16,0,16
Andaman and Nicobar Islands,2013,WOMEN JAIL,0,0,0,0,0,0,0
Andaman and Nicobar Islands,2013,BORSTAL SCHOOL,0,0,0,0,0,0,0
Andaman and Nicobar Islands,2013,OPEN JAIL,0,0,0,0,0,0,0
Andaman and Nicobar Islands,2013,SPECIAL JAIL,1,800,0,800,244,0,244
Andaman and Nicobar Islands,2013,OTHERS,0,0,0,0,0,0,0
Andaman and Nicobar Islands,2013,TOTAL,5,1069,40,1109,1141,8,1149
Chandigarh,2013,CENTRAL JAIL,1,940,60,1000,637,24,661
Chandigarh,2013,DISTRICT JAIL,0,0,0,0,0,0,0
Chandigarh,2013,SUB_JAIL,0,0,0,0,0,0,0
Chandigarh,2013,WOMEN JAIL,0,0,0,0,0,0,0
Chandigarh,2013,BORSTAL SCHOOL,0,0,0,0,0,0,0
Chandigarh,2013,OPEN JAIL,0,0,0,0,0,0,0
Chandigarh,2013,SPECIAL JAIL,0,0,0,0,0,0,0
Chandigarh,2013,OTHERS,0,0,0,0,0,0,0
Chandigarh,2013,TOTAL,1,940,60,1000,637,24,661
Dadra and Nagar Haveli,2013,CENTRAL JAIL,0,0,0,0,0,0,0
Dadra and Nagar Haveli,2013,DISTRICT JAIL,0,0,0,0,0,0,0
Dadra and Nagar Haveli,2013,SUB_JAIL,1,50,10,60,35,0,35
Dadra and Nagar Haveli,2013,WOMEN JAIL,0,0,0,0,0,0,0
Dadra and Nagar Haveli,2013,BORSTAL SCHOOL,0,0,0,0,0,0,0
Dadra and Nagar Haveli,2013,OPEN JAIL,0,0,0,0,0,0,0
Dadra and Nagar Haveli,2013,SPECIAL JAIL,0,0,0,0,0,0,0
Dadra and Nagar Haveli,2013,OTHERS,0,0,0,0,0,0,0
Dadra and Nagar Haveli,2013,TOTAL,1,50,10,60,35,0,35
Daman and Diu,2013,CENTRAL JAIL,0,0,0,0,0,0,0
Daman and Diu,2013,DISTRICT JAIL,0,0,0,0,0,0,0
Daman and Diu,2013,SUB_JAIL,2,120,30,150,55,1,56
Daman and Diu,2013,WOMEN JAIL,0,0,0,0,0,0,0
Daman and Diu,2013,BORSTAL SCHOOL,0,0,0,0,0,0,0
Daman and Diu,2013,OPEN JAIL,0,0,0,0,0,0,0
Daman and Diu,2013,SPECIAL JAIL,0,0,0,0,0,0,0
Daman and Diu,2013,OTHERS,0,0,0,0,0,0,0
Daman and Diu,2013,TOTAL,2,120,30,150,55,1,56
Delhi,2013,CENTRAL JAIL,8,4800,0,4800,11037,0,11037
Delhi,2013,DISTRICT JAIL,1,1050,0,1050,1900,0,1900
Delhi,2013,SUB_JAIL,0,0,0,0,0,0,0
Delhi,2013,WOMEN JAIL,1,0,400,400,0,615,615
Delhi,2013,BORSTAL SCHOOL,0,0,0,0,0,0,0
Delhi,2013,OPEN JAIL,0,0,0,0,0,0,0
Delhi,2013,SPECIAL JAIL,0,0,0,0,0,0,0
Delhi,2013,OTHERS,0,0,0,0,0,0,0
Delhi,2013,TOTAL,10,5850,400,6250,12937,615,13552
Lakshadweep,2013,CENTRAL JAIL,0,0,0,0,0,0,0
Lakshadweep,2013,DISTRICT JAIL,0,0,0,0,0,0,0
Lakshadweep,2013,SUB_JAIL,4,64,0,64,0,0,0
Lakshadweep,2013,WOMEN JAIL,0,0,0,0,0,0,0
Lakshadweep,2013,BORSTAL SCHOOL,0,0,0,0,0,0,0
Lakshadweep,2013,OPEN JAIL,0,0,0,0,0,0,0
Lakshadweep,2013,SPECIAL JAIL,0,0,0,0,0,0,0
Lakshadweep,2013,OTHERS,0,0,0,0,0,0,0
Lakshadweep,2013,TOTAL,4,64,0,64,0,0,0
Puducherry,2013,CENTRAL JAIL,1,275,25,300,200,7,207
Puducherry,2013,DISTRICT JAIL,0,0,0,0,0,0,0
Puducherry,2013,SUB_JAIL,1,10,5,15,0,0,0
Puducherry,2013,WOMEN JAIL,0,0,0,0,0,0,0
Puducherry,2013,BORSTAL SCHOOL,0,0,0,0,0,0,0
Puducherry,2013,OPEN JAIL,0,0,0,0,0,0,0
Puducherry,2013,SPECIAL JAIL,2,88,16,104,73,0,73
Puducherry,2013,OTHERS,0,0,0,0,0,0,0
Puducherry,2013,TOTAL,4,373,46,419,273,7,280
