STATE/UT,YEAR,CRIME HEAD,Male 16-18 years,Female 16-18 years,Total 16-18 years,Male 18-30 years,Female 18-30 years,Total 18-30 years,Male 30-50 years,Female 30-50 years,Total 30-50 years,Male Above 50 years,Female Above 50 years,Total Above 50 years,Total Male,Total Female,Grand Total
Andhra Pradesh,2001,Murder,6,2,8,522,33,555,491,42,533,65,6,71,1084,83,1167
Andhra Pradesh,2001,Attempt To Commit Murder,5,0,5,221,3,224,214,10,224,14,2,16,454,15,469
Andhra Pradesh,2001,C.H. Not Amounting To Murder,2,0,2,103,5,108,102,5,107,9,0,9,216,10,226
Andhra Pradesh,2001,Rape,7,0,7,172,3,175,141,2,143,7,0,7,327,5,332
Andhra Pradesh,2001,Kidnapping And Abduction,6,0,6,75,4,79,53,0,53,5,1,6,139,5,144
Andhra Pradesh,2001,Dacoity,6,0,6,409,4,413,286,5,291,17,0,17,718,9,727
Andhra Pradesh,2001,Prep. And Assembly For Dacoity,0,0,0,18,0,18,26,0,26,0,0,0,44,0,44
Andhra Pradesh,2001,Robbery,3,0,3,152,3,155,93,0,93,9,0,9,257,3,260
Andhra Pradesh,2001,Burglary,22,0,22,195,0,195,91,3,94,5,0,5,313,3,316
Andhra Pradesh,2001,Thefts,28,0,28,704,27,731,468,30,498,43,1,44,1243,58,1301
Andhra Pradesh,2001,Extortion,7,0,7,4,0,4,0,0,0,0,0,0,11,0,11
Andhra Pradesh,2001,Riots,0,0,0,57,2,59,35,0,35,7,1,8,99,3,102
Andhra Pradesh,2001,Arson,0,0,0,7,0,7,5,0,5,0,0,0,12,0,12
Andhra Pradesh,2001,Criminal Breach Of Trust,1,0,1,9,0,9,16,0,16,0,0,0,26,0,26
Andhra Pradesh,2001,Cheating,2,0,2,66,8,74,86,1,87,30,3,33,184,12,196
Andhra Pradesh,2001,Counter Feiting,0,0,0,5,0,5,7,1,8,1,1,2,13,2,15
Andhra Pradesh,2001,Dowry Deaths,0,0,0,18,0,18,22,5,27,5,0,5,45,5,50
Andhra Pradesh,2001,Molestation,3,0,3,31,0,31,12,0,12,3,0,3,49,0,49
Andhra Pradesh,2001,Eve-Teasing,0,0,0,4,0,4,2,0,2,0,0,0,6,0,6
Andhra Pradesh,2001,Cruelty By Husband Or Relative Of Husband,1,0,1,45,3,48,48,5,53,6,4,10,100,12,112
Andhra Pradesh,2001,Other Ipc Crimes,10,0,10,326,22,348,320,40,360,40,7,47,696,69,765
Andhra Pradesh,2002,Murder,2,0,2,568,37,605,442,27,469,62,8,70,1074,72,1146
Andhra Pradesh,2002,Attempt To Commit Murder,0,0,0,221,6,227,185,14,199,30,3,33,436,23,459
Andhra Pradesh,2002,C.H. Not Amounting To Murder,0,0,0,75,5,80,83,22,105,13,4,17,171,31,202
Andhra Pradesh,2002,Rape,7,0,7,174,2,176,110,4,114,17,0,17,308,6,314
Andhra Pradesh,2002,Kidnapping And Abduction,3,0,3,99,8,107,78,4,82,6,1,7,186,13,199
Andhra Pradesh,2002,Dacoity,0,0,0,240,3,243,252,1,253,38,0,38,530,4,534
Andhra Pradesh,2002,Prep. And Assembly For Dacoity,0,0,0,21,0,21,24,0,24,2,0,2,47,0,47
Andhra Pradesh,2002,Robbery,0,0,0,168,0,168,105,2,107,8,0,8,281,2,283
Andhra Pradesh,2002,Burglary,0,0,0,118,0,118,71,1,72,1,0,1,190,1,191
Andhra Pradesh,2002,Thefts,25,0,25,576,30,606,421,23,444,52,2,54,1074,55,1129
Andhra Pradesh,2002,Extortion,4,0,4,39,1,40,31,0,31,2,0,2,76,1,77
Andhra Pradesh,2002,Riots,0,0,0,26,2,28,27,3,30,3,1,4,56,6,62
Andhra Pradesh,2002,Arson,0,0,0,15,2,17,14,0,14,1,0,1,30,2,32
Andhra Pradesh,2002,Criminal Breach Of Trust,0,0,0,2,0,2,6,0,6,3,2,5,11,2,13
Andhra Pradesh,2002,Cheating,0,0,0,52,2,54,139,9,148,22,0,22,213,11,224
Andhra Pradesh,2002,Counter Feiting,0,0,0,5,0,5,11,1,12,0,0,0,16,1,17
Andhra Pradesh,2002,Dowry Deaths,1,0,1,63,9,72,76,14,90,17,3,20,157,26,183
Andhra Pradesh,2002,Molestation,0,0,0,33,2,35,38,6,44,4,1,5,75,9,84
Andhra Pradesh,2002,Eve-Teasing,0,0,0,11,1,12,5,1,6,0,0,0,16,2,18
Andhra Pradesh,2002,Cruelty By Husband Or Relative Of Husband,0,0,0,78,9,87,99,21,120,24,7,31,201,37,238
Andhra Pradesh,2002,Other Ipc Crimes,0,0,0,190,8,198,167,14,181,13,6,19,370,28,398
Andhra Pradesh,2003,Murder,0,0,0,586,22,608,451,36,487,62,15,77,1099,73,1172
Andhra Pradesh,2003,Attempt To Commit Murder,0,0,0,226,5,231,187,12,199,31,4,35,444,21,465
Andhra Pradesh,2003,C.H. Not Amounting To Murder,0,0,0,74,4,78,81,17,98,12,3,15,167,24,191
Andhra Pradesh,2003,Rape,0,0,0,182,0,182,164,0,164,18,0,18,364,0,364
Andhra Pradesh,2003,Kidnapping And Abduction,0,0,0,111,7,118,76,4,80,6,0,6,193,11,204
Andhra Pradesh,2003,Dacoity,0,0,0,245,2,247,258,1,259,11,0,11,514,3,517
Andhra Pradesh,2003,Prep. And Assembly For Dacoity,0,0,0,23,0,23,26,0,26,3,0,3,52,0,52
Andhra Pradesh,2003,Robbery,0,0,0,170,0,170,156,1,157,9,0,9,335,1,336
Andhra Pradesh,2003,Burglary,0,0,0,119,0,119,73,0,73,2,0,2,194,0,194
Andhra Pradesh,2003,Thefts,0,0,0,605,29,634,557,54,611,13,12,25,1175,95,1270
Andhra Pradesh,2003,Extortion,0,0,0,43,3,46,32,0,32,3,0,3,78,3,81
Andhra Pradesh,2003,Riots,0,0,0,27,1,28,29,1,30,5,0,5,61,2,63
Andhra Pradesh,2003,Arson,0,0,0,17,2,19,15,0,15,2,0,2,34,2,36
Andhra Pradesh,2003,Criminal Breach Of Trust,0,0,0,7,1,8,9,0,9,4,0,4,20,1,21
Andhra Pradesh,2003,Cheating,0,0,0,55,3,58,141,7,148,4,0,4,200,10,210
Andhra Pradesh,2003,Counter Feiting,0,0,0,6,0,6,9,2,11,1,0,1,16,2,18
Andhra Pradesh,2003,Dowry Deaths,0,0,0,69,8,77,80,12,92,8,2,10,157,22,179
Andhra Pradesh,2003,Molestation,0,0,0,35,2,37,41,5,46,6,0,6,82,7,89
Andhra Pradesh,2003,Eve-Teasing,0,0,0,15,0,15,8,0,8,0,0,0,23,0,23
Andhra Pradesh,2003,Cruelty By Husband Or Relative Of Husband,0,0,0,82,2,84,101,22,123,14,6,20,197,30,227
Andhra Pradesh,2003,Other Ipc Crimes,0,0,0,191,3,194,171,14,185,4,5,9,366,22,388
Andhra Pradesh,2004,Murder,0,0,0,529,38,567,546,56,602,81,11,92,1156,105,1261
Andhra Pradesh,2004,Attempt To Commit Murder,0,0,0,228,4,232,201,9,210,25,3,28,454,16,470
Andhra Pradesh,2004,C.H. Not Amounting To Murder,0,0,0,80,2,82,75,9,84,8,4,12,163,15,178
Andhra Pradesh,2004,Rape,0,0,0,215,6,221,96,4,100,10,0,10,321,10,331
Andhra Pradesh,2004,Kidnapping And Abduction,0,0,0,143,0,143,88,7,95,6,1,7,237,8,245
Andhra Pradesh,2004,Dacoity,9,0,9,227,0,227,213,5,218,17,0,17,466,5,471
Andhra Pradesh,2004,Prep. And Assembly For Dacoity,0,0,0,15,0,15,11,3,14,2,1,3,28,4,32
Andhra Pradesh,2004,Robbery,3,0,3,90,1,91,75,2,77,11,0,11,179,3,182
Andhra Pradesh,2004,Burglary,0,0,0,104,0,104,98,6,104,16,0,16,218,6,224
Andhra Pradesh,2004,Thefts,7,0,7,820,20,840,553,33,586,94,1,95,1474,54,1528
Andhra Pradesh,2004,Extortion,0,0,0,36,0,36,17,0,17,4,0,4,57,0,57
Andhra Pradesh,2004,Riots,0,0,0,44,0,44,31,2,33,0,0,0,75,2,77
Andhra Pradesh,2004,Arson,0,0,0,16,0,16,8,0,8,1,0,1,25,0,25
Andhra Pradesh,2004,Criminal Breach Of Trust,0,0,0,4,0,4,21,0,21,2,0,2,27,0,27
Andhra Pradesh,2004,Cheating,0,0,0,109,1,110,178,14,192,26,2,28,313,17,330
Andhra Pradesh,2004,Counter Feiting,0,0,0,6,2,8,11,0,11,2,0,2,19,2,21
Andhra Pradesh,2004,Dowry Deaths,0,0,0,59,6,65,71,18,89,7,2,9,137,26,163
Andhra Pradesh,2004,Molestation,0,0,0,54,0,54,33,3,36,1,0,1,88,3,91
Andhra Pradesh,2004,Eve-Teasing,0,0,0,13,0,13,4,0,4,0,0,0,17,0,17
Andhra Pradesh,2004,Cruelty By Husband Or Relative Of Husband,0,0,0,104,6,110,100,16,116,11,10,21,215,32,247
Andhra Pradesh,2004,Other Ipc Crimes,0,0,0,246,13,259,226,19,245,35,8,43,507,40,547
Andhra Pradesh,2005,Murder,0,0,0,568,53,621,502,86,588,82,12,94,1152,151,1303
Andhra Pradesh,2005,Attempt To Commit Murder,0,0,0,216,21,237,235,37,272,24,2,26,475,60,535
Andhra Pradesh,2005,C.H. Not Amounting To Murder,0,0,0,54,1,55,64,10,74,5,1,6,123,12,135
Andhra Pradesh,2005,Rape,0,0,0,180,0,180,93,3,96,7,0,7,280,3,283
Andhra Pradesh,2005,Kidnapping And Abduction,0,0,0,105,8,113,66,3,69,1,0,1,172,11,183
Andhra Pradesh,2005,Dacoity,0,0,0,234,2,236,220,1,221,20,0,20,474,3,477
Andhra Pradesh,2005,Prep. And Assembly For Dacoity,0,0,0,37,0,37,20,0,20,2,0,2,59,0,59
Andhra Pradesh,2005,Robbery,0,0,0,155,1,156,97,1,98,7,0,7,259,2,261
Andhra Pradesh,2005,Burglary,0,0,0,152,6,158,61,0,61,5,0,5,218,6,224
Andhra Pradesh,2005,Thefts,0,0,0,1028,16,1044,685,21,706,81,3,84,1794,40,1834
Andhra Pradesh,2005,Extortion,0,0,0,54,1,55,34,0,34,0,0,0,88,1,89
Andhra Pradesh,2005,Riots,0,0,0,40,28,68,35,12,47,2,0,2,77,40,117
Andhra Pradesh,2005,Arson,0,0,0,21,0,21,15,0,15,1,0,1,37,0,37
Andhra Pradesh,2005,Criminal Breach Of Trust,0,0,0,10,0,10,20,0,20,0,0,0,30,0,30
Andhra Pradesh,2005,Cheating,0,0,0,74,0,74,128,8,136,16,3,19,218,11,229
Andhra Pradesh,2005,Counter Feiting,0,0,0,31,0,31,21,0,21,1,0,1,53,0,53
Andhra Pradesh,2005,Dowry Deaths,0,0,0,48,7,55,64,16,80,11,5,16,123,28,151
Andhra Pradesh,2005,Molestation,0,0,0,43,0,43,53,0,53,1,0,1,97,0,97
Andhra Pradesh,2005,Eve-Teasing,0,0,0,26,0,26,6,0,6,3,0,3,35,0,35
Andhra Pradesh,2005,Cruelty By Husband Or Relative Of Husband,0,0,0,89,9,98,138,27,165,23,7,30,250,43,293
Andhra Pradesh,2005,Other Ipc Crimes,0,0,0,270,16,286,223,21,244,47,6,53,540,43,583
Andhra Pradesh,2006,Murder,0,0,0,591,51,642,640,58,698,147,12,159,1378,121,1499
Andhra Pradesh,2006,Attempt To Commit Murder,0,0,0,217,14,231,300,13,313,63,7,70,580,34,614
Andhra Pradesh,2006,C.H. Not Amounting To Murder,0,0,0,46,6,52,65,3,68,14,3,17,125,12,137
Andhra Pradesh,2006,Rape,0,0,0,169,1,170,147,5,152,14,0,14,330,6,336
Andhra Pradesh,2006,Kidnapping And Abduction,0,0,0,156,11,167,112,10,122,8,0,8,276,21,297
Andhra Pradesh,2006,Dacoity,0,0,0,257,5,262,189,4,193,6,0,6,452,9,461
Andhra Pradesh,2006,Prep. And Assembly For Dacoity,0,0,0,40,0,40,53,0,53,10,0,10,103,0,103
Andhra Pradesh,2006,Robbery,0,0,0,94,2,96,110,1,111,22,0,22,226,3,229
Andhra Pradesh,2006,Burglary,0,0,0,89,2,91,56,4,60,14,0,14,159,6,165
Andhra Pradesh,2006,Thefts,0,0,0,866,14,880,656,26,682,82,5,87,1604,45,1649
Andhra Pradesh,2006,Extortion,0,0,0,72,0,72,66,0,66,16,0,16,154,0,154
Andhra Pradesh,2006,Riots,0,0,0,20,7,27,82,4,86,6,0,6,108,11,119
Andhra Pradesh,2006,Arson,0,0,0,5,0,5,13,0,13,1,0,1,19,0,19
Andhra Pradesh,2006,Criminal Breach Of Trust,0,0,0,9,0,9,20,0,20,9,1,10,38,1,39
Andhra Pradesh,2006,Cheating,0,0,0,58,8,66,130,9,139,13,1,14,201,18,219
Andhra Pradesh,2006,Counter Feiting,0,0,0,15,0,15,20,1,21,0,0,0,35,1,36
Andhra Pradesh,2006,Dowry Deaths,0,0,0,38,13,51,72,19,91,20,18,38,130,50,180
Andhra Pradesh,2006,Molestation,0,0,0,64,0,64,42,2,44,1,0,1,107,2,109
Andhra Pradesh,2006,Eve-Teasing,0,0,0,18,0,18,8,0,8,0,0,0,26,0,26
Andhra Pradesh,2006,Cruelty By Husband Or Relative Of Husband,0,0,0,100,10,110,170,25,195,26,0,26,296,35,331
Andhra Pradesh,2006,Other Ipc Crimes,0,0,0,234,35,269,315,24,339,81,12,93,630,71,701
Andhra Pradesh,2007,Murder,0,0,0,596,54,650,478,53,531,75,16,91,1149,123,1272
Andhra Pradesh,2007,Attempt To Commit Murder,0,0,0,236,13,249,230,14,244,25,4,29,491,31,522
Andhra Pradesh,2007,C.H. Not Amounting To Murder,0,0,0,102,1,103,84,8,92,8,3,11,194,12,206
Andhra Pradesh,2007,Rape,0,0,0,174,3,177,133,2,135,25,0,25,332,5,337
Andhra Pradesh,2007,Kidnapping And Abduction,0,0,0,136,9,145,88,20,108,12,0,12,236,29,265
Andhra Pradesh,2007,Dacoity,0,0,0,183,1,184,144,3,147,25,0,25,352,4,356
Andhra Pradesh,2007,Prep. And Assembly For Dacoity,0,0,0,21,1,22,35,2,37,1,0,1,57,3,60
Andhra Pradesh,2007,Robbery,0,0,0,121,1,122,89,5,94,9,0,9,219,6,225
Andhra Pradesh,2007,Burglary,0,0,0,131,4,135,108,2,110,6,1,7,245,7,252
Andhra Pradesh,2007,Thefts,0,0,0,800,14,814,1098,45,1143,160,7,167,2058,66,2124
Andhra Pradesh,2007,Extortion,0,0,0,18,0,18,19,0,19,1,0,1,38,0,38
Andhra Pradesh,2007,Riots,0,0,0,43,4,47,26,3,29,0,0,0,69,7,76
Andhra Pradesh,2007,Arson,0,0,0,10,0,10,10,0,10,4,0,4,24,0,24
Andhra Pradesh,2007,Criminal Breach Of Trust,0,0,0,9,0,9,21,0,21,1,0,1,31,0,31
Andhra Pradesh,2007,Cheating,0,0,0,47,1,48,114,6,120,21,4,25,182,11,193
Andhra Pradesh,2007,Counter Feiting,0,0,0,21,2,23,25,0,25,5,0,5,51,2,53
Andhra Pradesh,2007,Dowry Deaths,0,0,0,45,5,50,60,19,79,12,3,15,117,27,144
Andhra Pradesh,2007,Molestation,0,0,0,53,2,55,55,0,55,4,0,4,112,2,114
Andhra Pradesh,2007,Eve-Teasing,0,0,0,24,0,24,0,0,0,2,0,2,26,0,26
Andhra Pradesh,2007,Cruelty By Husband Or Relative Of Husband,0,0,0,123,5,128,172,29,201,37,10,47,332,44,376
Andhra Pradesh,2007,Other Ipc Crimes,0,0,0,240,9,249,539,51,590,91,5,96,870,65,935
Andhra Pradesh,2008,Murder,0,0,0,522,44,566,505,55,560,69,8,77,1096,107,1203
Andhra Pradesh,2008,Attempt To Commit Murder,0,0,0,206,12,218,174,17,191,21,0,21,401,29,430
Andhra Pradesh,2008,C.H. Not Amounting To Murder,0,0,0,64,3,67,68,5,73,17,4,21,149,12,161
Andhra Pradesh,2008,Rape,0,0,0,128,0,128,115,1,116,21,0,21,264,1,265
Andhra Pradesh,2008,Kidnapping And Abduction,0,0,0,167,9,176,136,13,149,4,0,4,307,22,329
Andhra Pradesh,2008,Dacoity,0,0,0,168,2,170,173,1,174,57,0,57,398,3,401
Andhra Pradesh,2008,Prep. And Assembly For Dacoity,0,0,0,14,0,14,32,0,32,0,0,0,46,0,46
Andhra Pradesh,2008,Robbery,0,0,0,98,3,101,66,5,71,3,0,3,167,8,175
Andhra Pradesh,2008,Burglary,0,0,0,123,6,129,115,0,115,24,0,24,262,6,268
Andhra Pradesh,2008,Thefts,0,0,0,834,20,854,966,61,1027,161,4,165,1961,85,2046
Andhra Pradesh,2008,Extortion,0,0,0,32,1,33,21,0,21,1,0,1,54,1,55
Andhra Pradesh,2008,Riots,0,0,0,15,0,15,21,1,22,6,0,6,42,1,43
Andhra Pradesh,2008,Arson,0,0,0,6,0,6,12,0,12,0,0,0,18,0,18
Andhra Pradesh,2008,Criminal Breach Of Trust,0,0,0,6,0,6,4,0,4,0,0,0,10,0,10
Andhra Pradesh,2008,Cheating,0,0,0,33,2,35,64,1,65,16,0,16,113,3,116
Andhra Pradesh,2008,Counter Feiting,0,0,0,21,0,21,13,2,15,3,0,3,37,2,39
Andhra Pradesh,2008,Dowry Deaths,0,0,0,60,2,62,74,24,98,21,10,31,155,36,191
Andhra Pradesh,2008,Molestation,0,0,0,78,1,79,64,1,65,6,0,6,148,2,150
Andhra Pradesh,2008,Eve-Teasing,0,0,0,28,0,28,33,0,33,6,2,8,67,2,69
Andhra Pradesh,2008,Cruelty By Husband Or Relative Of Husband,0,0,0,104,7,111,176,23,199,29,5,34,309,35,344
Andhra Pradesh,2008,Other Ipc Crimes,0,0,0,135,9,144,320,23,343,76,4,80,531,36,567
Andhra Pradesh,2009,Murder,0,0,0,352,36,388,538,61,599,59,7,66,949,104,1053
Andhra Pradesh,2009,Attempt To Commit Murder,0,0,0,134,5,139,165,9,174,33,2,35,332,16,348
Andhra Pradesh,2009,C.H. Not Amounting To Murder,0,0,0,62,8,70,69,10,79,16,2,18,147,20,167
Andhra Pradesh,2009,Rape,0,0,0,100,1,101,154,5,159,3,0,3,257,6,263
Andhra Pradesh,2009,Kidnapping And Abduction,0,0,0,92,5,97,100,16,116,8,1,9,200,22,222
Andhra Pradesh,2009,Dacoity,0,0,0,127,2,129,185,1,186,9,1,10,321,4,325
Andhra Pradesh,2009,Prep. And Assembly For Dacoity,0,0,0,9,0,9,19,0,19,0,0,0,28,0,28
Andhra Pradesh,2009,Robbery,0,0,0,53,0,53,60,0,60,4,0,4,117,0,117
Andhra Pradesh,2009,Burglary,0,0,0,71,0,71,50,0,50,3,0,3,124,0,124
Andhra Pradesh,2009,Thefts,0,0,0,846,32,878,839,35,874,121,12,133,1806,79,1885
Andhra Pradesh,2009,Extortion,0,0,0,23,0,23,19,1,20,0,0,0,42,1,43
Andhra Pradesh,2009,Riots,0,0,0,13,0,13,17,2,19,2,0,2,32,2,34
Andhra Pradesh,2009,Arson,0,0,0,32,0,32,32,2,34,0,0,0,64,2,66
Andhra Pradesh,2009,Criminal Breach Of Trust,0,0,0,15,1,16,9,1,10,1,0,1,25,2,27
Andhra Pradesh,2009,Cheating,0,0,0,66,6,72,56,7,63,24,1,25,146,14,160
Andhra Pradesh,2009,Counter Feiting,0,0,0,10,0,10,12,0,12,1,0,1,23,0,23
Andhra Pradesh,2009,Dowry Deaths,0,0,0,66,5,71,68,20,88,13,6,19,147,31,178
Andhra Pradesh,2009,Molestation,0,0,0,50,0,50,59,0,59,0,0,0,109,0,109
Andhra Pradesh,2009,Eve-Teasing,0,0,0,26,0,26,20,0,20,1,0,1,47,0,47
Andhra Pradesh,2009,Cruelty By Husband Or Relative Of Husband,0,0,0,200,10,210,214,23,237,42,6,48,456,39,495
Andhra Pradesh,2009,Other Ipc Crimes,0,0,0,231,27,258,375,43,418,37,14,51,643,84,727
Andhra Pradesh,2010,Murder,0,0,0,451,32,483,416,52,468,65,5,70,932,89,1021
Andhra Pradesh,2010,Attempt To Commit Murder,0,0,0,135,8,143,187,9,196,22,3,25,344,20,364
Andhra Pradesh,2010,C.H. Not Amounting To Murder,0,0,0,61,4,65,35,15,50,4,2,6,100,21,121
Andhra Pradesh,2010,Rape,0,0,0,123,5,128,114,27,141,22,1,23,259,33,292
Andhra Pradesh,2010,Kidnapping And Abduction,0,0,0,88,4,92,115,13,128,5,1,6,208,18,226
Andhra Pradesh,2010,Dacoity,0,0,0,140,4,144,176,4,180,14,0,14,330,8,338
Andhra Pradesh,2010,Prep. And Assembly For Dacoity,0,0,0,22,1,23,16,1,17,1,0,1,39,2,41
Andhra Pradesh,2010,Robbery,0,0,0,77,1,78,77,0,77,9,0,9,163,1,164
Andhra Pradesh,2010,Burglary,0,0,0,113,2,115,94,7,101,11,0,11,218,9,227
Andhra Pradesh,2010,Thefts,0,0,0,699,28,727,714,27,741,95,3,98,1508,58,1566
Andhra Pradesh,2010,Extortion,0,0,0,37,0,37,26,0,26,1,0,1,64,0,64
Andhra Pradesh,2010,Riots,0,0,0,29,0,29,19,1,20,1,0,1,49,1,50
Andhra Pradesh,2010,Arson,0,0,0,14,0,14,7,0,7,0,0,0,21,0,21
Andhra Pradesh,2010,Criminal Breach Of Trust,0,0,0,13,4,17,13,1,14,6,2,8,32,7,39
Andhra Pradesh,2010,Cheating,0,0,0,41,5,46,70,9,79,22,3,25,133,17,150
Andhra Pradesh,2010,Counter Feiting,0,0,0,17,0,17,16,0,16,1,0,1,34,0,34
Andhra Pradesh,2010,Dowry Deaths,0,0,0,41,3,44,76,15,91,12,3,15,129,21,150
Andhra Pradesh,2010,Molestation,0,0,0,56,2,58,45,1,46,5,0,5,106,3,109
Andhra Pradesh,2010,Eve-Teasing,0,0,0,23,0,23,9,0,9,3,0,3,35,0,35
Andhra Pradesh,2010,Cruelty By Husband Or Relative Of Husband,0,0,0,120,11,131,210,28,238,16,4,20,346,43,389
Andhra Pradesh,2010,Other Ipc Crimes,0,0,0,301,20,321,360,51,411,68,5,73,729,76,805
Andhra Pradesh,2011,Murder,0,0,0,514,51,565,529,68,597,62,12,74,1105,131,1236
Andhra Pradesh,2011,Attempt To Commit Murder,0,0,0,191,10,201,191,17,208,25,4,29,407,31,438
Andhra Pradesh,2011,C.H. Not Amounting To Murder,0,0,0,62,1,63,69,10,79,9,0,9,140,11,151
Andhra Pradesh,2011,Rape,0,0,0,131,2,133,128,1,129,9,0,9,268,3,271
Andhra Pradesh,2011,Kidnapping And Abduction,0,0,0,136,7,143,124,10,134,3,0,3,263,17,280
Andhra Pradesh,2011,Dacoity,0,0,0,145,0,145,108,3,111,16,0,16,269,3,272
Andhra Pradesh,2011,Prep. And Assembly For Dacoity,0,0,0,3,0,3,5,0,5,1,0,1,9,0,9
Andhra Pradesh,2011,Robbery,0,0,0,102,0,102,144,2,146,9,0,9,255,2,257
Andhra Pradesh,2011,Burglary,0,0,0,81,5,86,87,2,89,22,0,22,190,7,197
Andhra Pradesh,2011,Thefts,0,0,0,897,27,924,1102,53,1155,124,7,131,2123,87,2210
Andhra Pradesh,2011,Extortion,0,0,0,55,0,55,37,1,38,1,0,1,93,1,94
Andhra Pradesh,2011,Riots,0,0,0,8,0,8,7,0,7,1,0,1,16,0,16
Andhra Pradesh,2011,Arson,0,0,0,9,0,9,6,0,6,2,0,2,17,0,17
Andhra Pradesh,2011,Criminal Breach Of Trust,0,0,0,3,0,3,12,0,12,0,0,0,15,0,15
Andhra Pradesh,2011,Cheating,0,0,0,97,7,104,132,9,141,20,2,22,249,18,267
Andhra Pradesh,2011,Counter Feiting,0,0,0,11,0,11,17,4,21,4,1,5,32,5,37
Andhra Pradesh,2011,Dowry Deaths,0,0,0,63,3,66,92,15,107,15,8,23,170,26,196
Andhra Pradesh,2011,Molestation,0,0,0,59,2,61,43,2,45,5,0,5,107,4,111
Andhra Pradesh,2011,Eve-Teasing,0,0,0,38,0,38,7,0,7,0,0,0,45,0,45
Andhra Pradesh,2011,Cruelty By Husband Or Relative Of Husband,0,0,0,140,5,145,208,16,224,16,9,25,364,30,394
Andhra Pradesh,2011,Other Ipc Crimes,0,0,0,309,24,333,355,35,390,65,10,75,729,69,798
Andhra Pradesh,2012,Murder,0,0,0,418,40,458,476,77,553,75,14,89,969,131,1100
Andhra Pradesh,2012,Attempt To Commit Murder,0,0,0,195,8,203,225,14,239,18,4,22,438,26,464
Andhra Pradesh,2012,C.H. Not Amounting To Murder,0,0,0,59,4,63,81,9,90,11,1,12,151,14,165
Andhra Pradesh,2012,Rape,0,0,0,173,0,173,122,2,124,11,0,11,306,2,308
Andhra Pradesh,2012,Kidnapping And Abduction,0,0,0,151,4,155,101,5,106,14,1,15,266,10,276
Andhra Pradesh,2012,Dacoity,0,0,0,102,1,103,99,4,103,11,0,11,212,5,217
Andhra Pradesh,2012,Prep. And Assembly For Dacoity,0,0,0,2,2,4,11,1,12,0,0,0,13,3,16
Andhra Pradesh,2012,Robbery,0,0,0,107,1,108,144,1,145,6,0,6,257,2,259
Andhra Pradesh,2012,Burglary,0,0,0,110,1,111,99,0,99,11,0,11,220,1,221
Andhra Pradesh,2012,Thefts,0,0,0,791,28,819,945,51,996,117,7,124,1853,86,1939
Andhra Pradesh,2012,Extortion,0,0,0,12,0,12,31,0,31,0,0,0,43,0,43
Andhra Pradesh,2012,Riots,0,0,0,14,0,14,15,0,15,0,0,0,29,0,29
Andhra Pradesh,2012,Arson,0,0,0,6,0,6,7,0,7,0,0,0,13,0,13
Andhra Pradesh,2012,Criminal Breach Of Trust,0,0,0,3,0,3,6,0,6,4,0,4,13,0,13
Andhra Pradesh,2012,Cheating,0,0,0,76,16,92,158,16,174,36,3,39,270,35,305
Andhra Pradesh,2012,Counter Feiting,0,0,0,17,1,18,31,0,31,3,0,3,51,1,52
Andhra Pradesh,2012,Dowry Deaths,0,0,0,74,6,80,90,18,108,20,20,40,184,44,228
Andhra Pradesh,2012,Molestation,0,0,0,69,5,74,46,4,50,12,1,13,127,10,137
Andhra Pradesh,2012,Eve-Teasing,0,0,0,24,0,24,21,1,22,0,0,0,45,1,46
Andhra Pradesh,2012,Cruelty By Husband Or Relative Of Husband,0,0,0,138,4,142,201,15,216,28,7,35,367,26,393
Andhra Pradesh,2012,Other Ipc Crimes,0,0,0,227,4,231,266,21,287,73,6,79,566,31,597
Arunachal Pradesh,2009,Murder,0,0,0,6,0,6,1,2,3,0,0,0,7,2,9
Arunachal Pradesh,2009,Attempt To Commit Murder,0,0,0,0,0,0,0,0,0,0,0,0,0,0,0
Arunachal Pradesh,2009,C.H. Not Amounting To Murder,0,0,0,1,0,1,1,0,1,0,0,0,2,0,2
Arunachal Pradesh,2009,Rape,0,0,0,0,0,0,0,0,0,0,0,0,0,0,0
Arunachal Pradesh,2009,Kidnapping And Abduction,0,0,0,4,0,4,1,0,1,1,0,1,6,0,6
Arunachal Pradesh,2009,Dacoity,0,0,0,0,0,0,0,0,0,0,0,0,0,0,0
Arunachal Pradesh,2009,Prep. And Assembly For Dacoity,0,0,0,0,0,0,0,0,0,0,0,0,0,0,0
Arunachal Pradesh,2009,Robbery,0,0,0,1,0,1,0,0,0,0,0,0,1,0,1
Arunachal Pradesh,2009,Burglary,0,0,0,2,0,2,1,0,1,0,0,0,3,0,3
Arunachal Pradesh,2009,Thefts,0,0,0,7,0,7,2,0,2,0,0,0,9,0,9
Arunachal Pradesh,2009,Extortion,0,0,0,4,0,4,1,0,1,0,0,0,5,0,5
Arunachal Pradesh,2009,Riots,0,0,0,0,0,0,0,0,0,0,0,0,0,0,0
Arunachal Pradesh,2009,Arson,0,0,0,0,0,0,0,0,0,0,0,0,0,0,0
Arunachal Pradesh,2009,Criminal Breach Of Trust,0,0,0,0,0,0,1,0,1,0,0,0,1,0,1
Arunachal Pradesh,2009,Cheating,0,0,0,0,0,0,0,0,0,0,0,0,0,0,0
Arunachal Pradesh,2009,Counter Feiting,0,0,0,0,0,0,0,0,0,0,0,0,0,0,0
Arunachal Pradesh,2009,Dowry Deaths,0,0,0,0,0,0,0,0,0,0,0,0,0,0,0
Arunachal Pradesh,2009,Molestation,0,0,0,0,0,0,0,0,0,0,0,0,0,0,0
Arunachal Pradesh,2009,Eve-Teasing,0,0,0,0,0,0,0,0,0,0,0,0,0,0,0
Arunachal Pradesh,2009,Cruelty By Husband Or Relative Of Husband,0,0,0,0,0,0,0,0,0,0,0,0,0,0,0
Arunachal Pradesh,2009,Other Ipc Crimes,1,0,1,11,2,13,2,0,2,1,0,1,15,2,17
Arunachal Pradesh,2010,Murder,0,0,0,1,0,1,4,2,6,0,0,0,5,2,7
Arunachal Pradesh,2010,Attempt To Commit Murder,0,0,0,1,0,1,1,0,1,0,0,0,2,0,2
Arunachal Pradesh,2010,C.H. Not Amounting To Murder,0,0,0,0,0,0,0,0,0,0,0,0,0,0,0
Arunachal Pradesh,2010,Rape,0,0,0,1,0,1,0,0,0,0,0,0,1,0,1
Arunachal Pradesh,2010,Kidnapping And Abduction,0,0,0,0,1,1,0,0,0,0,0,0,0,1,1
Arunachal Pradesh,2010,Dacoity,0,0,0,0,0,0,0,0,0,0,0,0,0,0,0
Arunachal Pradesh,2010,Prep. And Assembly For Dacoity,0,0,0,0,0,0,0,0,0,0,0,0,0,0,0
Arunachal Pradesh,2010,Robbery,0,0,0,6,0,6,0,0,0,0,0,0,6,0,6
Arunachal Pradesh,2010,Burglary,0,0,0,3,0,3,0,0,0,0,0,0,3,0,3
Arunachal Pradesh,2010,Thefts,0,0,0,15,0,15,0,0,0,0,0,0,15,0,15
Arunachal Pradesh,2010,Extortion,0,0,0,6,0,6,1,0,1,0,0,0,7,0,7
Arunachal Pradesh,2010,Riots,0,0,0,0,0,0,0,0,0,0,0,0,0,0,0
Arunachal Pradesh,2010,Arson,0,0,0,0,0,0,0,0,0,0,0,0,0,0,0
Arunachal Pradesh,2010,Criminal Breach Of Trust,0,0,0,0,0,0,0,0,0,0,0,0,0,0,0
Arunachal Pradesh,2010,Cheating,0,0,0,0,0,0,0,0,0,0,0,0,0,0,0
Arunachal Pradesh,2010,Counter Feiting,0,0,0,0,0,0,0,0,0,0,0,0,0,0,0
Arunachal Pradesh,2010,Dowry Deaths,0,0,0,0,0,0,0,0,0,0,0,0,0,0,0
Arunachal Pradesh,2010,Molestation,0,0,0,0,0,0,0,0,0,0,0,0,0,0,0
Arunachal Pradesh,2010,Eve-Teasing,0,0,0,0,0,0,0,0,0,0,0,0,0,0,0
Arunachal Pradesh,2010,Cruelty By Husband Or Relative Of Husband,0,0,0,0,0,0,0,0,0,0,0,0,0,0,0
Arunachal Pradesh,2010,Other Ipc Crimes,0,0,0,3,0,3,4,1,5,1,0,1,8,1,9
Arunachal Pradesh,2011,Murder,0,0,0,3,3,6,4,1,5,0,0,0,7,4,11
Arunachal Pradesh,2011,Attempt To Commit Murder,0,0,0,2,0,2,1,0,1,0,0,0,3,0,3
Arunachal Pradesh,2011,C.H. Not Amounting To Murder,0,0,0,2,0,2,0,0,0,0,0,0,2,0,2
Arunachal Pradesh,2011,Rape,0,0,0,3,0,3,1,0,1,0,0,0,4,0,4
Arunachal Pradesh,2011,Kidnapping And Abduction,0,0,0,2,0,2,0,0,0,0,0,0,2,0,2
Arunachal Pradesh,2011,Dacoity,0,0,0,0,0,0,0,0,0,0,0,0,0,0,0
Arunachal Pradesh,2011,Prep. And Assembly For Dacoity,0,0,0,0,0,0,0,0,0,0,0,0,0,0,0
Arunachal Pradesh,2011,Robbery,0,0,0,4,0,4,0,0,0,0,0,0,4,0,4
Arunachal Pradesh,2011,Burglary,0,0,0,1,0,1,0,0,0,0,0,0,1,0,1
Arunachal Pradesh,2011,Thefts,0,0,0,9,0,9,1,0,1,0,0,0,10,0,10
Arunachal Pradesh,2011,Extortion,0,0,0,0,0,0,1,0,1,0,0,0,1,0,1
Arunachal Pradesh,2011,Riots,0,0,0,0,0,0,0,0,0,0,0,0,0,0,0
Arunachal Pradesh,2011,Arson,0,0,0,0,0,0,0,0,0,0,0,0,0,0,0
Arunachal Pradesh,2011,Criminal Breach Of Trust,0,0,0,0,0,0,0,0,0,0,0,0,0,0,0
Arunachal Pradesh,2011,Cheating,0,0,0,0,0,0,1,0,1,1,0,1,2,0,2
Arunachal Pradesh,2011,Counter Feiting,0,0,0,0,0,0,0,0,0,0,0,0,0,0,0
Arunachal Pradesh,2011,Dowry Deaths,0,0,0,0,0,0,0,0,0,0,0,0,0,0,0
Arunachal Pradesh,2011,Molestation,0,0,0,0,0,0,0,0,0,0,0,0,0,0,0
Arunachal Pradesh,2011,Eve-Teasing,0,0,0,0,0,0,0,0,0,0,0,0,0,0,0
Arunachal Pradesh,2011,Cruelty By Husband Or Relative Of Husband,0,0,0,0,0,0,0,0,0,0,0,0,0,0,0
Arunachal Pradesh,2011,Other Ipc Crimes,0,0,0,3,0,3,0,1,1,0,0,0,3,1,4
Arunachal Pradesh,2012,Murder,0,0,0,7,2,9,2,1,3,0,0,0,9,3,12
Arunachal Pradesh,2012,Attempt To Commit Murder,0,0,0,4,0,4,1,0,1,0,0,0,5,0,5
Arunachal Pradesh,2012,C.H. Not Amounting To Murder,0,0,0,0,0,0,0,0,0,0,0,0,0,0,0
Arunachal Pradesh,2012,Rape,0,0,0,1,0,1,0,0,0,0,0,0,1,0,1
Arunachal Pradesh,2012,Kidnapping And Abduction,0,0,0,2,1,3,0,0,0,0,0,0,2,1,3
Arunachal Pradesh,2012,Dacoity,0,0,0,0,0,0,0,0,0,0,0,0,0,0,0
Arunachal Pradesh,2012,Prep. And Assembly For Dacoity,0,0,0,0,0,0,0,0,0,0,0,0,0,0,0
Arunachal Pradesh,2012,Robbery,0,0,0,9,0,9,0,0,0,0,0,0,9,0,9
Arunachal Pradesh,2012,Burglary,0,0,0,4,0,4,0,0,0,0,0,0,4,0,4
Arunachal Pradesh,2012,Thefts,0,0,0,20,0,20,1,0,1,0,0,0,21,0,21
Arunachal Pradesh,2012,Extortion,0,0,0,1,0,1,1,0,1,0,0,0,2,0,2
Arunachal Pradesh,2012,Riots,0,0,0,0,0,0,0,0,0,0,0,0,0,0,0
Arunachal Pradesh,2012,Arson,0,0,0,0,0,0,0,0,0,0,0,0,0,0,0
Arunachal Pradesh,2012,Criminal Breach Of Trust,0,0,0,0,0,0,0,0,0,0,0,0,0,0,0
Arunachal Pradesh,2012,Cheating,0,0,0,3,0,3,1,0,1,1,0,1,5,0,5
Arunachal Pradesh,2012,Counter Feiting,0,0,0,0,0,0,0,0,0,0,0,0,0,0,0
Arunachal Pradesh,2012,Dowry Deaths,0,0,0,0,0,0,0,0,0,0,0,0,0,0,0
Arunachal Pradesh,2012,Molestation,0,0,0,0,0,0,0,0,0,0,0,0,0,0,0
Arunachal Pradesh,2012,Eve-Teasing,0,0,0,0,0,0,0,0,0,0,0,0,0,0,0
Arunachal Pradesh,2012,Cruelty By Husband Or Relative Of Husband,0,0,0,0,0,0,0,0,0,0,0,0,0,0,0
Arunachal Pradesh,2012,Other Ipc Crimes,0,0,0,3,0,3,1,0,1,0,0,0,4,0,4
Assam,2001,Murder,9,2,11,343,19,362,312,29,341,85,2,87,749,52,801
Assam,2001,Attempt To Commit Murder,9,0,9,74,2,76,39,0,39,7,0,7,129,2,131
Assam,2001,C.H. Not Amounting To Murder,1,0,1,58,1,59,56,1,57,20,0,20,135,2,137
Assam,2001,Rape,4,0,4,106,0,106,91,1,92,2,0,2,203,1,204
Assam,2001,Kidnapping And Abduction,1,0,1,133,3,136,70,7,77,12,1,13,216,11,227
Assam,2001,Dacoity,7,0,7,222,1,223,179,0,179,21,0,21,429,1,430
Assam,2001,Prep. And Assembly For Dacoity,0,0,0,22,0,22,18,0,18,0,0,0,40,0,40
Assam,2001,Robbery,6,0,6,76,0,76,85,1,86,33,0,33,200,1,201
Assam,2001,Burglary,9,0,9,82,4,86,78,1,79,16,0,16,185,5,190
Assam,2001,Thefts,41,1,42,253,5,258,208,4,212,58,0,58,560,10,570
Assam,2001,Extortion,0,0,0,43,0,43,46,0,46,1,0,1,90,0,90
Assam,2001,Riots,0,0,0,30,0,30,27,0,27,5,0,5,62,0,62
Assam,2001,Arson,0,0,0,3,1,4,13,1,14,1,1,2,17,3,20
Assam,2001,Criminal Breach Of Trust,0,0,0,3,0,3,12,0,12,5,0,5,20,0,20
Assam,2001,Cheating,0,0,0,20,0,20,9,0,9,3,0,3,32,0,32
Assam,2001,Counter Feiting,0,0,0,4,0,4,1,0,1,2,0,2,7,0,7
Assam,2001,Dowry Deaths,0,0,0,2,1,3,7,0,7,2,0,2,11,1,12
Assam,2001,Molestation,0,0,0,4,0,4,6,0,6,0,0,0,10,0,10
Assam,2001,Eve-Teasing,0,0,0,0,0,0,0,0,0,0,0,0,0,0,0
Assam,2001,Cruelty By Husband Or Relative Of Husband,0,0,0,24,2,26,39,4,43,6,1,7,69,7,76
Assam,2001,Other Ipc Crimes,1,0,1,70,2,72,46,1,47,9,0,9,126,3,129
Assam,2002,Murder,14,1,15,381,17,398,559,24,583,93,0,93,1047,42,1089
Assam,2002,Attempt To Commit Murder,8,0,8,71,0,71,66,3,69,13,0,13,158,3,161
Assam,2002,C.H. Not Amounting To Murder,3,0,3,63,6,69,59,4,63,23,1,24,148,11,159
Assam,2002,Rape,13,0,13,141,1,142,96,1,97,15,0,15,265,2,267
Assam,2002,Kidnapping And Abduction,4,0,4,129,4,133,80,2,82,19,1,20,232,7,239
Assam,2002,Dacoity,7,0,7,193,0,193,166,0,166,12,0,12,378,0,378
Assam,2002,Prep. And Assembly For Dacoity,0,0,0,17,0,17,14,0,14,1,0,1,32,0,32
Assam,2002,Robbery,5,0,5,103,0,103,77,0,77,14,0,14,199,0,199
Assam,2002,Burglary,14,0,14,85,0,85,88,2,90,15,0,15,202,2,204
Assam,2002,Thefts,68,4,72,247,2,249,224,3,227,31,0,31,570,9,579
Assam,2002,Extortion,0,0,0,45,0,45,40,0,40,5,0,5,90,0,90
Assam,2002,Riots,5,0,5,24,0,24,16,0,16,9,0,9,54,0,54
Assam,2002,Arson,0,0,0,6,0,6,14,1,15,6,0,6,26,1,27
Assam,2002,Criminal Breach Of Trust,0,0,0,3,0,3,5,0,5,2,0,2,10,0,10
Assam,2002,Cheating,0,0,0,14,0,14,25,0,25,1,0,1,40,0,40
Assam,2002,Counter Feiting,0,0,0,4,0,4,5,0,5,0,0,0,9,0,9
Assam,2002,Dowry Deaths,0,0,0,2,0,2,11,0,11,1,0,1,14,0,14
Assam,2002,Molestation,0,0,0,2,0,2,9,0,9,1,0,1,12,0,12
Assam,2002,Eve-Teasing,0,0,0,0,0,0,2,0,2,0,0,0,2,0,2
Assam,2002,Cruelty By Husband Or Relative Of Husband,0,0,0,24,1,25,51,9,60,14,0,14,89,10,99
Assam,2002,Other Ipc Crimes,2,0,2,61,0,61,28,0,28,2,0,2,93,0,93
Assam,2003,Murder,11,0,11,368,17,385,484,23,507,69,0,69,932,40,972
Assam,2003,Attempt To Commit Murder,7,0,7,149,4,153,110,1,111,17,0,17,283,5,288
Assam,2003,C.H. Not Amounting To Murder,2,0,2,140,0,140,102,0,102,20,0,20,264,0,264
Assam,2003,Rape,19,0,19,183,0,183,104,1,105,8,0,8,314,1,315
Assam,2003,Kidnapping And Abduction,6,0,6,117,3,120,87,4,91,7,1,8,217,8,225
Assam,2003,Dacoity,8,0,8,210,0,210,144,0,144,34,0,34,396,0,396
Assam,2003,Prep. And Assembly For Dacoity,0,0,0,22,0,22,8,0,8,0,0,0,30,0,30
Assam,2003,Robbery,4,0,4,166,0,166,100,0,100,13,0,13,283,0,283
Assam,2003,Burglary,6,0,6,56,0,56,38,0,38,4,0,4,104,0,104
Assam,2003,Thefts,32,0,32,351,7,358,175,12,187,36,0,36,594,19,613
Assam,2003,Extortion,2,0,2,58,0,58,46,0,46,2,0,2,108,0,108
Assam,2003,Riots,0,0,0,57,0,57,30,0,30,2,0,2,89,0,89
Assam,2003,Arson,0,0,0,8,0,8,10,0,10,3,0,3,21,0,21
Assam,2003,Criminal Breach Of Trust,0,0,0,0,0,0,1,0,1,0,0,0,1,0,1
Assam,2003,Cheating,0,0,0,12,0,12,10,0,10,0,0,0,22,0,22
Assam,2003,Counter Feiting,0,0,0,10,0,10,7,0,7,0,0,0,17,0,17
Assam,2003,Dowry Deaths,0,0,0,0,0,0,2,0,2,4,0,4,6,0,6
Assam,2003,Molestation,0,0,0,1,0,1,0,0,0,0,0,0,1,0,1
Assam,2003,Eve-Teasing,0,0,0,0,0,0,0,0,0,0,0,0,0,0,0
Assam,2003,Cruelty By Husband Or Relative Of Husband,0,0,0,20,2,22,37,4,41,7,0,7,64,6,70
Assam,2003,Other Ipc Crimes,1,0,1,39,0,39,24,0,24,23,0,23,87,0,87
Assam,2004,Murder,3,0,3,338,20,358,349,20,369,150,4,154,840,44,884
Assam,2004,Attempt To Commit Murder,1,0,1,123,1,124,120,4,124,25,0,25,269,5,274
Assam,2004,C.H. Not Amounting To Murder,0,0,0,50,2,52,53,0,53,22,0,22,125,2,127
Assam,2004,Rape,0,0,0,173,0,173,129,0,129,26,0,26,328,0,328
Assam,2004,Kidnapping And Abduction,0,0,0,123,5,128,110,10,120,21,0,21,254,15,269
Assam,2004,Dacoity,0,0,0,131,2,133,136,0,136,11,0,11,278,2,280
Assam,2004,Prep. And Assembly For Dacoity,0,0,0,15,0,15,7,0,7,3,0,3,25,0,25
Assam,2004,Robbery,0,0,0,77,0,77,62,0,62,0,0,0,139,0,139
Assam,2004,Burglary,0,0,0,72,0,72,40,0,40,4,0,4,116,0,116
Assam,2004,Thefts,7,0,7,364,8,372,299,9,308,47,0,47,717,17,734
Assam,2004,Extortion,0,0,0,35,0,35,52,0,52,0,0,0,87,0,87
Assam,2004,Riots,0,0,0,5,0,5,9,0,9,0,0,0,14,0,14
Assam,2004,Arson,0,0,0,13,0,13,25,0,25,19,0,19,57,0,57
Assam,2004,Criminal Breach Of Trust,0,0,0,6,0,6,12,0,12,0,0,0,18,0,18
Assam,2004,Cheating,0,0,0,8,1,9,11,1,12,3,0,3,22,2,24
Assam,2004,Counter Feiting,0,0,0,27,0,27,24,0,24,1,0,1,52,0,52
Assam,2004,Dowry Deaths,0,0,0,6,4,10,13,0,13,10,1,11,29,5,34
Assam,2004,Molestation,0,0,0,0,0,0,0,0,0,0,0,0,0,0,0
Assam,2004,Eve-Teasing,0,0,0,0,0,0,0,0,0,0,0,0,0,0,0
Assam,2004,Cruelty By Husband Or Relative Of Husband,0,0,0,23,3,26,27,3,30,5,0,5,55,6,61
Assam,2004,Other Ipc Crimes,0,0,0,34,0,34,45,2,47,27,1,28,106,3,109
Assam,2005,Murder,1,0,1,412,19,431,349,26,375,80,5,85,842,50,892
Assam,2005,Attempt To Commit Murder,0,0,0,132,4,136,120,3,123,26,0,26,278,7,285
Assam,2005,C.H. Not Amounting To Murder,0,0,0,74,0,74,63,0,63,30,0,30,167,0,167
Assam,2005,Rape,0,0,0,201,0,201,151,0,151,15,0,15,367,0,367
Assam,2005,Kidnapping And Abduction,0,0,0,228,8,236,85,0,85,28,0,28,341,8,349
Assam,2005,Dacoity,0,0,0,183,0,183,148,0,148,24,0,24,355,0,355
Assam,2005,Prep. And Assembly For Dacoity,0,0,0,19,0,19,24,0,24,0,0,0,43,0,43
Assam,2005,Robbery,0,0,0,58,0,58,62,0,62,1,0,1,121,0,121
Assam,2005,Burglary,0,0,0,67,0,67,43,0,43,6,0,6,116,0,116
Assam,2005,Thefts,0,0,0,452,8,460,341,4,345,43,0,43,836,12,848
Assam,2005,Extortion,0,0,0,53,0,53,45,0,45,4,0,4,102,0,102
Assam,2005,Riots,0,0,0,40,0,40,38,0,38,12,0,12,90,0,90
Assam,2005,Arson,1,0,1,165,0,165,36,1,37,11,0,11,213,1,214
Assam,2005,Criminal Breach Of Trust,0,0,0,9,0,9,2,0,2,1,0,1,12,0,12
Assam,2005,Cheating,0,0,0,34,0,34,36,0,36,6,0,6,76,0,76
Assam,2005,Counter Feiting,0,0,0,11,1,12,15,1,16,2,0,2,28,2,30
Assam,2005,Dowry Deaths,0,0,0,9,0,9,17,4,21,7,0,7,33,4,37
Assam,2005,Molestation,0,0,0,1,0,1,0,0,0,0,0,0,1,0,1
Assam,2005,Eve-Teasing,0,0,0,0,0,0,0,0,0,0,0,0,0,0,0
Assam,2005,Cruelty By Husband Or Relative Of Husband,0,0,0,32,0,32,41,0,41,8,1,9,81,1,82
Assam,2005,Other Ipc Crimes,0,2,2,35,4,39,33,0,33,14,0,14,82,6,88
Assam,2006,Murder,1,0,1,357,17,374,363,22,385,101,5,106,822,44,866
Assam,2006,Attempt To Commit Murder,0,0,0,100,5,105,140,4,144,56,1,57,296,10,306
Assam,2006,C.H. Not Amounting To Murder,0,0,0,48,3,51,74,2,76,27,0,27,149,5,154
Assam,2006,Rape,0,0,0,190,0,190,152,0,152,26,0,26,368,0,368
Assam,2006,Kidnapping And Abduction,0,0,0,99,2,101,109,4,113,10,0,10,218,6,224
Assam,2006,Dacoity,0,0,0,137,0,137,142,0,142,21,0,21,300,0,300
Assam,2006,Prep. And Assembly For Dacoity,0,0,0,41,0,41,30,0,30,1,0,1,72,0,72
Assam,2006,Robbery,0,0,0,80,0,80,98,0,98,7,0,7,185,0,185
Assam,2006,Burglary,0,0,0,46,1,47,30,0,30,10,0,10,86,1,87
Assam,2006,Thefts,0,0,0,420,14,434,365,8,373,47,0,47,832,22,854
Assam,2006,Extortion,0,0,0,64,1,65,36,1,37,4,0,4,104,2,106
Assam,2006,Riots,0,0,0,34,0,34,34,0,34,3,0,3,71,0,71
Assam,2006,Arson,0,0,0,34,0,34,21,0,21,1,0,1,56,0,56
Assam,2006,Criminal Breach Of Trust,0,0,0,9,0,9,17,0,17,3,0,3,29,0,29
Assam,2006,Cheating,0,0,0,31,1,32,36,1,37,2,0,2,69,2,71
Assam,2006,Counter Feiting,0,0,0,1,0,1,12,0,12,8,0,8,21,0,21
Assam,2006,Dowry Deaths,0,0,0,17,4,21,23,1,24,6,0,6,46,5,51
Assam,2006,Molestation,0,0,0,3,0,3,2,0,2,0,0,0,5,0,5
Assam,2006,Eve-Teasing,0,0,0,7,0,7,6,0,6,0,0,0,13,0,13
Assam,2006,Cruelty By Husband Or Relative Of Husband,0,0,0,45,0,45,61,3,64,17,0,17,123,3,126
Assam,2006,Other Ipc Crimes,0,0,0,74,5,79,114,4,118,21,1,22,209,10,219
Assam,2007,Murder,0,0,0,407,24,431,388,30,418,42,0,42,837,54,891
Assam,2007,Attempt To Commit Murder,0,0,0,137,1,138,112,3,115,7,0,7,256,4,260
Assam,2007,C.H. Not Amounting To Murder,0,0,0,67,3,70,71,0,71,25,0,25,163,3,166
Assam,2007,Rape,0,0,0,185,1,186,129,0,129,15,0,15,329,1,330
Assam,2007,Kidnapping And Abduction,0,0,0,221,5,226,234,2,236,17,0,17,472,7,479
Assam,2007,Dacoity,0,0,0,124,0,124,122,0,122,10,0,10,256,0,256
Assam,2007,Prep. And Assembly For Dacoity,0,0,0,22,0,22,37,0,37,0,0,0,59,0,59
Assam,2007,Robbery,0,0,0,59,0,59,63,0,63,4,0,4,126,0,126
Assam,2007,Burglary,1,0,1,64,0,64,98,0,98,13,0,13,176,0,176
Assam,2007,Thefts,2,0,2,572,6,578,293,8,301,42,0,42,909,14,923
Assam,2007,Extortion,1,0,1,65,0,65,21,1,22,0,0,0,87,1,88
Assam,2007,Riots,0,0,0,22,0,22,49,0,49,16,0,16,87,0,87
Assam,2007,Arson,0,0,0,22,0,22,15,0,15,4,0,4,41,0,41
Assam,2007,Criminal Breach Of Trust,0,0,0,8,0,8,15,0,15,5,0,5,28,0,28
Assam,2007,Cheating,0,0,0,25,2,27,16,1,17,13,0,13,54,3,57
Assam,2007,Counter Feiting,0,0,0,18,2,20,18,0,18,6,0,6,42,2,44
Assam,2007,Dowry Deaths,0,0,0,26,3,29,25,4,29,6,0,6,57,7,64
Assam,2007,Molestation,0,0,0,6,0,6,8,0,8,2,0,2,16,0,16
Assam,2007,Eve-Teasing,0,0,0,0,0,0,0,0,0,0,0,0,0,0,0
Assam,2007,Cruelty By Husband Or Relative Of Husband,0,0,0,56,0,56,65,2,67,17,1,18,138,3,141
Assam,2007,Other Ipc Crimes,0,0,0,109,2,111,70,2,72,11,1,12,190,5,195
Assam,2008,Murder,0,0,0,441,11,452,422,9,431,120,12,132,983,32,1015
Assam,2008,Attempt To Commit Murder,0,0,0,117,2,119,135,6,141,18,2,20,270,10,280
Assam,2008,C.H. Not Amounting To Murder,0,0,0,60,5,65,109,2,111,18,0,18,187,7,194
Assam,2008,Rape,0,0,0,247,0,247,190,3,193,29,0,29,466,3,469
Assam,2008,Kidnapping And Abduction,0,0,0,245,6,251,191,2,193,33,5,38,469,13,482
Assam,2008,Dacoity,0,0,0,113,9,122,123,1,124,7,2,9,243,12,255
Assam,2008,Prep. And Assembly For Dacoity,0,0,0,12,0,12,31,0,31,3,0,3,46,0,46
Assam,2008,Robbery,0,0,0,54,0,54,78,0,78,3,0,3,135,0,135
Assam,2008,Burglary,0,0,0,30,6,36,76,3,79,12,0,12,118,9,127
Assam,2008,Thefts,0,0,0,526,12,538,271,9,280,69,3,72,866,24,890
Assam,2008,Extortion,0,0,0,85,0,85,30,0,30,6,0,6,121,0,121
Assam,2008,Riots,0,0,0,30,0,30,20,0,20,5,0,5,55,0,55
Assam,2008,Arson,0,0,0,23,0,23,21,0,21,9,0,9,53,0,53
Assam,2008,Criminal Breach Of Trust,0,0,0,9,0,9,12,0,12,4,0,4,25,0,25
Assam,2008,Cheating,0,0,0,25,4,29,14,4,18,7,0,7,46,8,54
Assam,2008,Counter Feiting,0,0,0,16,2,18,30,2,32,4,0,4,50,4,54
Assam,2008,Dowry Deaths,0,0,0,29,1,30,30,6,36,6,3,9,65,10,75
Assam,2008,Molestation,0,0,0,4,0,4,9,0,9,2,0,2,15,0,15
Assam,2008,Eve-Teasing,0,0,0,0,0,0,0,0,0,0,0,0,0,0,0
Assam,2008,Cruelty By Husband Or Relative Of Husband,0,0,0,66,0,66,72,2,74,15,0,15,153,2,155
Assam,2008,Other Ipc Crimes,0,0,0,120,6,126,70,7,77,25,0,25,215,13,228
Assam,2009,Murder,0,0,0,387,15,402,392,16,408,106,7,113,885,38,923
Assam,2009,Attempt To Commit Murder,0,0,0,112,2,114,123,7,130,10,2,12,245,11,256
Assam,2009,C.H. Not Amounting To Murder,0,0,0,50,3,53,106,3,109,13,0,13,169,6,175
Assam,2009,Rape,0,0,0,185,0,185,174,2,176,28,0,28,387,2,389
Assam,2009,Kidnapping And Abduction,0,0,0,235,6,241,162,2,164,41,3,44,438,11,449
Assam,2009,Dacoity,0,0,0,115,7,122,120,3,123,6,2,8,241,12,253
Assam,2009,Prep. And Assembly For Dacoity,0,0,0,9,0,9,12,0,12,2,0,2,23,0,23
Assam,2009,Robbery,0,0,0,48,0,48,79,0,79,3,0,3,130,0,130
Assam,2009,Burglary,0,0,0,40,4,44,46,3,49,11,0,11,97,7,104
Assam,2009,Thefts,0,0,0,421,12,433,282,12,294,55,3,58,758,27,785
Assam,2009,Extortion,0,0,0,76,0,76,38,0,38,4,0,4,118,0,118
Assam,2009,Riots,0,0,0,22,0,22,26,0,26,5,0,5,53,0,53
Assam,2009,Arson,0,0,0,25,0,25,33,0,33,10,0,10,68,0,68
Assam,2009,Criminal Breach Of Trust,0,0,0,10,0,10,6,0,6,3,0,3,19,0,19
Assam,2009,Cheating,0,0,0,23,2,25,14,0,14,5,0,5,42,2,44
Assam,2009,Counter Feiting,0,0,0,15,2,17,34,4,38,2,0,2,51,6,57
Assam,2009,Dowry Deaths,0,0,0,28,1,29,27,5,32,6,0,6,61,6,67
Assam,2009,Molestation,0,0,0,4,0,4,7,0,7,3,0,3,14,0,14
Assam,2009,Eve-Teasing,0,0,0,0,0,0,0,0,0,0,0,0,0,0,0
Assam,2009,Cruelty By Husband Or Relative Of Husband,0,0,0,93,4,97,80,3,83,31,0,31,204,7,211
Assam,2009,Other Ipc Crimes,0,0,0,56,6,62,48,6,54,23,2,25,127,14,141
Assam,2010,Murder,0,0,0,393,21,414,409,26,435,105,5,110,907,52,959
Assam,2010,Attempt To Commit Murder,0,0,0,128,2,130,122,5,127,14,2,16,264,9,273
Assam,2010,C.H. Not Amounting To Murder,0,0,0,52,2,54,125,4,129,12,0,12,189,6,195
Assam,2010,Rape,0,0,0,175,0,175,168,2,170,31,0,31,374,2,376
Assam,2010,Kidnapping And Abduction,0,0,0,256,7,263,162,10,172,39,1,40,457,18,475
Assam,2010,Dacoity,0,0,0,127,6,133,119,5,124,42,1,43,288,12,300
Assam,2010,Prep. And Assembly For Dacoity,0,0,0,16,0,16,10,0,10,2,0,2,28,0,28
Assam,2010,Robbery,0,0,0,43,0,43,53,0,53,2,0,2,98,0,98
Assam,2010,Burglary,0,0,0,51,3,54,26,2,28,1,0,1,78,5,83
Assam,2010,Thefts,0,0,0,483,15,498,240,7,247,15,0,15,738,22,760
Assam,2010,Extortion,0,0,0,75,2,77,35,1,36,3,0,3,113,3,116
Assam,2010,Riots,0,0,0,23,2,25,16,0,16,0,1,1,39,3,42
Assam,2010,Arson,0,0,0,21,1,22,20,0,20,0,0,0,41,1,42
Assam,2010,Criminal Breach Of Trust,0,0,0,7,0,7,10,0,10,3,0,3,20,0,20
Assam,2010,Cheating,0,0,0,18,0,18,15,0,15,5,0,5,38,0,38
Assam,2010,Counter Feiting,0,0,0,12,0,12,20,0,20,2,0,2,34,0,34
Assam,2010,Dowry Deaths,0,0,0,24,3,27,11,3,14,5,0,5,40,6,46
Assam,2010,Molestation,0,0,0,3,0,3,2,0,2,3,1,4,8,1,9
Assam,2010,Eve-Teasing,0,0,0,0,0,0,0,0,0,0,0,0,0,0,0
Assam,2010,Cruelty By Husband Or Relative Of Husband,0,0,0,57,4,61,71,0,71,8,0,8,136,4,140
Assam,2010,Other Ipc Crimes,0,0,0,72,5,77,32,1,33,30,0,30,134,6,140
Assam,2011,Murder,0,0,0,390,20,410,479,32,511,131,7,138,1000,59,1059
Assam,2011,Attempt To Commit Murder,0,0,0,148,4,152,124,9,133,16,2,18,288,15,303
Assam,2011,C.H. Not Amounting To Murder,0,0,0,72,3,75,150,7,157,13,0,13,235,10,245
Assam,2011,Rape,0,0,0,170,0,170,185,3,188,35,0,35,390,3,393
Assam,2011,Kidnapping And Abduction,0,0,0,270,6,276,177,14,191,42,2,44,489,22,511
Assam,2011,Dacoity,0,0,0,148,5,153,129,6,135,45,1,46,322,12,334
Assam,2011,Prep. And Assembly For Dacoity,0,0,0,21,0,21,12,0,12,3,0,3,36,0,36
Assam,2011,Robbery,0,0,0,47,0,47,62,0,62,4,0,4,113,0,113
Assam,2011,Burglary,0,0,0,67,5,72,29,2,31,2,0,2,98,7,105
Assam,2011,Thefts,0,0,0,462,13,475,251,6,257,18,0,18,731,19,750
Assam,2011,Extortion,0,0,0,50,4,54,37,2,39,6,0,6,93,6,99
Assam,2011,Riots,0,0,0,32,3,35,18,0,18,4,1,5,54,4,58
Assam,2011,Arson,0,0,0,27,2,29,21,0,21,7,0,7,55,2,57
Assam,2011,Criminal Breach Of Trust,0,0,0,9,0,9,9,0,9,3,0,3,21,0,21
Assam,2011,Cheating,0,0,0,21,0,21,16,0,16,8,0,8,45,0,45
Assam,2011,Counter Feiting,0,0,0,13,0,13,18,0,18,3,0,3,34,0,34
Assam,2011,Dowry Deaths,0,0,0,25,4,29,12,3,15,4,0,4,41,7,48
Assam,2011,Molestation,0,0,0,5,0,5,3,0,3,5,1,6,13,1,14
Assam,2011,Eve-Teasing,0,0,0,0,0,0,0,0,0,0,0,0,0,0,0
Assam,2011,Cruelty By Husband Or Relative Of Husband,0,0,0,63,4,67,72,0,72,10,0,10,145,4,149
Assam,2011,Other Ipc Crimes,0,0,0,72,5,77,34,2,36,32,0,32,138,7,145
Assam,2012,Murder,0,0,0,490,20,510,580,22,602,228,9,237,1298,51,1349
Assam,2012,Attempt To Commit Murder,0,0,0,150,3,153,124,6,130,14,2,16,288,11,299
Assam,2012,C.H. Not Amounting To Murder,0,0,0,75,4,79,160,5,165,15,0,15,250,9,259
Assam,2012,Rape,0,0,0,160,0,160,186,4,190,34,0,34,380,4,384
Assam,2012,Kidnapping And Abduction,0,0,0,270,7,277,170,10,180,40,2,42,480,19,499
Assam,2012,Dacoity,0,0,0,150,5,155,130,6,136,46,2,48,326,13,339
Assam,2012,Prep. And Assembly For Dacoity,0,0,0,22,0,22,13,0,13,2,0,2,37,0,37
Assam,2012,Robbery,0,0,0,48,0,48,64,0,64,8,0,8,120,0,120
Assam,2012,Burglary,0,0,0,70,5,75,30,2,32,2,0,2,102,7,109
Assam,2012,Thefts,0,0,0,462,15,477,243,7,250,17,0,17,722,22,744
Assam,2012,Extortion,0,0,0,60,4,64,35,2,37,6,0,6,101,6,107
Assam,2012,Riots,0,0,0,30,3,33,18,0,18,5,1,6,53,4,57
Assam,2012,Arson,0,0,0,20,2,22,22,0,22,8,0,8,50,2,52
Assam,2012,Criminal Breach Of Trust,0,0,0,8,0,8,8,0,8,2,0,2,18,0,18
Assam,2012,Cheating,0,0,0,20,0,20,18,0,18,4,0,4,42,0,42
Assam,2012,Counter Feiting,0,0,0,14,0,14,18,0,18,3,0,3,35,0,35
Assam,2012,Dowry Deaths,0,0,0,25,5,30,12,2,14,2,0,2,39,7,46
Assam,2012,Molestation,0,0,0,4,0,4,3,0,3,3,0,3,10,0,10
Assam,2012,Eve-Teasing,0,0,0,0,0,0,0,0,0,0,0,0,0,0,0
Assam,2012,Cruelty By Husband Or Relative Of Husband,0,0,0,70,4,74,71,0,71,10,0,10,151,4,155
Assam,2012,Other Ipc Crimes,0,0,0,75,5,80,35,2,37,30,0,30,140,7,147
Bihar,2001,Murder,67,0,67,3217,35,3252,3305,95,3400,653,31,684,7242,161,7403
Bihar,2001,Attempt To Commit Murder,146,0,146,1678,28,1706,2702,35,2737,641,34,675,5167,97,5264
Bihar,2001,C.H. Not Amounting To Murder,0,0,0,48,4,52,45,2,47,53,9,62,146,15,161
Bihar,2001,Rape,20,0,20,676,0,676,624,0,624,50,0,50,1370,0,1370
Bihar,2001,Kidnapping And Abduction,42,0,42,810,0,810,1007,0,1007,235,0,235,2094,0,2094
Bihar,2001,Dacoity,22,0,22,545,29,574,611,15,626,262,11,273,1440,55,1495
Bihar,2001,Prep. And Assembly For Dacoity,0,0,0,81,0,81,110,0,110,132,0,132,323,0,323
Bihar,2001,Robbery,50,0,50,451,0,451,430,0,430,221,5,226,1152,5,1157
Bihar,2001,Burglary,0,0,0,70,0,70,33,0,33,0,0,0,103,0,103
Bihar,2001,Thefts,26,0,26,511,26,537,602,52,654,250,27,277,1389,105,1494
Bihar,2001,Extortion,0,0,0,0,0,0,0,0,0,0,0,0,0,0,0
Bihar,2001,Riots,0,0,0,0,0,0,0,0,0,0,0,0,0,0,0
Bihar,2001,Arson,0,0,0,0,0,0,0,0,0,0,0,0,0,0,0
Bihar,2001,Criminal Breach Of Trust,0,0,0,0,0,0,0,0,0,0,0,0,0,0,0
Bihar,2001,Cheating,23,0,23,173,17,190,310,47,357,120,18,138,626,82,708
Bihar,2001,Counter Feiting,0,0,0,0,0,0,0,0,0,0,0,0,0,0,0
Bihar,2001,Dowry Deaths,0,0,0,0,0,0,0,0,0,0,0,0,0,0,0
Bihar,2001,Molestation,0,0,0,0,0,0,0,0,0,0,0,0,0,0,0
Bihar,2001,Eve-Teasing,0,0,0,0,0,0,0,0,0,0,0,0,0,0,0
Bihar,2001,Cruelty By Husband Or Relative Of Husband,0,0,0,0,0,0,0,0,0,0,0,0,0,0,0
Bihar,2001,Other Ipc Crimes,0,0,0,0,0,0,0,0,0,0,0,0,0,0,0
Bihar,2002,Murder,162,0,162,4593,145,4738,3797,130,3927,1908,36,1944,10460,311,10771
Bihar,2002,Attempt To Commit Murder,20,0,20,1039,8,1047,1293,14,1307,352,2,354,2704,24,2728
Bihar,2002,C.H. Not Amounting To Murder,7,0,7,541,32,573,473,51,524,175,17,192,1196,100,1296
Bihar,2002,Rape,11,0,11,893,5,898,458,8,466,87,0,87,1449,13,1462
Bihar,2002,Kidnapping And Abduction,14,0,14,850,17,867,1005,18,1023,177,2,179,2046,37,2083
Bihar,2002,Dacoity,5,0,5,886,6,892,723,6,729,222,0,222,1836,12,1848
Bihar,2002,Prep. And Assembly For Dacoity,18,0,18,355,0,355,250,3,253,80,0,80,703,3,706
Bihar,2002,Robbery,53,0,53,661,1,662,520,3,523,151,0,151,1385,4,1389
Bihar,2002,Burglary,2,0,2,192,2,194,101,4,105,24,1,25,319,7,326
Bihar,2002,Thefts,92,0,92,1101,28,1129,780,22,802,217,4,221,2190,54,2244
Bihar,2002,Extortion,11,0,11,86,0,86,24,0,24,9,0,9,130,0,130
Bihar,2002,Riots,0,0,0,37,0,37,81,5,86,7,0,7,125,5,130
Bihar,2002,Arson,0,0,0,5,0,5,12,1,13,13,0,13,30,1,31
Bihar,2002,Criminal Breach Of Trust,0,0,0,15,0,15,25,0,25,7,0,7,47,0,47
Bihar,2002,Cheating,0,0,0,99,0,99,100,0,100,29,0,29,228,0,228
Bihar,2002,Counter Feiting,0,0,0,2,0,2,6,5,11,0,0,0,8,5,13
Bihar,2002,Dowry Deaths,17,0,17,391,30,421,366,89,455,105,16,121,879,135,1014
Bihar,2002,Molestation,0,0,0,4,0,4,3,0,3,0,0,0,7,0,7
Bihar,2002,Eve-Teasing,0,0,0,0,0,0,0,0,0,0,0,0,0,0,0
Bihar,2002,Cruelty By Husband Or Relative Of Husband,3,0,3,125,11,136,132,16,148,88,7,95,348,34,382
Bihar,2002,Other Ipc Crimes,1,0,1,48,0,48,110,2,112,0,0,0,159,2,161
Bihar,2003,Murder,0,0,0,1489,41,1530,3799,123,3922,2196,32,2228,7484,196,7680
Bihar,2003,Attempt To Commit Murder,0,0,0,1375,26,1401,1523,22,1545,451,11,462,3349,59,3408
Bihar,2003,C.H. Not Amounting To Murder,0,0,0,353,29,382,421,23,444,51,7,58,825,59,884
Bihar,2003,Rape,0,0,0,749,6,755,519,6,525,103,0,103,1371,12,1383
Bihar,2003,Kidnapping And Abduction,0,0,0,854,25,879,1016,22,1038,257,4,261,2127,51,2178
Bihar,2003,Dacoity,0,0,0,1072,9,1081,915,14,929,264,0,264,2251,23,2274
Bihar,2003,Prep. And Assembly For Dacoity,0,0,0,278,0,278,231,2,233,96,0,96,605,2,607
Bihar,2003,Robbery,0,0,0,634,0,634,450,0,450,112,0,112,1196,0,1196
Bihar,2003,Burglary,0,0,0,235,0,235,146,4,150,14,2,16,395,6,401
Bihar,2003,Thefts,0,0,0,1147,39,1186,873,23,896,332,9,341,2352,71,2423
Bihar,2003,Extortion,0,0,0,267,2,269,223,0,223,32,0,32,522,2,524
Bihar,2003,Riots,0,0,0,99,0,99,113,0,113,46,0,46,258,0,258
Bihar,2003,Arson,0,0,0,89,1,90,128,0,128,40,0,40,257,1,258
Bihar,2003,Criminal Breach Of Trust,0,0,0,11,0,11,45,2,47,6,0,6,62,2,64
Bihar,2003,Cheating,0,0,0,79,2,81,109,0,109,19,0,19,207,2,209
Bihar,2003,Counter Feiting,0,0,0,19,3,22,24,6,30,4,2,6,47,11,58
Bihar,2003,Dowry Deaths,0,0,0,499,49,548,532,117,649,301,35,336,1332,201,1533
Bihar,2003,Molestation,0,0,0,10,0,10,18,0,18,3,0,3,31,0,31
Bihar,2003,Eve-Teasing,0,0,0,3,0,3,11,0,11,0,0,0,14,0,14
Bihar,2003,Cruelty By Husband Or Relative Of Husband,0,0,0,139,8,147,122,22,144,56,2,58,317,32,349
Bihar,2003,Other Ipc Crimes,0,0,0,10,1,11,59,4,63,0,0,0,69,5,74
Bihar,2004,Murder,0,0,0,1491,84,1575,2949,110,3059,1443,7,1450,5883,201,6084
Bihar,2004,Attempt To Commit Murder,0,0,0,1245,22,1267,3671,72,3743,1148,5,1153,6064,99,6163
Bihar,2004,C.H. Not Amounting To Murder,0,0,0,231,7,238,191,9,200,45,6,51,467,22,489
Bihar,2004,Rape,0,0,0,467,6,473,287,3,290,38,1,39,792,10,802
Bihar,2004,Kidnapping And Abduction,0,0,0,726,24,750,777,23,800,193,5,198,1696,52,1748
Bihar,2004,Dacoity,0,0,0,541,3,544,557,0,557,166,0,166,1264,3,1267
Bihar,2004,Prep. And Assembly For Dacoity,0,0,0,77,2,79,120,0,120,13,0,13,210,2,212
Bihar,2004,Robbery,0,0,0,437,0,437,352,0,352,99,0,99,888,0,888
Bihar,2004,Burglary,0,0,0,69,2,71,104,7,111,10,0,10,183,9,192
Bihar,2004,Thefts,0,0,0,1051,12,1063,837,12,849,239,4,243,2127,28,2155
Bihar,2004,Extortion,0,0,0,237,3,240,81,2,83,6,0,6,324,5,329
Bihar,2004,Riots,0,0,0,20,0,20,56,0,56,30,0,30,106,0,106
Bihar,2004,Arson,0,0,0,71,0,71,90,0,90,40,0,40,201,0,201
Bihar,2004,Criminal Breach Of Trust,0,0,0,15,0,15,34,0,34,10,0,10,59,0,59
Bihar,2004,Cheating,0,0,0,108,0,108,97,0,97,15,1,16,220,1,221
Bihar,2004,Counter Feiting,0,0,0,44,2,46,31,1,32,11,3,14,86,6,92
Bihar,2004,Dowry Deaths,0,0,0,503,37,540,538,71,609,219,60,279,1260,168,1428
Bihar,2004,Molestation,0,0,0,23,0,23,10,0,10,5,0,5,38,0,38
Bihar,2004,Eve-Teasing,0,0,0,17,0,17,12,0,12,0,0,0,29,0,29
Bihar,2004,Cruelty By Husband Or Relative Of Husband,0,0,0,196,13,209,234,28,262,36,5,41,466,46,512
Bihar,2004,Other Ipc Crimes,0,0,0,207,0,207,99,0,99,68,0,68,374,0,374
Bihar,2005,Murder,0,0,0,3798,152,3950,3720,129,3849,1493,22,1515,9011,303,9314
Bihar,2005,Attempt To Commit Murder,0,0,0,2004,36,2040,2176,29,2205,694,12,706,4874,77,4951
Bihar,2005,C.H. Not Amounting To Murder,0,0,0,375,29,404,298,32,330,171,4,175,844,65,909
Bihar,2005,Rape,0,0,0,683,7,690,637,11,648,207,4,211,1527,22,1549
Bihar,2005,Kidnapping And Abduction,0,0,0,966,30,996,924,24,948,404,2,406,2294,56,2350
Bihar,2005,Dacoity,0,0,0,1095,1,1096,880,2,882,253,2,255,2228,5,2233
Bihar,2005,Prep. And Assembly For Dacoity,0,0,0,377,0,377,373,0,373,64,0,64,814,0,814
Bihar,2005,Robbery,0,0,0,655,0,655,649,1,650,118,1,119,1422,2,1424
Bihar,2005,Burglary,0,0,0,270,0,270,237,6,243,56,2,58,563,8,571
Bihar,2005,Thefts,0,0,0,1192,22,1214,909,22,931,264,2,266,2365,46,2411
Bihar,2005,Extortion,0,0,0,324,1,325,275,9,284,73,1,74,672,11,683
Bihar,2005,Riots,0,0,0,14,0,14,44,0,44,7,0,7,65,0,65
Bihar,2005,Arson,0,0,0,108,1,109,119,4,123,67,0,67,294,5,299
Bihar,2005,Criminal Breach Of Trust,0,0,0,41,0,41,55,0,55,11,0,11,107,0,107
Bihar,2005,Cheating,0,0,0,145,1,146,190,0,190,63,0,63,398,1,399
Bihar,2005,Counter Feiting,0,0,0,76,1,77,44,1,45,28,2,30,148,4,152
Bihar,2005,Dowry Deaths,0,0,0,656,85,741,590,113,703,261,26,287,1507,224,1731
Bihar,2005,Molestation,0,0,0,24,5,29,20,0,20,8,0,8,52,5,57
Bihar,2005,Eve-Teasing,0,0,0,16,1,17,3,0,3,0,0,0,19,1,20
Bihar,2005,Cruelty By Husband Or Relative Of Husband,0,0,0,432,39,471,342,25,367,140,14,154,914,78,992
Bihar,2005,Other Ipc Crimes,0,0,0,34,1,35,78,8,86,29,0,29,141,9,150
Bihar,2006,Murder,0,0,0,1634,51,1685,4006,192,4198,2154,65,2219,7794,308,8102
Bihar,2006,Attempt To Commit Murder,0,0,0,1313,16,1329,2765,56,2821,1189,29,1218,5267,101,5368
Bihar,2006,C.H. Not Amounting To Murder,0,0,0,433,9,442,965,51,1016,204,6,210,1602,66,1668
Bihar,2006,Rape,0,0,0,324,0,324,859,0,859,296,0,296,1479,0,1479
Bihar,2006,Kidnapping And Abduction,0,0,0,441,11,452,1548,60,1608,484,9,493,2473,80,2553
Bihar,2006,Dacoity,0,0,0,470,4,474,1080,9,1089,446,3,449,1996,16,2012
Bihar,2006,Prep. And Assembly For Dacoity,0,0,0,95,2,97,446,2,448,125,0,125,666,4,670
Bihar,2006,Robbery,0,0,0,410,2,412,780,15,795,181,0,181,1371,17,1388
Bihar,2006,Burglary,0,0,0,69,1,70,146,6,152,60,0,60,275,7,282
Bihar,2006,Thefts,0,0,0,605,13,618,1318,40,1358,595,4,599,2518,57,2575
Bihar,2006,Extortion,0,0,0,91,0,91,385,0,385,34,0,34,510,0,510
Bihar,2006,Riots,0,0,0,14,0,14,29,0,29,28,0,28,71,0,71
Bihar,2006,Arson,0,0,0,21,0,21,103,4,107,17,0,17,141,4,145
Bihar,2006,Criminal Breach Of Trust,0,0,0,30,0,30,70,0,70,19,0,19,119,0,119
Bihar,2006,Cheating,0,0,0,63,4,67,123,10,133,84,1,85,270,15,285
Bihar,2006,Counter Feiting,0,0,0,6,3,9,62,9,71,18,2,20,86,14,100
Bihar,2006,Dowry Deaths,0,0,0,354,34,388,1038,195,1233,654,62,716,2046,291,2337
Bihar,2006,Molestation,0,0,0,0,0,0,0,0,0,0,0,0,0,0,0
Bihar,2006,Eve-Teasing,0,0,0,0,0,0,0,0,0,0,0,0,0,0,0
Bihar,2006,Cruelty By Husband Or Relative Of Husband,0,0,0,161,10,171,315,41,356,196,13,209,672,64,736
Bihar,2006,Other Ipc Crimes,0,0,0,29,2,31,121,11,132,162,8,170,312,21,333
Bihar,2007,Murder,0,0,0,2922,126,3048,2882,86,2968,580,10,590,6384,222,6606
Bihar,2007,Attempt To Commit Murder,0,0,0,2481,84,2565,2278,58,2336,391,6,397,5150,148,5298
Bihar,2007,C.H. Not Amounting To Murder,0,0,0,688,17,705,751,35,786,100,3,103,1539,55,1594
Bihar,2007,Rape,0,0,0,477,0,477,560,0,560,190,0,190,1227,0,1227
Bihar,2007,Kidnapping And Abduction,0,0,0,707,16,723,1250,47,1297,258,8,266,2215,71,2286
Bihar,2007,Dacoity,0,0,0,660,20,680,1196,45,1241,223,5,228,2079,70,2149
Bihar,2007,Prep. And Assembly For Dacoity,0,0,0,157,0,157,332,2,334,93,0,93,582,2,584
Bihar,2007,Robbery,0,0,0,641,4,645,587,9,596,119,1,120,1347,14,1361
Bihar,2007,Burglary,0,0,0,97,2,99,108,5,113,32,2,34,237,9,246
Bihar,2007,Thefts,0,0,0,967,20,987,1103,30,1133,321,5,326,2391,55,2446
Bihar,2007,Extortion,0,0,0,134,0,134,292,0,292,29,0,29,455,0,455
Bihar,2007,Riots,0,0,0,28,0,28,23,0,23,19,0,19,70,0,70
Bihar,2007,Arson,0,0,0,43,0,43,60,4,64,9,0,9,112,4,116
Bihar,2007,Criminal Breach Of Trust,0,0,0,49,0,49,55,0,55,12,0,12,116,0,116
Bihar,2007,Cheating,0,0,0,93,8,101,128,11,139,54,2,56,275,21,296
Bihar,2007,Counter Feiting,0,0,0,10,5,15,51,6,57,8,2,10,69,13,82
Bihar,2007,Dowry Deaths,0,0,0,507,65,572,829,115,944,317,30,347,1653,210,1863
Bihar,2007,Molestation,0,0,0,0,0,0,0,0,0,0,0,0,0,0,0
Bihar,2007,Eve-Teasing,0,0,0,0,0,0,0,0,0,0,0,0,0,0,0
Bihar,2007,Cruelty By Husband Or Relative Of Husband,0,0,0,185,16,201,270,30,300,93,10,103,548,56,604
Bihar,2007,Other Ipc Crimes,0,0,0,52,5,57,89,7,96,103,5,108,244,17,261
Bihar,2008,Murder,0,0,0,2782,85,2867,2718,93,2811,778,32,810,6278,210,6488
Bihar,2008,Attempt To Commit Murder,0,0,0,1642,44,1686,1955,66,2021,548,24,572,4145,134,4279
Bihar,2008,C.H. Not Amounting To Murder,0,0,0,533,12,545,623,36,659,170,6,176,1326,54,1380
Bihar,2008,Rape,0,0,0,426,11,437,476,0,476,296,0,296,1198,11,1209
Bihar,2008,Kidnapping And Abduction,0,0,0,626,11,637,1195,52,1247,323,9,332,2144,72,2216
Bihar,2008,Dacoity,0,0,0,570,15,585,1080,38,1118,317,3,320,1967,56,2023
Bihar,2008,Prep. And Assembly For Dacoity,0,0,0,132,3,135,296,2,298,125,0,125,553,5,558
Bihar,2008,Robbery,0,0,0,565,8,573,505,7,512,145,0,145,1215,15,1230
Bihar,2008,Burglary,0,0,0,69,4,73,97,6,103,50,0,50,216,10,226
Bihar,2008,Thefts,0,0,0,861,14,875,1026,37,1063,494,4,498,2381,55,2436
Bihar,2008,Extortion,0,0,0,129,9,138,277,0,277,34,0,34,440,9,449
Bihar,2008,Riots,0,0,0,26,0,26,29,0,29,26,0,26,81,0,81
Bihar,2008,Arson,0,0,0,34,0,34,58,4,62,11,0,11,103,4,107
Bihar,2008,Criminal Breach Of Trust,0,0,0,48,0,48,51,0,51,19,0,19,118,0,118
Bihar,2008,Cheating,0,0,0,63,7,70,123,10,133,84,1,85,270,18,288
Bihar,2008,Counter Feiting,0,0,0,6,3,9,42,9,51,18,2,20,66,14,80
Bihar,2008,Dowry Deaths,0,0,0,454,27,481,713,117,830,554,43,597,1721,187,1908
Bihar,2008,Molestation,0,0,0,0,0,0,0,0,0,0,0,0,0,0,0
Bihar,2008,Eve-Teasing,0,0,0,0,0,0,0,0,0,0,0,0,0,0,0
Bihar,2008,Cruelty By Husband Or Relative Of Husband,0,0,0,161,8,169,215,26,241,146,11,157,522,45,567
Bihar,2008,Other Ipc Crimes,0,0,0,49,3,52,68,11,79,161,8,169,278,22,300
Bihar,2009,Murder,0,0,0,2349,66,2415,2397,79,2476,761,26,787,5507,171,5678
Bihar,2009,Attempt To Commit Murder,0,0,0,1355,35,1390,1776,52,1828,527,21,548,3658,108,3766
Bihar,2009,C.H. Not Amounting To Murder,0,0,0,469,9,478,511,32,543,158,5,163,1138,46,1184
Bihar,2009,Rape,0,0,0,367,8,375,438,0,438,266,0,266,1071,8,1079
Bihar,2009,Kidnapping And Abduction,0,0,0,502,10,512,1071,48,1119,298,7,305,1871,65,1936
Bihar,2009,Dacoity,0,0,0,498,12,510,982,37,1019,296,3,299,1776,52,1828
Bihar,2009,Prep. And Assembly For Dacoity,0,0,0,108,4,112,254,2,256,105,0,105,467,6,473
Bihar,2009,Robbery,0,0,0,565,8,573,417,6,423,137,0,137,1119,14,1133
Bihar,2009,Burglary,0,0,0,64,4,68,91,6,97,48,0,48,203,10,213
Bihar,2009,Thefts,0,0,0,786,13,799,998,31,1029,487,5,492,2271,49,2320
Bihar,2009,Extortion,0,0,0,126,8,134,272,0,272,32,0,32,430,8,438
Bihar,2009,Riots,0,0,0,23,0,23,24,0,24,23,0,23,70,0,70
Bihar,2009,Arson,0,0,0,31,0,31,51,4,55,10,0,10,92,4,96
Bihar,2009,Criminal Breach Of Trust,0,0,0,39,0,39,49,0,49,15,0,15,103,0,103
Bihar,2009,Cheating,0,0,0,52,6,58,119,9,128,79,0,79,250,15,265
Bihar,2009,Counter Feiting,0,0,0,6,1,7,42,7,49,15,0,15,63,8,71
Bihar,2009,Dowry Deaths,0,0,0,411,21,432,697,97,794,549,34,583,1657,152,1809
Bihar,2009,Molestation,0,0,0,0,0,0,0,0,0,0,0,0,0,0,0
Bihar,2009,Eve-Teasing,0,0,0,0,0,0,0,0,0,0,0,0,0,0,0
Bihar,2009,Cruelty By Husband Or Relative Of Husband,0,0,0,145,7,152,206,22,228,133,8,141,484,37,521
Bihar,2009,Other Ipc Crimes,0,0,0,38,2,40,64,10,74,145,6,151,247,18,265
Bihar,2010,Murder,0,0,0,2105,59,2164,2130,61,2191,603,20,623,4838,140,4978
Bihar,2010,Attempt To Commit Murder,0,0,0,1189,29,1218,1542,45,1587,405,15,420,3136,89,3225
Bihar,2010,C.H. Not Amounting To Murder,0,0,0,429,6,435,449,29,478,104,2,106,982,37,1019
Bihar,2010,Rape,0,0,0,326,7,333,389,0,389,219,0,219,934,7,941
Bihar,2010,Kidnapping And Abduction,0,0,0,449,9,458,952,46,998,244,7,251,1645,62,1707
Bihar,2010,Dacoity,0,0,0,419,9,428,877,31,908,236,2,238,1532,42,1574
Bihar,2010,Prep. And Assembly For Dacoity,0,0,0,93,2,95,226,1,227,89,0,89,408,3,411
Bihar,2010,Robbery,0,0,0,481,5,486,363,6,369,121,0,121,965,11,976
Bihar,2010,Burglary,0,0,0,55,3,58,83,5,88,37,0,37,175,8,183
Bihar,2010,Thefts,0,0,0,663,11,674,879,28,907,391,3,394,1933,42,1975
Bihar,2010,Extortion,0,0,0,108,6,114,241,0,241,25,0,25,374,6,380
Bihar,2010,Riots,0,0,0,17,0,17,21,0,21,18,0,18,56,0,56
Bihar,2010,Arson,0,0,0,28,0,28,46,3,49,10,0,10,84,3,87
Bihar,2010,Criminal Breach Of Trust,0,0,0,33,0,33,43,0,43,13,0,13,89,0,89
Bihar,2010,Cheating,0,0,0,47,5,52,107,7,114,64,0,64,218,12,230
Bihar,2010,Counter Feiting,0,0,0,5,0,5,37,6,43,12,0,12,54,6,60
Bihar,2010,Dowry Deaths,0,0,0,350,19,369,615,84,699,440,27,467,1405,130,1535
Bihar,2010,Molestation,0,0,0,0,0,0,0,0,0,0,0,0,0,0,0
Bihar,2010,Eve-Teasing,0,0,0,0,0,0,0,0,0,0,0,0,0,0,0
Bihar,2010,Cruelty By Husband Or Relative Of Husband,0,0,0,123,6,129,175,18,193,107,6,113,405,30,435
Bihar,2010,Other Ipc Crimes,0,0,0,34,2,36,57,9,66,119,4,123,210,15,225
Bihar,2011,Murder,0,0,0,1567,51,1618,1787,89,1876,666,21,687,4020,161,4181
Bihar,2011,Attempt To Commit Murder,0,0,0,1027,22,1049,1159,37,1196,472,2,474,2658,61,2719
Bihar,2011,C.H. Not Amounting To Murder,0,0,0,194,14,208,238,37,275,132,5,137,564,56,620
Bihar,2011,Rape,0,0,0,347,1,348,315,0,315,61,0,61,723,1,724
Bihar,2011,Kidnapping And Abduction,0,0,0,603,21,624,623,24,647,177,10,187,1403,55,1458
Bihar,2011,Dacoity,0,0,0,488,3,491,599,5,604,138,3,141,1225,11,1236
Bihar,2011,Prep. And Assembly For Dacoity,0,0,0,165,0,165,110,0,110,46,1,47,321,1,322
Bihar,2011,Robbery,0,0,0,644,1,645,818,12,830,108,0,108,1570,13,1583
Bihar,2011,Burglary,0,0,0,79,2,81,176,2,178,40,0,40,295,4,299
Bihar,2011,Thefts,0,0,0,843,21,864,817,39,856,208,5,213,1868,65,1933
Bihar,2011,Extortion,0,0,0,152,1,153,228,12,240,35,0,35,415,13,428
Bihar,2011,Riots,0,0,0,63,1,64,64,0,64,15,0,15,142,1,143
Bihar,2011,Arson,0,0,0,52,0,52,83,2,85,22,1,23,157,3,160
Bihar,2011,Criminal Breach Of Trust,0,0,0,56,3,59,94,4,98,20,0,20,170,7,177
Bihar,2011,Cheating,0,0,0,69,0,69,156,7,163,47,0,47,272,7,279
Bihar,2011,Counter Feiting,0,0,0,12,0,12,48,3,51,15,0,15,75,3,78
Bihar,2011,Dowry Deaths,0,0,0,417,44,461,526,111,637,290,27,317,1233,182,1415
Bihar,2011,Molestation,0,0,0,95,0,95,63,0,63,23,0,23,181,0,181
Bihar,2011,Eve-Teasing,0,0,0,14,2,16,9,1,10,7,0,7,30,3,33
Bihar,2011,Cruelty By Husband Or Relative Of Husband,0,0,0,201,6,207,214,18,232,87,7,94,502,31,533
Bihar,2011,Other Ipc Crimes,0,0,0,83,2,85,153,4,157,46,1,47,282,7,289
Bihar,2012,Murder,0,0,0,1470,64,1534,1939,98,2037,714,30,744,4123,192,4315
Bihar,2012,Attempt To Commit Murder,0,0,0,1042,27,1069,1359,29,1388,489,7,496,2890,63,2953
Bihar,2012,C.H. Not Amounting To Murder,0,0,0,109,7,116,222,22,244,83,4,87,414,33,447
Bihar,2012,Rape,0,0,0,478,1,479,410,2,412,105,0,105,993,3,996
Bihar,2012,Kidnapping And Abduction,0,0,0,570,16,586,582,22,604,209,5,214,1361,43,1404
Bihar,2012,Dacoity,0,0,0,453,11,464,477,6,483,196,0,196,1126,17,1143
Bihar,2012,Prep. And Assembly For Dacoity,0,0,0,160,0,160,185,0,185,67,0,67,412,0,412
Bihar,2012,Robbery,0,0,0,577,1,578,544,6,550,101,0,101,1222,7,1229
Bihar,2012,Burglary,0,0,0,98,3,101,168,3,171,33,1,34,299,7,306
Bihar,2012,Thefts,0,0,0,923,20,943,837,18,855,289,3,292,2049,41,2090
Bihar,2012,Extortion,0,0,0,175,2,177,221,0,221,46,0,46,442,2,444
Bihar,2012,Riots,0,0,0,72,0,72,71,0,71,32,0,32,175,0,175
Bihar,2012,Arson,0,0,0,104,2,106,128,2,130,44,0,44,276,4,280
Bihar,2012,Criminal Breach Of Trust,0,0,0,85,4,89,79,5,84,40,0,40,204,9,213
Bihar,2012,Cheating,0,0,0,86,1,87,142,4,146,46,0,46,274,5,279
Bihar,2012,Counter Feiting,0,0,0,13,0,13,39,4,43,12,0,12,64,4,68
Bihar,2012,Dowry Deaths,0,0,0,572,66,638,604,103,707,298,44,342,1474,213,1687
Bihar,2012,Molestation,0,0,0,41,0,41,49,0,49,7,3,10,97,3,100
Bihar,2012,Eve-Teasing,0,0,0,12,0,12,15,0,15,3,0,3,30,0,30
Bihar,2012,Cruelty By Husband Or Relative Of Husband,0,0,0,260,19,279,278,21,299,87,9,96,625,49,674
Bihar,2012,Other Ipc Crimes,0,0,0,85,4,89,106,3,109,47,2,49,238,9,247
Chhattisgarh,2012,Murder,0,0,0,1166,69,1235,879,77,956,232,34,266,2277,180,2457
Chhattisgarh,2012,Attempt To Commit Murder,0,0,0,473,15,488,319,23,342,96,13,109,888,51,939
Chhattisgarh,2012,C.H. Not Amounting To Murder,0,0,0,72,5,77,51,13,64,20,3,23,143,21,164
Chhattisgarh,2012,Rape,0,0,0,539,2,541,154,8,162,20,0,20,713,10,723
Chhattisgarh,2012,Kidnapping And Abduction,0,0,0,109,2,111,38,0,38,12,1,13,159,3,162
Chhattisgarh,2012,Dacoity,0,0,0,150,0,150,62,0,62,4,0,4,216,0,216
Chhattisgarh,2012,Prep. And Assembly For Dacoity,0,0,0,7,0,7,13,0,13,5,0,5,25,0,25
Chhattisgarh,2012,Robbery,0,0,0,206,3,209,75,0,75,5,0,5,286,3,289
Chhattisgarh,2012,Burglary,0,0,0,170,0,170,72,0,72,12,0,12,254,0,254
Chhattisgarh,2012,Thefts,0,0,0,405,7,412,134,2,136,44,0,44,583,9,592
Chhattisgarh,2012,Extortion,0,0,0,8,0,8,13,0,13,0,0,0,21,0,21
Chhattisgarh,2012,Riots,0,0,0,66,0,66,46,0,46,12,0,12,124,0,124
Chhattisgarh,2012,Arson,0,0,0,13,1,14,6,1,7,1,0,1,20,2,22
Chhattisgarh,2012,Criminal Breach Of Trust,0,0,0,23,0,23,36,0,36,11,2,13,70,2,72
Chhattisgarh,2012,Cheating,0,0,0,43,3,46,87,4,91,25,5,30,155,12,167
Chhattisgarh,2012,Counter Feiting,0,0,0,20,1,21,14,1,15,3,0,3,37,2,39
Chhattisgarh,2012,Dowry Deaths,0,0,0,74,5,79,29,23,52,20,14,34,123,42,165
Chhattisgarh,2012,Molestation,0,0,0,17,0,17,21,0,21,0,0,0,38,0,38
Chhattisgarh,2012,Eve-Teasing,0,0,0,1,0,1,0,0,0,0,0,0,1,0,1
Chhattisgarh,2012,Cruelty By Husband Or Relative Of Husband,0,0,0,15,2,17,21,5,26,6,1,7,42,8,50
Chhattisgarh,2012,Other Ipc Crimes,0,0,0,476,8,484,441,17,458,89,7,96,1006,32,1038
Chhattisgarh,2001,Murder,77,0,77,673,37,710,446,28,474,103,8,111,1299,73,1372
Chhattisgarh,2001,Attempt To Commit Murder,26,0,26,136,8,144,137,2,139,16,0,16,315,10,325
Chhattisgarh,2001,C.H. Not Amounting To Murder,9,0,9,85,13,98,47,13,60,16,8,24,157,34,191
Chhattisgarh,2001,Rape,60,0,60,229,2,231,140,4,144,16,0,16,445,6,451
Chhattisgarh,2001,Kidnapping And Abduction,6,0,6,96,2,98,41,1,42,2,0,2,145,3,148
Chhattisgarh,2001,Dacoity,3,0,3,101,1,102,39,2,41,10,0,10,153,3,156
Chhattisgarh,2001,Prep. And Assembly For Dacoity,0,0,0,0,0,0,0,0,0,0,0,0,0,0,0
Chhattisgarh,2001,Robbery,7,0,7,93,0,93,46,0,46,21,0,21,167,0,167
Chhattisgarh,2001,Burglary,4,0,4,28,2,30,16,0,16,5,0,5,53,2,55
Chhattisgarh,2001,Thefts,55,0,55,350,3,353,203,1,204,48,1,49,656,5,661
Chhattisgarh,2001,Extortion,0,0,0,0,0,0,1,0,1,0,0,0,1,0,1
Chhattisgarh,2001,Riots,0,0,0,6,3,9,5,0,5,0,0,0,11,3,14
Chhattisgarh,2001,Arson,0,0,0,2,0,2,3,0,3,0,0,0,5,0,5
Chhattisgarh,2001,Criminal Breach Of Trust,0,0,0,15,0,15,7,0,7,5,0,5,27,0,27
Chhattisgarh,2001,Cheating,0,0,0,29,1,30,25,1,26,6,0,6,60,2,62
Chhattisgarh,2001,Counter Feiting,0,0,0,0,0,0,0,0,0,0,0,0,0,0,0
Chhattisgarh,2001,Dowry Deaths,3,0,3,10,6,16,7,3,10,3,1,4,23,10,33
Chhattisgarh,2001,Molestation,1,0,1,2,0,2,1,0,1,0,0,0,4,0,4
Chhattisgarh,2001,Eve-Teasing,0,0,0,0,0,0,0,0,0,0,0,0,0,0,0
Chhattisgarh,2001,Cruelty By Husband Or Relative Of Husband,0,0,0,4,0,4,2,2,4,3,0,3,9,2,11
Chhattisgarh,2001,Other Ipc Crimes,31,0,31,187,16,203,183,7,190,45,1,46,446,24,470
Chhattisgarh,2002,Murder,13,0,13,640,16,656,662,51,713,125,10,135,1440,77,1517
Chhattisgarh,2002,Attempt To Commit Murder,3,0,3,161,5,166,176,12,188,38,0,38,378,17,395
Chhattisgarh,2002,C.H. Not Amounting To Murder,2,0,2,42,1,43,65,11,76,7,5,12,116,17,133
Chhattisgarh,2002,Rape,11,0,11,188,2,190,122,1,123,14,0,14,335,3,338
Chhattisgarh,2002,Kidnapping And Abduction,3,0,3,40,0,40,26,1,27,5,1,6,74,2,76
Chhattisgarh,2002,Dacoity,1,0,1,103,2,105,104,3,107,20,0,20,228,5,233
Chhattisgarh,2002,Prep. And Assembly For Dacoity,0,0,0,27,2,29,29,0,29,0,0,0,56,2,58
Chhattisgarh,2002,Robbery,3,0,3,55,0,55,33,0,33,7,0,7,98,0,98
Chhattisgarh,2002,Burglary,3,0,3,44,1,45,63,2,65,3,0,3,113,3,116
Chhattisgarh,2002,Thefts,27,0,27,260,4,264,152,4,156,51,0,51,490,8,498
Chhattisgarh,2002,Extortion,0,0,0,0,0,0,2,0,2,0,0,0,2,0,2
Chhattisgarh,2002,Riots,0,0,0,7,0,7,16,1,17,0,0,0,23,1,24
Chhattisgarh,2002,Arson,0,0,0,3,0,3,3,0,3,1,0,1,7,0,7
Chhattisgarh,2002,Criminal Breach Of Trust,0,0,0,8,0,8,7,0,7,2,0,2,17,0,17
Chhattisgarh,2002,Cheating,0,0,0,10,0,10,18,0,18,1,0,1,29,0,29
Chhattisgarh,2002,Counter Feiting,3,0,3,7,1,8,10,3,13,3,0,3,23,4,27
Chhattisgarh,2002,Dowry Deaths,0,0,0,8,0,8,14,1,15,10,1,11,32,2,34
Chhattisgarh,2002,Molestation,2,0,2,10,0,10,16,0,16,3,0,3,31,0,31
Chhattisgarh,2002,Eve-Teasing,0,0,0,1,0,1,0,0,0,0,0,0,1,0,1
Chhattisgarh,2002,Cruelty By Husband Or Relative Of Husband,0,0,0,20,4,24,35,6,41,11,2,13,66,12,78
Chhattisgarh,2002,Other Ipc Crimes,31,0,31,225,7,232,310,20,330,45,1,46,611,28,639
Chhattisgarh,2003,Murder,20,0,20,564,17,581,665,37,702,117,15,132,1366,69,1435
Chhattisgarh,2003,Attempt To Commit Murder,12,0,12,167,6,173,168,7,175,33,0,33,380,13,393
Chhattisgarh,2003,C.H. Not Amounting To Murder,1,0,1,18,2,20,32,1,33,16,0,16,67,3,70
Chhattisgarh,2003,Rape,11,0,11,176,1,177,115,3,118,10,0,10,312,4,316
Chhattisgarh,2003,Kidnapping And Abduction,1,0,1,28,0,28,32,0,32,5,0,5,66,0,66
Chhattisgarh,2003,Dacoity,4,0,4,84,2,86,53,5,58,4,0,4,145,7,152
Chhattisgarh,2003,Prep. And Assembly For Dacoity,0,0,0,15,0,15,17,2,19,0,0,0,32,2,34
Chhattisgarh,2003,Robbery,6,0,6,37,1,38,47,0,47,1,0,1,91,1,92
Chhattisgarh,2003,Burglary,0,0,0,26,0,26,64,0,64,7,0,7,97,0,97
Chhattisgarh,2003,Thefts,17,0,17,173,2,175,169,2,171,26,0,26,385,4,389
Chhattisgarh,2003,Extortion,0,0,0,0,0,0,0,0,0,0,0,0,0,0,0
Chhattisgarh,2003,Riots,0,0,0,0,0,0,0,0,0,0,0,0,0,0,0
Chhattisgarh,2003,Arson,0,0,0,5,0,5,4,0,4,1,0,1,10,0,10
Chhattisgarh,2003,Criminal Breach Of Trust,0,0,0,3,0,3,3,0,3,2,0,2,8,0,8
Chhattisgarh,2003,Cheating,0,0,0,10,3,13,21,5,26,8,0,8,39,8,47
Chhattisgarh,2003,Counter Feiting,0,0,0,1,0,1,0,0,0,0,0,0,1,0,1
Chhattisgarh,2003,Dowry Deaths,0,0,0,9,2,11,26,4,30,7,5,12,42,11,53
Chhattisgarh,2003,Molestation,2,0,2,14,0,14,13,0,13,3,0,3,32,0,32
Chhattisgarh,2003,Eve-Teasing,0,0,0,0,0,0,0,0,0,0,0,0,0,0,0
Chhattisgarh,2003,Cruelty By Husband Or Relative Of Husband,0,0,0,39,1,40,25,2,27,4,0,4,68,3,71
Chhattisgarh,2003,Other Ipc Crimes,4,0,4,135,4,139,182,8,190,9,2,11,330,14,344
Chhattisgarh,2004,Murder,0,0,0,623,19,642,479,43,522,66,5,71,1168,67,1235
Chhattisgarh,2004,Attempt To Commit Murder,0,0,0,174,4,178,102,4,106,15,2,17,291,10,301
Chhattisgarh,2004,C.H. Not Amounting To Murder,0,0,0,56,2,58,52,5,57,15,1,16,123,8,131
Chhattisgarh,2004,Rape,0,0,0,201,2,203,106,4,110,12,2,14,319,8,327
Chhattisgarh,2004,Kidnapping And Abduction,0,0,0,53,2,55,28,1,29,8,0,8,89,3,92
Chhattisgarh,2004,Dacoity,0,0,0,113,6,119,61,5,66,2,1,3,176,12,188
Chhattisgarh,2004,Prep. And Assembly For Dacoity,0,0,0,14,0,14,4,0,4,1,0,1,19,0,19
Chhattisgarh,2004,Robbery,0,0,0,83,1,84,55,1,56,3,0,3,141,2,143
Chhattisgarh,2004,Burglary,0,0,0,59,0,59,46,0,46,0,0,0,105,0,105
Chhattisgarh,2004,Thefts,0,0,0,231,2,233,116,2,118,7,0,7,354,4,358
Chhattisgarh,2004,Extortion,0,0,0,3,0,3,6,0,6,0,0,0,9,0,9
Chhattisgarh,2004,Riots,0,0,0,0,0,0,1,0,1,0,0,0,1,0,1
Chhattisgarh,2004,Arson,0,0,0,2,0,2,1,0,1,0,0,0,3,0,3
Chhattisgarh,2004,Criminal Breach Of Trust,0,0,0,17,0,17,24,1,25,1,0,1,42,1,43
Chhattisgarh,2004,Cheating,0,0,0,24,0,24,31,0,31,6,0,6,61,0,61
Chhattisgarh,2004,Counter Feiting,0,0,0,2,0,2,3,0,3,0,0,0,5,0,5
Chhattisgarh,2004,Dowry Deaths,0,0,0,48,3,51,53,11,64,13,5,18,114,19,133
Chhattisgarh,2004,Molestation,0,0,0,21,0,21,12,0,12,2,0,2,35,0,35
Chhattisgarh,2004,Eve-Teasing,0,0,0,10,0,10,6,0,6,0,0,0,16,0,16
Chhattisgarh,2004,Cruelty By Husband Or Relative Of Husband,0,0,0,28,1,29,24,2,26,1,2,3,53,5,58
Chhattisgarh,2004,Other Ipc Crimes,5,0,5,202,12,214,277,8,285,25,0,25,509,20,529
Chhattisgarh,2005,Murder,0,0,0,861,31,892,590,35,625,110,5,115,1561,71,1632
Chhattisgarh,2005,Attempt To Commit Murder,0,0,0,201,5,206,198,23,221,36,1,37,435,29,464
Chhattisgarh,2005,C.H. Not Amounting To Murder,0,0,0,49,1,50,35,2,37,6,2,8,90,5,95
Chhattisgarh,2005,Rape,0,0,0,321,4,325,200,1,201,33,0,33,554,5,559
Chhattisgarh,2005,Kidnapping And Abduction,0,0,0,58,3,61,40,0,40,2,0,2,100,3,103
Chhattisgarh,2005,Dacoity,0,0,0,99,1,100,60,0,60,15,0,15,174,1,175
Chhattisgarh,2005,Prep. And Assembly For Dacoity,0,0,0,24,0,24,26,0,26,0,0,0,50,0,50
Chhattisgarh,2005,Robbery,0,0,0,125,1,126,79,0,79,13,0,13,217,1,218
Chhattisgarh,2005,Burglary,0,0,0,89,0,89,66,0,66,14,0,14,169,0,169
Chhattisgarh,2005,Thefts,1,0,1,269,5,274,144,5,149,19,0,19,433,10,443
Chhattisgarh,2005,Extortion,0,0,0,16,0,16,4,0,4,0,0,0,20,0,20
Chhattisgarh,2005,Riots,0,0,0,29,1,30,24,0,24,1,0,1,54,1,55
Chhattisgarh,2005,Arson,0,0,0,5,0,5,4,0,4,0,0,0,9,0,9
Chhattisgarh,2005,Criminal Breach Of Trust,0,0,0,13,0,13,6,0,6,3,0,3,22,0,22
Chhattisgarh,2005,Cheating,0,0,0,14,1,15,36,3,39,1,1,2,51,5,56
Chhattisgarh,2005,Counter Feiting,0,0,0,10,0,10,5,0,5,0,0,0,15,0,15
Chhattisgarh,2005,Dowry Deaths,0,0,0,30,1,31,13,7,20,6,2,8,49,10,59
Chhattisgarh,2005,Molestation,0,0,0,20,1,21,24,2,26,0,0,0,44,3,47
Chhattisgarh,2005,Eve-Teasing,0,0,0,7,0,7,23,0,23,0,0,0,30,0,30
Chhattisgarh,2005,Cruelty By Husband Or Relative Of Husband,0,0,0,29,2,31,25,8,33,10,3,13,64,13,77
Chhattisgarh,2005,Other Ipc Crimes,0,0,0,254,6,260,185,13,198,54,12,66,493,31,524
Chhattisgarh,2006,Murder,0,0,0,778,29,807,606,27,633,104,8,112,1488,64,1552
Chhattisgarh,2006,Attempt To Commit Murder,0,0,0,312,41,353,225,13,238,28,1,29,565,55,620
Chhattisgarh,2006,C.H. Not Amounting To Murder,0,0,0,34,0,34,18,3,21,5,2,7,57,5,62
Chhattisgarh,2006,Rape,0,0,0,285,8,293,101,1,102,15,0,15,401,9,410
Chhattisgarh,2006,Kidnapping And Abduction,0,0,0,96,0,96,38,1,39,7,0,7,141,1,142
Chhattisgarh,2006,Dacoity,0,0,0,148,0,148,98,3,101,8,1,9,254,4,258
Chhattisgarh,2006,Prep. And Assembly For Dacoity,0,0,0,27,0,27,23,0,23,1,0,1,51,0,51
Chhattisgarh,2006,Robbery,0,0,0,142,0,142,59,0,59,11,0,11,212,0,212
Chhattisgarh,2006,Burglary,0,0,0,55,0,55,55,0,55,12,0,12,122,0,122
Chhattisgarh,2006,Thefts,0,0,0,472,9,481,229,5,234,43,0,43,744,14,758
Chhattisgarh,2006,Extortion,0,0,0,17,0,17,7,0,7,0,0,0,24,0,24
Chhattisgarh,2006,Riots,0,0,0,13,0,13,13,0,13,3,0,3,29,0,29
Chhattisgarh,2006,Arson,0,0,0,19,2,21,21,1,22,1,0,1,41,3,44
Chhattisgarh,2006,Criminal Breach Of Trust,0,0,0,8,0,8,6,0,6,1,0,1,15,0,15
Chhattisgarh,2006,Cheating,0,0,0,32,2,34,23,1,24,7,0,7,62,3,65
Chhattisgarh,2006,Counter Feiting,0,0,0,18,0,18,17,2,19,4,1,5,39,3,42
Chhattisgarh,2006,Dowry Deaths,0,0,0,54,20,74,37,19,56,11,6,17,102,45,147
Chhattisgarh,2006,Molestation,0,0,0,29,0,29,17,0,17,2,0,2,48,0,48
Chhattisgarh,2006,Eve-Teasing,0,0,0,11,0,11,12,0,12,0,0,0,23,0,23
Chhattisgarh,2006,Cruelty By Husband Or Relative Of Husband,0,0,0,35,2,37,29,4,33,7,0,7,71,6,77
Chhattisgarh,2006,Other Ipc Crimes,0,0,0,240,10,250,211,9,220,19,0,19,470,19,489
Chhattisgarh,2007,Murder,0,0,0,739,26,765,659,43,702,122,8,130,1520,77,1597
Chhattisgarh,2007,Attempt To Commit Murder,0,0,0,346,29,375,223,5,228,33,1,34,602,35,637
Chhattisgarh,2007,C.H. Not Amounting To Murder,0,0,0,53,0,53,57,0,57,4,0,4,114,0,114
Chhattisgarh,2007,Rape,0,0,0,278,1,279,152,2,154,14,0,14,444,3,447
Chhattisgarh,2007,Kidnapping And Abduction,0,0,0,62,3,65,41,6,47,0,0,0,103,9,112
Chhattisgarh,2007,Dacoity,0,0,0,131,4,135,79,0,79,5,0,5,215,4,219
Chhattisgarh,2007,Prep. And Assembly For Dacoity,0,0,0,8,0,8,7,0,7,0,0,0,15,0,15
Chhattisgarh,2007,Robbery,0,0,0,114,0,114,57,0,57,4,0,4,175,0,175
Chhattisgarh,2007,Burglary,0,0,0,93,0,93,65,0,65,7,0,7,165,0,165
Chhattisgarh,2007,Thefts,0,0,0,336,3,339,186,1,187,15,0,15,537,4,541
Chhattisgarh,2007,Extortion,0,0,0,21,0,21,2,0,2,0,0,0,23,0,23
Chhattisgarh,2007,Riots,0,0,0,29,0,29,19,0,19,0,0,0,48,0,48
Chhattisgarh,2007,Arson,0,0,0,7,0,7,8,0,8,1,0,1,16,0,16
Chhattisgarh,2007,Criminal Breach Of Trust,0,0,0,40,0,40,28,0,28,3,0,3,71,0,71
Chhattisgarh,2007,Cheating,0,0,0,34,1,35,32,1,33,8,1,9,74,3,77
Chhattisgarh,2007,Counter Feiting,0,0,0,31,0,31,35,4,39,0,0,0,66,4,70
Chhattisgarh,2007,Dowry Deaths,0,0,0,48,3,51,35,9,44,12,1,13,95,13,108
Chhattisgarh,2007,Molestation,0,0,0,17,0,17,15,0,15,1,0,1,33,0,33
Chhattisgarh,2007,Eve-Teasing,0,0,0,0,0,0,1,0,1,0,0,0,1,0,1
Chhattisgarh,2007,Cruelty By Husband Or Relative Of Husband,0,0,0,45,8,53,35,6,41,6,6,12,86,20,106
Chhattisgarh,2007,Other Ipc Crimes,0,0,0,303,11,314,165,12,177,26,6,32,494,29,523
Chhattisgarh,2008,Murder,0,0,0,844,41,885,695,46,741,151,10,161,1690,97,1787
Chhattisgarh,2008,Attempt To Commit Murder,0,0,0,405,21,426,214,8,222,37,0,37,656,29,685
Chhattisgarh,2008,C.H. Not Amounting To Murder,0,0,0,104,3,107,64,2,66,11,0,11,179,5,184
Chhattisgarh,2008,Rape,0,0,0,309,1,310,158,0,158,17,0,17,484,1,485
Chhattisgarh,2008,Kidnapping And Abduction,4,0,4,118,3,121,78,2,80,5,0,5,205,5,210
Chhattisgarh,2008,Dacoity,0,0,0,115,5,120,54,0,54,5,0,5,174,5,179
Chhattisgarh,2008,Prep. And Assembly For Dacoity,0,0,0,14,2,16,23,1,24,2,0,2,39,3,42
Chhattisgarh,2008,Robbery,0,0,0,129,1,130,60,0,60,7,0,7,196,1,197
Chhattisgarh,2008,Burglary,0,0,0,162,2,164,77,2,79,6,0,6,245,4,249
Chhattisgarh,2008,Thefts,3,0,3,349,3,352,172,2,174,14,0,14,538,5,543
Chhattisgarh,2008,Extortion,0,0,0,11,1,12,16,0,16,6,0,6,33,1,34
Chhattisgarh,2008,Riots,0,0,0,20,0,20,41,0,41,5,0,5,66,0,66
Chhattisgarh,2008,Arson,0,0,0,11,0,11,8,0,8,0,0,0,19,0,19
Chhattisgarh,2008,Criminal Breach Of Trust,0,0,0,5,0,5,22,0,22,3,0,3,30,0,30
Chhattisgarh,2008,Cheating,0,0,0,43,0,43,32,0,32,12,0,12,87,0,87
Chhattisgarh,2008,Counter Feiting,0,0,0,25,0,25,7,0,7,1,0,1,33,0,33
Chhattisgarh,2008,Dowry Deaths,0,0,0,36,9,45,60,16,76,10,6,16,106,31,137
Chhattisgarh,2008,Molestation,0,0,0,29,0,29,32,0,32,4,0,4,65,0,65
Chhattisgarh,2008,Eve-Teasing,0,0,0,9,0,9,8,0,8,5,0,5,22,0,22
Chhattisgarh,2008,Cruelty By Husband Or Relative Of Husband,0,0,0,33,8,41,29,4,33,5,3,8,67,15,82
Chhattisgarh,2008,Other Ipc Crimes,3,0,3,285,25,310,239,21,260,24,11,35,551,57,608
Chhattisgarh,2009,Murder,0,0,0,960,64,1024,893,70,963,157,15,172,2010,149,2159
Chhattisgarh,2009,Attempt To Commit Murder,0,0,0,479,20,499,227,19,246,54,3,57,760,42,802
Chhattisgarh,2009,C.H. Not Amounting To Murder,0,0,0,83,1,84,48,3,51,21,0,21,152,4,156
Chhattisgarh,2009,Rape,2,0,2,337,3,340,134,2,136,15,0,15,488,5,493
Chhattisgarh,2009,Kidnapping And Abduction,0,0,0,83,2,85,43,0,43,7,0,7,133,2,135
Chhattisgarh,2009,Dacoity,0,0,0,152,4,156,65,0,65,6,0,6,223,4,227
Chhattisgarh,2009,Prep. And Assembly For Dacoity,0,0,0,16,0,16,24,0,24,1,0,1,41,0,41
Chhattisgarh,2009,Robbery,1,0,1,186,1,187,33,1,34,4,0,4,224,2,226
Chhattisgarh,2009,Burglary,0,0,0,77,2,79,46,1,47,1,0,1,124,3,127
Chhattisgarh,2009,Thefts,0,0,0,519,9,528,139,5,144,29,0,29,687,14,701
Chhattisgarh,2009,Extortion,0,0,0,16,1,17,4,0,4,7,0,7,27,1,28
Chhattisgarh,2009,Riots,0,0,0,27,0,27,13,0,13,6,0,6,46,0,46
Chhattisgarh,2009,Arson,0,0,0,7,0,7,5,0,5,0,0,0,12,0,12
Chhattisgarh,2009,Criminal Breach Of Trust,0,0,0,8,1,9,16,3,19,7,0,7,31,4,35
Chhattisgarh,2009,Cheating,0,0,0,50,1,51,44,2,46,9,2,11,103,5,108
Chhattisgarh,2009,Counter Feiting,0,0,0,22,3,25,11,0,11,6,1,7,39,4,43
Chhattisgarh,2009,Dowry Deaths,0,0,0,42,8,50,31,9,40,20,15,35,93,32,125
Chhattisgarh,2009,Molestation,0,0,0,37,0,37,16,0,16,5,0,5,58,0,58
Chhattisgarh,2009,Eve-Teasing,0,0,0,19,0,19,13,0,13,2,0,2,34,0,34
Chhattisgarh,2009,Cruelty By Husband Or Relative Of Husband,0,0,0,36,1,37,35,4,39,8,1,9,79,6,85
Chhattisgarh,2009,Other Ipc Crimes,0,0,0,424,26,450,251,17,268,145,4,149,820,47,867
Chhattisgarh,2010,Murder,22,4,26,1012,48,1060,1127,59,1186,269,30,299,2430,141,2571
Chhattisgarh,2010,Attempt To Commit Murder,27,0,27,387,19,406,393,6,399,131,10,141,938,35,973
Chhattisgarh,2010,C.H. Not Amounting To Murder,0,0,0,104,3,107,77,9,86,18,2,20,199,14,213
Chhattisgarh,2010,Rape,1,0,1,267,2,269,110,7,117,21,2,23,399,11,410
Chhattisgarh,2010,Kidnapping And Abduction,42,0,42,119,2,121,76,2,78,7,0,7,244,4,248
Chhattisgarh,2010,Dacoity,1,0,1,138,0,138,72,0,72,5,0,5,216,0,216
Chhattisgarh,2010,Prep. And Assembly For Dacoity,0,0,0,16,0,16,5,0,5,3,0,3,24,0,24
Chhattisgarh,2010,Robbery,1,0,1,113,2,115,28,1,29,4,0,4,146,3,149
Chhattisgarh,2010,Burglary,7,0,7,120,3,123,61,0,61,9,0,9,197,3,200
Chhattisgarh,2010,Thefts,25,0,25,315,12,327,159,2,161,35,1,36,534,15,549
Chhattisgarh,2010,Extortion,7,0,7,27,0,27,11,0,11,3,0,3,48,0,48
Chhattisgarh,2010,Riots,0,0,0,11,0,11,28,0,28,6,0,6,45,0,45
Chhattisgarh,2010,Arson,1,0,1,26,0,26,17,0,17,6,0,6,50,0,50
Chhattisgarh,2010,Criminal Breach Of Trust,0,0,0,5,2,7,20,1,21,2,1,3,27,4,31
Chhattisgarh,2010,Cheating,0,0,0,22,0,22,29,3,32,7,1,8,58,4,62
Chhattisgarh,2010,Counter Feiting,0,0,0,24,1,25,19,0,19,2,0,2,45,1,46
Chhattisgarh,2010,Dowry Deaths,1,0,1,52,5,57,28,12,40,13,8,21,94,25,119
Chhattisgarh,2010,Molestation,0,0,0,44,0,44,15,0,15,3,1,4,62,1,63
Chhattisgarh,2010,Eve-Teasing,0,0,0,0,0,0,0,0,0,0,0,0,0,0,0
Chhattisgarh,2010,Cruelty By Husband Or Relative Of Husband,0,0,0,15,4,19,15,7,22,8,3,11,38,14,52
Chhattisgarh,2010,Other Ipc Crimes,0,0,0,250,9,259,231,28,259,112,7,119,593,44,637
Chhattisgarh,2011,Murder,0,0,0,1218,55,1273,899,66,965,252,28,280,2369,149,2518
Chhattisgarh,2011,Attempt To Commit Murder,0,0,0,518,19,537,291,13,304,81,4,85,890,36,926
Chhattisgarh,2011,C.H. Not Amounting To Murder,0,0,0,74,2,76,53,3,56,20,1,21,147,6,153
Chhattisgarh,2011,Rape,0,0,0,423,5,428,141,0,141,18,0,18,582,5,587
Chhattisgarh,2011,Kidnapping And Abduction,0,0,0,134,6,140,50,1,51,7,2,9,191,9,200
Chhattisgarh,2011,Dacoity,0,0,0,131,0,131,60,0,60,0,0,0,191,0,191
Chhattisgarh,2011,Prep. And Assembly For Dacoity,0,0,0,21,1,22,17,0,17,1,0,1,39,1,40
Chhattisgarh,2011,Robbery,0,0,0,154,4,158,48,1,49,3,0,3,205,5,210
Chhattisgarh,2011,Burglary,0,0,0,156,0,156,53,0,53,8,0,8,217,0,217
Chhattisgarh,2011,Thefts,0,0,0,404,9,413,141,3,144,15,0,15,560,12,572
Chhattisgarh,2011,Extortion,0,0,0,11,1,12,13,0,13,0,0,0,24,1,25
Chhattisgarh,2011,Riots,0,0,0,13,0,13,14,0,14,3,0,3,30,0,30
Chhattisgarh,2011,Arson,0,0,0,11,2,13,10,1,11,0,0,0,21,3,24
Chhattisgarh,2011,Criminal Breach Of Trust,0,0,0,17,1,18,19,4,23,0,1,1,36,6,42
Chhattisgarh,2011,Cheating,0,0,0,60,5,65,75,6,81,31,0,31,166,11,177
Chhattisgarh,2011,Counter Feiting,0,0,0,14,0,14,25,2,27,1,0,1,40,2,42
Chhattisgarh,2011,Dowry Deaths,0,0,0,51,6,57,33,21,54,11,6,17,95,33,128
Chhattisgarh,2011,Molestation,0,0,0,14,0,14,4,0,4,1,0,1,19,0,19
Chhattisgarh,2011,Eve-Teasing,0,0,0,0,0,0,0,0,0,0,0,0,0,0,0
Chhattisgarh,2011,Cruelty By Husband Or Relative Of Husband,0,0,0,23,0,23,15,7,22,5,3,8,43,10,53
Chhattisgarh,2011,Other Ipc Crimes,0,0,0,411,17,428,372,16,388,126,6,132,909,39,948
Goa,2001,Murder,3,0,3,57,0,57,54,3,57,3,0,3,117,3,120
Goa,2001,Attempt To Commit Murder,0,0,0,2,1,3,6,0,6,1,0,1,9,1,10
Goa,2001,C.H. Not Amounting To Murder,0,0,0,11,0,11,15,2,17,0,0,0,26,2,28
Goa,2001,Rape,0,0,0,9,0,9,5,0,5,0,0,0,14,0,14
Goa,2001,Kidnapping And Abduction,4,0,4,3,0,3,9,0,9,0,0,0,16,0,16
Goa,2001,Dacoity,3,0,3,17,0,17,5,0,5,0,0,0,25,0,25
Goa,2001,Prep. And Assembly For Dacoity,0,0,0,9,1,10,2,0,2,0,0,0,11,1,12
Goa,2001,Robbery,0,0,0,11,0,11,9,0,9,1,0,1,21,0,21
Goa,2001,Burglary,0,0,0,2,0,2,3,0,3,0,0,0,5,0,5
Goa,2001,Thefts,1,0,1,13,0,13,11,0,11,1,0,1,26,0,26
Goa,2001,Extortion,0,0,0,0,0,0,0,0,0,0,0,0,0,0,0
Goa,2001,Riots,0,0,0,0,0,0,0,0,0,0,0,0,0,0,0
Goa,2001,Arson,0,0,0,0,0,0,0,0,0,0,0,0,0,0,0
Goa,2001,Criminal Breach Of Trust,0,0,0,5,0,5,1,0,1,0,0,0,6,0,6
Goa,2001,Cheating,0,0,0,8,0,8,1,0,1,0,0,0,9,0,9
Goa,2001,Counter Feiting,0,0,0,0,0,0,0,0,0,0,0,0,0,0,0
Goa,2001,Dowry Deaths,0,0,0,0,0,0,0,0,0,0,0,0,0,0,0
Goa,2001,Molestation,0,0,0,0,0,0,0,0,0,0,0,0,0,0,0
Goa,2001,Eve-Teasing,0,0,0,0,0,0,0,0,0,0,0,0,0,0,0
Goa,2001,Cruelty By Husband Or Relative Of Husband,0,0,0,0,0,0,0,0,0,0,0,0,0,0,0
Goa,2001,Other Ipc Crimes,0,0,0,0,0,0,1,0,1,1,0,1,2,0,2
Goa,2002,Murder,0,0,0,53,0,53,21,0,21,0,0,0,74,0,74
Goa,2002,Attempt To Commit Murder,0,0,0,2,0,2,2,0,2,0,0,0,4,0,4
Goa,2002,C.H. Not Amounting To Murder,0,0,0,1,0,1,6,0,6,0,0,0,7,0,7
Goa,2002,Rape,0,0,0,5,0,5,2,0,2,0,0,0,7,0,7
Goa,2002,Kidnapping And Abduction,0,0,0,5,0,5,0,0,0,1,0,1,6,0,6
Goa,2002,Dacoity,0,0,0,4,0,4,3,0,3,0,0,0,7,0,7
Goa,2002,Prep. And Assembly For Dacoity,0,0,0,0,0,0,0,0,0,0,0,0,0,0,0
Goa,2002,Robbery,0,0,0,3,0,3,0,0,0,0,0,0,3,0,3
Goa,2002,Burglary,0,0,0,8,0,8,3,0,3,0,0,0,11,0,11
Goa,2002,Thefts,0,0,0,10,0,10,10,0,10,0,0,0,20,0,20
Goa,2002,Extortion,0,0,0,0,0,0,0,0,0,0,0,0,0,0,0
Goa,2002,Riots,0,0,0,0,0,0,0,0,0,0,0,0,0,0,0
Goa,2002,Arson,0,0,0,0,0,0,0,0,0,0,0,0,0,0,0
Goa,2002,Criminal Breach Of Trust,0,0,0,30,0,30,19,0,19,0,0,0,49,0,49
Goa,2002,Cheating,0,0,0,0,0,0,0,0,0,0,0,0,0,0,0
Goa,2002,Counter Feiting,0,0,0,1,0,1,0,0,0,0,0,0,1,0,1
Goa,2002,Dowry Deaths,0,0,0,0,0,0,0,0,0,0,0,0,0,0,0
Goa,2002,Molestation,0,0,0,0,0,0,0,0,0,0,0,0,0,0,0
Goa,2002,Eve-Teasing,0,0,0,0,0,0,0,0,0,0,0,0,0,0,0
Goa,2002,Cruelty By Husband Or Relative Of Husband,0,0,0,0,0,0,0,0,0,0,0,0,0,0,0
Goa,2002,Other Ipc Crimes,0,0,0,3,0,3,3,0,3,0,0,0,6,0,6
Goa,2003,Murder,0,0,0,20,3,23,34,0,34,3,0,3,57,3,60
Goa,2003,Attempt To Commit Murder,0,0,0,3,0,3,4,0,4,1,0,1,8,0,8
Goa,2003,C.H. Not Amounting To Murder,0,0,0,2,0,2,4,0,4,0,0,0,6,0,6
Goa,2003,Rape,0,0,0,5,0,5,6,0,6,1,0,1,12,0,12
Goa,2003,Kidnapping And Abduction,0,0,0,6,0,6,6,0,6,3,0,3,15,0,15
Goa,2003,Dacoity,0,0,0,2,0,2,4,0,4,0,0,0,6,0,6
Goa,2003,Prep. And Assembly For Dacoity,0,0,0,2,0,2,2,0,2,0,0,0,4,0,4
Goa,2003,Robbery,0,0,0,12,0,12,8,0,8,0,0,0,20,0,20
Goa,2003,Burglary,0,0,0,3,0,3,5,0,5,0,0,0,8,0,8
Goa,2003,Thefts,0,0,0,50,0,50,26,0,26,3,0,3,79,0,79
Goa,2003,Extortion,0,0,0,0,0,0,0,0,0,0,0,0,0,0,0
Goa,2003,Riots,0,0,0,13,0,13,7,0,7,3,0,3,23,0,23
Goa,2003,Arson,0,0,0,0,0,0,0,0,0,0,0,0,0,0,0
Goa,2003,Criminal Breach Of Trust,0,0,0,1,0,1,2,0,2,0,0,0,3,0,3
Goa,2003,Cheating,0,0,0,2,0,2,7,0,7,2,0,2,11,0,11
Goa,2003,Counter Feiting,0,0,0,3,0,3,3,0,3,1,0,1,7,0,7
Goa,2003,Dowry Deaths,0,0,0,0,0,0,0,0,0,1,0,1,1,0,1
Goa,2003,Molestation,0,0,0,1,0,1,1,0,1,0,0,0,2,0,2
Goa,2003,Eve-Teasing,0,0,0,2,0,2,2,0,2,1,0,1,5,0,5
Goa,2003,Cruelty By Husband Or Relative Of Husband,0,0,0,0,0,0,1,0,1,2,0,2,3,0,3
Goa,2003,Other Ipc Crimes,0,0,0,23,0,23,36,2,38,3,0,3,62,2,64
Goa,2004,Murder,0,0,0,0,0,0,0,0,0,0,0,0,0,0,0
Goa,2004,Murder,3,0,3,32,0,32,44,6,50,4,0,4,83,6,89
Goa,2004,Attempt To Commit Murder,0,0,0,1,0,1,3,0,3,2,0,2,6,0,6
Goa,2004,C.H. Not Amounting To Murder,0,0,0,3,0,3,0,0,0,0,0,0,3,0,3
Goa,2004,Rape,0,0,0,9,0,9,7,0,7,1,0,1,17,0,17
Goa,2004,Kidnapping And Abduction,0,0,0,5,0,5,0,0,0,0,0,0,5,0,5
Goa,2004,Dacoity,0,0,0,8,0,8,2,0,2,0,0,0,10,0,10
Goa,2004,Prep. And Assembly For Dacoity,0,0,0,0,0,0,0,0,0,0,0,0,0,0,0
Goa,2004,Robbery,0,0,0,2,0,2,2,0,2,0,0,0,4,0,4
Goa,2004,Burglary,0,0,0,3,0,3,3,0,3,0,0,0,6,0,6
Goa,2004,Thefts,0,0,0,23,0,23,31,0,31,0,0,0,54,0,54
Goa,2004,Extortion,0,0,0,0,0,0,0,0,0,0,0,0,0,0,0
Goa,2004,Riots,0,0,0,0,0,0,1,0,1,0,0,0,1,0,1
Goa,2004,Arson,0,0,0,0,0,0,0,0,0,0,0,0,0,0,0
Goa,2004,Criminal Breach Of Trust,0,0,0,0,0,0,1,0,1,0,0,0,1,0,1
Goa,2004,Cheating,0,0,0,1,0,1,0,0,0,0,0,0,1,0,1
Goa,2004,Counter Feiting,0,0,0,0,0,0,0,0,0,0,0,0,0,0,0
Goa,2004,Dowry Deaths,0,0,0,0,0,0,1,0,1,0,0,0,1,0,1
Goa,2004,Molestation,0,0,0,0,0,0,0,0,0,0,0,0,0,0,0
Goa,2004,Eve-Teasing,0,0,0,0,0,0,0,0,0,0,0,0,0,0,0
Goa,2004,Cruelty By Husband Or Relative Of Husband,0,0,0,0,0,0,0,0,0,0,0,0,0,0,0
Goa,2004,Other Ipc Crimes,0,0,0,9,0,9,9,0,9,1,0,1,19,0,19
Goa,2005,Murder,0,0,0,47,1,48,21,3,24,4,1,5,72,5,77
Goa,2005,Attempt To Commit Murder,0,0,0,4,0,4,1,0,1,0,0,0,5,0,5
Goa,2005,C.H. Not Amounting To Murder,0,0,0,3,0,3,0,0,0,0,0,0,3,0,3
Goa,2005,Rape,0,0,0,2,0,2,1,0,1,0,0,0,3,0,3
Goa,2005,Kidnapping And Abduction,0,0,0,10,0,10,2,0,2,0,0,0,12,0,12
Goa,2005,Dacoity,0,0,0,4,0,4,2,0,2,0,0,0,6,0,6
Goa,2005,Prep. And Assembly For Dacoity,0,0,0,0,0,0,0,0,0,0,0,0,0,0,0
Goa,2005,Robbery,0,0,0,19,0,19,7,0,7,1,0,1,27,0,27
Goa,2005,Burglary,0,0,0,4,0,4,4,0,4,1,0,1,9,0,9
Goa,2005,Thefts,0,0,0,7,1,8,9,0,9,1,0,1,17,1,18
Goa,2005,Extortion,0,0,0,1,0,1,0,0,0,0,0,0,1,0,1
Goa,2005,Riots,0,0,0,0,0,0,0,0,0,0,0,0,0,0,0
Goa,2005,Arson,0,0,0,0,0,0,0,0,0,0,0,0,0,0,0
Goa,2005,Criminal Breach Of Trust,0,0,0,5,0,5,1,0,1,0,0,0,6,0,6
Goa,2005,Cheating,0,0,0,0,0,0,2,0,2,0,0,0,2,0,2
Goa,2005,Counter Feiting,0,0,0,1,0,1,2,0,2,0,0,0,3,0,3
Goa,2005,Dowry Deaths,0,0,0,0,0,0,0,0,0,0,0,0,0,0,0
Goa,2005,Molestation,0,0,0,0,0,0,0,0,0,0,0,0,0,0,0
Goa,2005,Eve-Teasing,0,0,0,0,0,0,0,0,0,0,0,0,0,0,0
Goa,2005,Cruelty By Husband Or Relative Of Husband,0,0,0,0,0,0,0,0,0,0,0,0,0,0,0
Goa,2005,Other Ipc Crimes,0,0,0,2,0,2,9,0,9,0,0,0,11,0,11
Goa,2006,Murder,0,0,0,46,4,50,25,1,26,2,0,2,73,5,78
Goa,2006,Attempt To Commit Murder,0,0,0,4,1,5,0,0,0,0,0,0,4,1,5
Goa,2006,C.H. Not Amounting To Murder,0,0,0,0,0,0,0,0,0,0,0,0,0,0,0
Goa,2006,Rape,0,0,0,3,0,3,1,0,1,2,0,2,6,0,6
Goa,2006,Kidnapping And Abduction,0,0,0,10,3,13,6,0,6,0,0,0,16,3,19
Goa,2006,Dacoity,0,0,0,3,0,3,1,0,1,0,0,0,4,0,4
Goa,2006,Prep. And Assembly For Dacoity,0,0,0,0,0,0,0,0,0,0,0,0,0,0,0
Goa,2006,Robbery,0,0,0,2,0,2,0,0,0,0,0,0,2,0,2
Goa,2006,Burglary,0,0,0,30,0,30,5,0,5,0,0,0,35,0,35
Goa,2006,Thefts,0,0,0,14,0,14,4,6,10,0,0,0,18,6,24
Goa,2006,Extortion,0,0,0,0,0,0,0,0,0,0,0,0,0,0,0
Goa,2006,Riots,0,0,0,0,0,0,0,0,0,0,0,0,0,0,0
Goa,2006,Arson,0,0,0,0,0,0,0,0,0,0,0,0,0,0,0
Goa,2006,Criminal Breach Of Trust,0,0,0,0,0,0,0,0,0,0,0,0,0,0,0
Goa,2006,Cheating,0,0,0,0,0,0,0,0,0,1,0,1,1,0,1
Goa,2006,Counter Feiting,0,0,0,1,0,1,2,0,2,0,0,0,3,0,3
Goa,2006,Dowry Deaths,0,0,0,0,0,0,0,0,0,0,0,0,0,0,0
Goa,2006,Molestation,0,0,0,0,0,0,0,0,0,0,0,0,0,0,0
Goa,2006,Eve-Teasing,0,0,0,0,0,0,0,0,0,0,0,0,0,0,0
Goa,2006,Cruelty By Husband Or Relative Of Husband,0,0,0,0,0,0,0,0,0,0,0,0,0,0,0
Goa,2006,Other Ipc Crimes,0,0,0,11,0,11,5,0,5,0,0,0,16,0,16
Goa,2007,Murder,0,0,0,44,6,50,11,2,13,2,0,2,57,8,65
Goa,2007,Attempt To Commit Murder,0,0,0,4,2,6,1,0,1,0,0,0,5,2,7
Goa,2007,C.H. Not Amounting To Murder,0,0,0,0,2,2,0,0,0,0,0,0,0,2,2
Goa,2007,Rape,0,0,0,8,0,8,2,0,2,0,0,0,10,0,10
Goa,2007,Kidnapping And Abduction,0,0,0,0,1,1,0,2,2,0,0,0,0,3,3
Goa,2007,Dacoity,0,0,0,31,0,31,2,0,2,0,0,0,33,0,33
Goa,2007,Prep. And Assembly For Dacoity,0,0,0,0,0,0,0,0,0,0,0,0,0,0,0
Goa,2007,Robbery,0,0,0,0,0,0,1,0,1,0,0,0,1,0,1
Goa,2007,Burglary,0,0,0,7,0,7,0,0,0,0,0,0,7,0,7
Goa,2007,Thefts,0,0,0,23,1,24,1,0,1,0,0,0,24,1,25
Goa,2007,Extortion,0,0,0,0,0,0,0,0,0,0,0,0,0,0,0
Goa,2007,Riots,0,0,0,0,0,0,0,0,0,0,0,0,0,0,0
Goa,2007,Arson,0,0,0,0,0,0,0,0,0,0,0,0,0,0,0
Goa,2007,Criminal Breach Of Trust,0,0,0,0,0,0,0,0,0,0,0,0,0,0,0
Goa,2007,Cheating,0,0,0,2,0,2,1,0,1,0,0,0,3,0,3
Goa,2007,Counter Feiting,0,0,0,0,0,0,0,0,0,0,0,0,0,0,0
Goa,2007,Dowry Deaths,0,0,0,0,0,0,0,0,0,0,0,0,0,0,0
Goa,2007,Molestation,0,0,0,0,0,0,0,0,0,0,0,0,0,0,0
Goa,2007,Eve-Teasing,0,0,0,0,0,0,0,0,0,0,0,0,0,0,0
Goa,2007,Cruelty By Husband Or Relative Of Husband,0,0,0,0,0,0,0,0,0,0,0,0,0,0,0
Goa,2007,Other Ipc Crimes,0,0,0,4,0,4,0,0,0,1,0,1,5,0,5
Goa,2008,Murder,0,0,0,49,2,51,19,2,21,4,0,4,72,4,76
Goa,2008,Attempt To Commit Murder,0,0,0,8,0,8,2,0,2,0,0,0,10,0,10
Goa,2008,C.H. Not Amounting To Murder,0,0,0,0,2,2,0,2,2,0,0,0,0,4,4
Goa,2008,Rape,0,0,0,13,0,13,2,0,2,0,0,0,15,0,15
Goa,2008,Kidnapping And Abduction,0,0,0,1,2,3,0,2,2,0,0,0,1,4,5
Goa,2008,Dacoity,0,0,0,21,0,21,2,0,2,0,0,0,23,0,23
Goa,2008,Prep. And Assembly For Dacoity,0,0,0,0,0,0,0,0,0,0,0,0,0,0,0
Goa,2008,Robbery,0,0,0,6,0,6,2,0,2,0,0,0,8,0,8
Goa,2008,Burglary,0,0,0,6,0,6,2,0,2,0,0,0,8,0,8
Goa,2008,Thefts,0,0,0,26,0,26,6,0,6,0,0,0,32,0,32
Goa,2008,Extortion,0,0,0,1,0,1,0,0,0,0,0,0,1,0,1
Goa,2008,Riots,0,0,0,0,0,0,0,0,0,0,0,0,0,0,0
Goa,2008,Arson,0,0,0,0,0,0,0,0,0,0,0,0,0,0,0
Goa,2008,Criminal Breach Of Trust,0,0,0,0,0,0,0,0,0,0,0,0,0,0,0
Goa,2008,Cheating,0,0,0,4,0,4,1,0,1,0,0,0,5,0,5
Goa,2008,Counter Feiting,0,0,0,0,0,0,0,0,0,0,0,0,0,0,0
Goa,2008,Dowry Deaths,0,0,0,0,0,0,0,0,0,0,0,0,0,0,0
Goa,2008,Molestation,0,0,0,0,0,0,0,0,0,0,0,0,0,0,0
Goa,2008,Eve-Teasing,0,0,0,0,0,0,0,0,0,0,0,0,0,0,0
Goa,2008,Cruelty By Husband Or Relative Of Husband,0,0,0,0,0,0,0,0,0,0,0,0,0,0,0
Goa,2008,Other Ipc Crimes,0,0,0,8,1,9,4,1,5,1,0,1,13,2,15
Goa,2009,Murder,0,0,0,41,2,43,17,2,19,2,0,2,60,4,64
Goa,2009,Attempt To Commit Murder,0,0,0,6,2,8,1,2,3,1,0,1,8,4,12
Goa,2009,C.H. Not Amounting To Murder,0,0,0,0,0,0,0,0,0,0,0,0,0,0,0
Goa,2009,Rape,0,0,0,5,0,5,1,0,1,1,0,1,7,0,7
Goa,2009,Kidnapping And Abduction,0,0,0,8,2,10,3,2,5,0,0,0,11,4,15
Goa,2009,Dacoity,0,0,0,8,0,8,1,0,1,0,0,0,9,0,9
Goa,2009,Prep. And Assembly For Dacoity,0,0,0,0,0,0,0,0,0,0,0,0,0,0,0
Goa,2009,Robbery,0,0,0,14,0,14,16,0,16,0,0,0,30,0,30
Goa,2009,Burglary,0,0,0,12,0,12,0,0,0,0,0,0,12,0,12
Goa,2009,Thefts,0,0,0,11,0,11,3,0,3,0,0,0,14,0,14
Goa,2009,Extortion,0,0,0,0,0,0,0,0,0,0,0,0,0,0,0
Goa,2009,Riots,0,0,0,0,0,0,0,0,0,0,0,0,0,0,0
Goa,2009,Arson,0,0,0,0,0,0,0,0,0,0,0,0,0,0,0
Goa,2009,Criminal Breach Of Trust,0,0,0,2,0,2,2,0,2,0,0,0,4,0,4
Goa,2009,Cheating,0,0,0,0,0,0,0,0,0,0,0,0,0,0,0
Goa,2009,Counter Feiting,0,0,0,1,0,1,0,0,0,0,0,0,1,0,1
Goa,2009,Dowry Deaths,0,0,0,0,0,0,0,0,0,0,0,0,0,0,0
Goa,2009,Molestation,0,0,0,0,0,0,0,0,0,0,0,0,0,0,0
Goa,2009,Eve-Teasing,0,0,0,0,0,0,0,0,0,0,0,0,0,0,0
Goa,2009,Cruelty By Husband Or Relative Of Husband,0,0,0,0,0,0,0,0,0,0,0,0,0,0,0
Goa,2009,Other Ipc Crimes,0,0,0,10,10,20,20,0,20,1,0,1,31,10,41
Goa,2010,Murder,0,0,0,35,0,35,23,2,25,4,0,4,62,2,64
Goa,2010,Attempt To Commit Murder,0,0,0,11,0,11,6,1,7,2,0,2,19,1,20
Goa,2010,C.H. Not Amounting To Murder,0,0,0,4,0,4,3,0,3,0,0,0,7,0,7
Goa,2010,Rape,0,0,0,15,0,15,11,0,11,0,0,0,26,0,26
Goa,2010,Kidnapping And Abduction,0,0,0,5,0,5,1,2,3,0,0,0,6,2,8
Goa,2010,Dacoity,0,0,0,7,0,7,0,0,0,0,0,0,7,0,7
Goa,2010,Prep. And Assembly For Dacoity,0,0,0,2,0,2,0,0,0,0,0,0,2,0,2
Goa,2010,Robbery,0,0,0,5,0,5,2,4,6,0,0,0,7,4,11
Goa,2010,Burglary,0,0,0,6,0,6,0,0,0,0,0,0,6,0,6
Goa,2010,Thefts,0,0,0,6,0,6,3,4,7,0,0,0,9,4,13
Goa,2010,Extortion,0,0,0,1,0,1,0,0,0,0,0,0,1,0,1
Goa,2010,Riots,0,0,0,0,0,0,0,0,0,0,0,0,0,0,0
Goa,2010,Arson,0,0,0,0,0,0,0,0,0,0,0,0,0,0,0
Goa,2010,Criminal Breach Of Trust,0,0,0,0,0,0,0,0,0,0,0,0,0,0,0
Goa,2010,Cheating,0,0,0,7,0,7,3,0,3,1,0,1,11,0,11
Goa,2010,Counter Feiting,0,0,0,0,0,0,0,0,0,0,0,0,0,0,0
Goa,2010,Dowry Deaths,0,0,0,0,0,0,0,0,0,0,0,0,0,0,0
Goa,2010,Molestation,0,0,0,2,0,2,1,0,1,0,0,0,3,0,3
Goa,2010,Eve-Teasing,0,0,0,0,0,0,0,0,0,0,0,0,0,0,0
Goa,2010,Cruelty By Husband Or Relative Of Husband,0,0,0,0,0,0,0,0,0,0,0,0,0,0,0
Goa,2010,Other Ipc Crimes,0,0,0,10,0,10,0,5,5,0,0,0,10,5,15
Goa,2011,Murder,0,0,0,29,2,31,17,5,22,1,0,1,47,7,54
Goa,2011,Attempt To Commit Murder,0,0,0,16,1,17,10,1,11,0,0,0,26,2,28
Goa,2011,C.H. Not Amounting To Murder,0,0,0,2,0,2,2,1,3,0,0,0,4,1,5
Goa,2011,Rape,0,0,0,33,0,33,14,0,14,0,0,0,47,0,47
Goa,2011,Kidnapping And Abduction,0,0,0,8,0,8,6,1,7,0,0,0,14,1,15
Goa,2011,Dacoity,0,0,0,6,0,6,7,0,7,0,0,0,13,0,13
Goa,2011,Prep. And Assembly For Dacoity,0,0,0,0,0,0,0,0,0,0,0,0,0,0,0
Goa,2011,Robbery,0,0,0,21,0,21,17,2,19,0,0,0,38,2,40
Goa,2011,Burglary,0,0,0,0,0,0,3,0,3,0,0,0,3,0,3
Goa,2011,Thefts,0,0,0,28,2,30,18,1,19,0,0,0,46,3,49
Goa,2011,Extortion,0,0,0,0,0,0,2,0,2,0,0,0,2,0,2
Goa,2011,Riots,0,0,0,0,0,0,0,0,0,0,0,0,0,0,0
Goa,2011,Arson,0,0,0,0,0,0,0,0,0,0,0,0,0,0,0
Goa,2011,Criminal Breach Of Trust,0,0,0,0,0,0,0,0,0,0,0,0,0,0,0
Goa,2011,Cheating,0,0,0,0,0,0,1,2,3,0,0,0,1,2,3
Goa,2011,Counter Feiting,0,0,0,0,0,0,0,0,0,0,0,0,0,0,0
Goa,2011,Dowry Deaths,0,0,0,0,0,0,0,0,0,0,0,0,0,0,0
Goa,2011,Molestation,0,0,0,0,0,0,5,0,5,0,0,0,5,0,5
Goa,2011,Eve-Teasing,0,0,0,0,0,0,0,0,0,0,0,0,0,0,0
Goa,2011,Cruelty By Husband Or Relative Of Husband,0,0,0,0,0,0,0,0,0,0,0,0,0,0,0
Goa,2011,Other Ipc Crimes,0,0,0,0,0,0,0,0,0,0,0,0,0,0,0
Goa,2012,Murder,0,0,0,51,3,54,28,5,33,1,1,2,80,9,89
Goa,2012,Attempt To Commit Murder,0,0,0,8,1,9,7,0,7,0,0,0,15,1,16
Goa,2012,C.H. Not Amounting To Murder,0,0,0,1,0,1,3,1,4,0,0,0,4,1,5
Goa,2012,Rape,0,0,0,40,0,40,12,0,12,0,0,0,52,0,52
Goa,2012,Kidnapping And Abduction,0,0,0,6,0,6,7,0,7,0,0,0,13,0,13
Goa,2012,Dacoity,0,0,0,7,0,7,4,0,4,0,0,0,11,0,11
Goa,2012,Prep. And Assembly For Dacoity,0,0,0,0,0,0,0,0,0,0,0,0,0,0,0
Goa,2012,Robbery,0,0,0,14,0,14,11,1,12,2,0,2,27,1,28
Goa,2012,Burglary,0,0,0,0,0,0,3,0,3,0,0,0,3,0,3
Goa,2012,Thefts,0,0,0,10,1,11,10,0,10,0,0,0,20,1,21
Goa,2012,Extortion,0,0,0,0,0,0,2,0,2,0,0,0,2,0,2
Goa,2012,Riots,0,0,0,0,0,0,0,0,0,0,0,0,0,0,0
Goa,2012,Arson,0,0,0,0,0,0,0,0,0,0,0,0,0,0,0
Goa,2012,Criminal Breach Of Trust,0,0,0,0,0,0,0,0,0,0,0,0,0,0,0
Goa,2012,Cheating,0,0,0,0,2,2,2,0,2,0,0,0,2,2,4
Goa,2012,Counter Feiting,0,0,0,0,0,0,0,0,0,0,0,0,0,0,0
Goa,2012,Dowry Deaths,0,0,0,0,0,0,0,0,0,0,0,0,0,0,0
Goa,2012,Molestation,0,0,0,6,0,6,4,0,4,0,0,0,10,0,10
Goa,2012,Eve-Teasing,0,0,0,0,0,0,0,0,0,0,0,0,0,0,0
Goa,2012,Cruelty By Husband Or Relative Of Husband,0,0,0,0,0,0,0,0,0,0,0,0,0,0,0
Goa,2012,Other Ipc Crimes,0,0,0,5,0,5,0,0,0,0,0,0,5,0,5
Gujarat,2001,Murder,20,1,21,870,22,892,840,18,858,208,5,213,1938,46,1984
Gujarat,2001,Attempt To Commit Murder,10,0,10,155,2,157,123,1,124,10,1,11,298,4,302
Gujarat,2001,C.H. Not Amounting To Murder,4,0,4,39,2,41,28,0,28,6,0,6,77,2,79
Gujarat,2001,Rape,3,0,3,153,1,154,95,2,97,8,0,8,259,3,262
Gujarat,2001,Kidnapping And Abduction,3,0,3,114,0,114,59,1,60,5,0,5,181,1,182
Gujarat,2001,Dacoity,9,0,9,168,0,168,170,0,170,7,0,7,354,0,354
Gujarat,2001,Prep. And Assembly For Dacoity,0,0,0,9,0,9,10,0,10,0,0,0,19,0,19
Gujarat,2001,Robbery,7,0,7,105,0,105,67,0,67,6,0,6,185,0,185
Gujarat,2001,Burglary,8,0,8,100,6,106,130,0,130,0,0,0,238,6,244
Gujarat,2001,Thefts,0,0,0,31,0,31,9,2,11,8,1,9,48,3,51
Gujarat,2001,Extortion,0,0,0,10,0,10,3,0,3,2,0,2,15,0,15
Gujarat,2001,Riots,0,0,0,3,0,3,0,0,0,0,0,0,3,0,3
Gujarat,2001,Arson,0,0,0,0,0,0,0,0,0,0,0,0,0,0,0
Gujarat,2001,Criminal Breach Of Trust,1,0,1,26,0,26,14,0,14,2,0,2,43,0,43
Gujarat,2001,Cheating,0,0,0,33,2,35,23,0,23,2,0,2,58,2,60
Gujarat,2001,Counter Feiting,0,0,0,12,0,12,15,0,15,10,0,10,37,0,37
Gujarat,2001,Dowry Deaths,1,0,1,32,2,34,24,3,27,9,0,9,66,5,71
Gujarat,2001,Molestation,0,0,0,0,0,0,0,0,0,0,0,0,0,0,0
Gujarat,2001,Eve-Teasing,0,0,0,6,0,6,8,0,8,1,0,1,15,0,15
Gujarat,2001,Cruelty By Husband Or Relative Of Husband,1,0,1,69,7,76,64,1,65,54,4,58,188,12,200
Gujarat,2001,Other Ipc Crimes,3,0,3,59,0,59,79,6,85,31,1,32,172,7,179
Gujarat,2002,Murder,23,0,23,930,27,957,880,16,896,202,7,209,2035,50,2085
Gujarat,2002,Attempt To Commit Murder,4,0,4,167,5,172,136,2,138,22,1,23,329,8,337
Gujarat,2002,C.H. Not Amounting To Murder,0,0,0,30,0,30,26,1,27,10,0,10,66,1,67
Gujarat,2002,Rape,5,0,5,170,0,170,108,2,110,12,0,12,295,2,297
Gujarat,2002,Kidnapping And Abduction,6,0,6,178,2,180,75,1,76,18,0,18,277,3,280
Gujarat,2002,Dacoity,11,0,11,200,3,203,164,0,164,27,0,27,402,3,405
Gujarat,2002,Prep. And Assembly For Dacoity,0,0,0,15,0,15,12,0,12,5,0,5,32,0,32
Gujarat,2002,Robbery,0,0,0,124,3,127,75,2,77,12,0,12,211,5,216
Gujarat,2002,Burglary,0,0,0,82,2,84,104,0,104,8,0,8,194,2,196
Gujarat,2002,Thefts,2,0,2,150,6,156,84,1,85,27,0,27,263,7,270
Gujarat,2002,Extortion,0,0,0,17,2,19,45,0,45,0,0,0,62,2,64
Gujarat,2002,Riots,18,0,18,93,0,93,19,2,21,10,0,10,140,2,142
Gujarat,2002,Arson,0,0,0,4,0,4,12,0,12,2,0,2,18,0,18
Gujarat,2002,Criminal Breach Of Trust,0,0,0,11,2,13,10,1,11,2,0,2,23,3,26
Gujarat,2002,Cheating,0,0,0,20,3,23,24,2,26,4,0,4,48,5,53
Gujarat,2002,Counter Feiting,0,0,0,0,0,0,0,0,0,0,0,0,0,0,0
Gujarat,2002,Dowry Deaths,0,0,0,30,4,34,28,5,33,12,1,13,70,10,80
Gujarat,2002,Molestation,0,0,0,0,0,0,0,0,0,0,0,0,0,0,0
Gujarat,2002,Eve-Teasing,0,0,0,0,0,0,0,0,0,0,0,0,0,0,0
Gujarat,2002,Cruelty By Husband Or Relative Of Husband,11,0,11,38,16,54,91,10,101,15,6,21,155,32,187
Gujarat,2002,Other Ipc Crimes,26,0,26,45,4,49,113,2,115,19,0,19,203,6,209
Gujarat,2003,Murder,67,0,67,891,15,906,548,9,557,293,2,295,1799,26,1825
Gujarat,2003,Attempt To Commit Murder,8,0,8,198,1,199,145,6,151,95,0,95,446,7,453
Gujarat,2003,C.H. Not Amounting To Murder,0,0,0,20,1,21,15,2,17,10,0,10,45,3,48
Gujarat,2003,Rape,0,0,0,18,0,18,20,1,21,15,2,17,53,3,56
Gujarat,2003,Kidnapping And Abduction,0,0,0,117,2,119,72,21,93,47,0,47,236,23,259
Gujarat,2003,Dacoity,0,0,0,283,0,283,109,9,118,14,3,17,406,12,418
Gujarat,2003,Prep. And Assembly For Dacoity,0,0,0,14,0,14,2,0,2,2,0,2,18,0,18
Gujarat,2003,Robbery,2,0,2,182,4,186,91,0,91,40,0,40,315,4,319
Gujarat,2003,Burglary,0,0,0,12,0,12,10,0,10,0,0,0,22,0,22
Gujarat,2003,Thefts,23,0,23,262,12,274,118,5,123,89,2,91,492,19,511
Gujarat,2003,Extortion,0,0,0,0,0,0,0,0,0,0,0,0,0,0,0
Gujarat,2003,Riots,0,0,0,28,0,28,32,0,32,24,0,24,84,0,84
Gujarat,2003,Arson,0,0,0,4,0,4,11,0,11,2,0,2,17,0,17
Gujarat,2003,Criminal Breach Of Trust,0,0,0,0,0,0,1,0,1,0,0,0,1,0,1
Gujarat,2003,Cheating,0,0,0,84,7,91,43,0,43,22,0,22,149,7,156
Gujarat,2003,Counter Feiting,0,0,0,0,0,0,0,0,0,0,0,0,0,0,0
Gujarat,2003,Dowry Deaths,0,0,0,28,3,31,15,0,15,3,0,3,46,3,49
Gujarat,2003,Molestation,0,0,0,1,0,1,0,0,0,0,0,0,1,0,1
Gujarat,2003,Eve-Teasing,0,0,0,0,0,0,0,0,0,0,0,0,0,0,0
Gujarat,2003,Cruelty By Husband Or Relative Of Husband,2,0,2,185,25,210,91,16,107,67,0,67,345,41,386
Gujarat,2003,Other Ipc Crimes,4,0,4,173,4,177,228,3,231,80,0,80,485,7,492
Gujarat,2004,Murder,3,0,3,799,28,827,673,32,705,143,3,146,1618,63,1681
Gujarat,2004,Attempt To Commit Murder,2,0,2,221,4,225,227,5,232,23,0,23,473,9,482
Gujarat,2004,C.H. Not Amounting To Murder,0,0,0,51,0,51,24,1,25,19,0,19,94,1,95
Gujarat,2004,Rape,1,0,1,236,3,239,109,2,111,18,0,18,364,5,369
Gujarat,2004,Kidnapping And Abduction,7,0,7,154,4,158,80,1,81,29,0,29,270,5,275
Gujarat,2004,Dacoity,0,0,0,227,1,228,347,2,349,12,0,12,586,3,589
Gujarat,2004,Prep. And Assembly For Dacoity,0,0,0,12,0,12,0,0,0,0,0,0,12,0,12
Gujarat,2004,Robbery,1,0,1,176,2,178,126,1,127,13,0,13,316,3,319
Gujarat,2004,Burglary,0,0,0,65,0,65,22,0,22,5,0,5,92,0,92
Gujarat,2004,Thefts,11,0,11,312,13,325,202,18,220,67,0,67,592,31,623
Gujarat,2004,Extortion,0,0,0,0,0,0,0,0,0,0,0,0,0,0,0
Gujarat,2004,Riots,0,0,0,28,0,28,24,0,24,3,0,3,55,0,55
Gujarat,2004,Arson,0,0,0,2,0,2,0,0,0,0,0,0,2,0,2
Gujarat,2004,Criminal Breach Of Trust,0,0,0,61,1,62,69,2,71,6,0,6,136,3,139
Gujarat,2004,Cheating,0,0,0,55,1,56,62,0,62,22,0,22,139,1,140
Gujarat,2004,Counter Feiting,0,0,0,2,0,2,11,1,12,0,0,0,13,1,14
Gujarat,2004,Dowry Deaths,0,0,0,18,1,19,7,0,7,0,0,0,25,1,26
Gujarat,2004,Molestation,0,0,0,0,0,0,0,0,0,0,0,0,0,0,0
Gujarat,2004,Eve-Teasing,0,0,0,0,0,0,0,0,0,0,0,0,0,0,0
Gujarat,2004,Cruelty By Husband Or Relative Of Husband,0,0,0,98,18,116,86,12,98,17,7,24,201,37,238
Gujarat,2004,Other Ipc Crimes,1,0,1,171,17,188,131,18,149,31,0,31,334,35,369
Gujarat,2005,Murder,0,0,0,1235,40,1275,1093,27,1120,116,8,124,2444,75,2519
Gujarat,2005,Attempt To Commit Murder,0,0,0,180,4,184,137,3,140,26,2,28,343,9,352
Gujarat,2005,C.H. Not Amounting To Murder,0,0,0,23,2,25,34,1,35,8,1,9,65,4,69
Gujarat,2005,Rape,0,0,0,163,3,166,95,1,96,7,0,7,265,4,269
Gujarat,2005,Kidnapping And Abduction,0,0,0,109,1,110,79,3,82,6,0,6,194,4,198
Gujarat,2005,Dacoity,0,0,0,155,0,155,153,1,154,10,0,10,318,1,319
Gujarat,2005,Prep. And Assembly For Dacoity,0,0,0,35,0,35,17,0,17,3,0,3,55,0,55
Gujarat,2005,Robbery,0,0,0,153,2,155,106,0,106,9,0,9,268,2,270
Gujarat,2005,Burglary,0,0,0,58,1,59,29,0,29,3,0,3,90,1,91
Gujarat,2005,Thefts,0,0,0,294,9,303,156,5,161,10,0,10,460,14,474
Gujarat,2005,Extortion,0,0,0,0,0,0,0,0,0,0,0,0,0,0,0
Gujarat,2005,Riots,0,0,0,9,0,9,21,0,21,1,0,1,31,0,31
Gujarat,2005,Arson,0,0,0,4,0,4,2,0,2,0,0,0,6,0,6
Gujarat,2005,Criminal Breach Of Trust,0,0,0,10,2,12,20,0,20,15,0,15,45,2,47
Gujarat,2005,Cheating,0,0,0,56,1,57,58,1,59,19,0,19,133,2,135
Gujarat,2005,Counter Feiting,0,0,0,39,4,43,22,0,22,0,0,0,61,4,65
Gujarat,2005,Dowry Deaths,0,0,0,19,7,26,15,9,24,9,1,10,43,17,60
Gujarat,2005,Molestation,0,0,0,0,0,0,0,0,0,0,0,0,0,0,0
Gujarat,2005,Eve-Teasing,0,0,0,0,0,0,0,0,0,1,1,2,1,1,2
Gujarat,2005,Cruelty By Husband Or Relative Of Husband,0,0,0,90,19,109,78,11,89,20,5,25,188,35,223
Gujarat,2005,Other Ipc Crimes,0,0,0,36,0,36,83,10,93,9,1,10,128,11,139
Gujarat,2006,Murder,0,0,0,929,30,959,1089,36,1125,136,6,142,2154,72,2226
Gujarat,2006,Attempt To Commit Murder,0,0,0,163,6,169,164,9,173,24,1,25,351,16,367
Gujarat,2006,C.H. Not Amounting To Murder,0,0,0,33,0,33,48,5,53,6,0,6,87,5,92
Gujarat,2006,Rape,0,0,0,254,1,255,128,6,134,9,0,9,391,7,398
Gujarat,2006,Kidnapping And Abduction,0,0,0,100,0,100,60,2,62,1,1,2,161,3,164
Gujarat,2006,Dacoity,0,0,0,147,0,147,167,2,169,8,0,8,322,2,324
Gujarat,2006,Prep. And Assembly For Dacoity,0,0,0,31,0,31,23,0,23,2,0,2,56,0,56
Gujarat,2006,Robbery,0,0,0,135,4,139,79,1,80,6,0,6,220,5,225
Gujarat,2006,Burglary,0,0,0,42,0,42,25,2,27,2,0,2,69,2,71
Gujarat,2006,Thefts,0,0,0,304,7,311,164,10,174,6,0,6,474,17,491
Gujarat,2006,Extortion,0,0,0,24,0,24,10,0,10,0,0,0,34,0,34
Gujarat,2006,Riots,0,0,0,9,1,10,14,0,14,2,0,2,25,1,26
Gujarat,2006,Arson,0,0,0,0,0,0,0,0,0,0,0,0,0,0,0
Gujarat,2006,Criminal Breach Of Trust,0,0,0,12,1,13,18,3,21,5,0,5,35,4,39
Gujarat,2006,Cheating,0,0,0,61,1,62,91,3,94,29,2,31,181,6,187
Gujarat,2006,Counter Feiting,0,0,0,28,0,28,6,0,6,1,0,1,35,0,35
Gujarat,2006,Dowry Deaths,0,0,0,11,0,11,10,3,13,0,0,0,21,3,24
Gujarat,2006,Molestation,0,0,0,0,0,0,0,0,0,0,0,0,0,0,0
Gujarat,2006,Eve-Teasing,0,0,0,0,0,0,0,0,0,0,0,0,0,0,0
Gujarat,2006,Cruelty By Husband Or Relative Of Husband,0,0,0,137,18,155,92,32,124,27,7,34,256,57,313
Gujarat,2006,Other Ipc Crimes,0,0,0,78,9,87,61,15,76,23,1,24,162,25,187
Gujarat,2007,Murder,0,0,0,697,32,729,716,51,767,98,7,105,1511,90,1601
Gujarat,2007,Attempt To Commit Murder,0,0,0,183,0,183,141,5,146,57,5,62,381,10,391
Gujarat,2007,C.H. Not Amounting To Murder,0,0,0,14,0,14,13,2,15,3,0,3,30,2,32
Gujarat,2007,Rape,0,0,0,319,1,320,91,2,93,40,1,41,450,4,454
Gujarat,2007,Kidnapping And Abduction,0,0,0,122,0,122,58,5,63,5,0,5,185,5,190
Gujarat,2007,Dacoity,0,0,0,179,0,179,79,2,81,6,0,6,264,2,266
Gujarat,2007,Prep. And Assembly For Dacoity,0,0,0,21,0,21,7,0,7,3,0,3,31,0,31
Gujarat,2007,Robbery,0,0,0,174,0,174,91,0,91,4,0,4,269,0,269
Gujarat,2007,Burglary,0,0,0,42,1,43,38,1,39,2,0,2,82,2,84
Gujarat,2007,Thefts,0,0,0,429,3,432,174,1,175,17,0,17,620,4,624
Gujarat,2007,Extortion,0,0,0,8,0,8,6,6,12,2,0,2,16,6,22
Gujarat,2007,Riots,0,0,0,26,0,26,33,0,33,8,0,8,67,0,67
Gujarat,2007,Arson,0,0,0,15,0,15,8,0,8,4,0,4,27,0,27
Gujarat,2007,Criminal Breach Of Trust,0,0,0,17,0,17,42,2,44,21,2,23,80,4,84
Gujarat,2007,Cheating,0,0,0,72,5,77,74,11,85,26,6,32,172,22,194
Gujarat,2007,Counter Feiting,0,0,0,16,0,16,31,10,41,9,0,9,56,10,66
Gujarat,2007,Dowry Deaths,0,0,0,8,0,8,10,7,17,4,2,6,22,9,31
Gujarat,2007,Molestation,0,0,0,2,0,2,4,0,4,0,0,0,6,0,6
Gujarat,2007,Eve-Teasing,0,0,0,2,0,2,2,0,2,2,0,2,6,0,6
Gujarat,2007,Cruelty By Husband Or Relative Of Husband,0,0,0,120,23,143,76,24,100,12,1,13,208,48,256
Gujarat,2007,Other Ipc Crimes,0,0,0,87,15,102,100,7,107,16,1,17,203,23,226
Gujarat,2008,Murder,0,0,0,725,33,758,757,58,815,96,2,98,1578,93,1671
Gujarat,2008,Attempt To Commit Murder,0,0,0,187,7,194,246,18,264,28,0,28,461,25,486
Gujarat,2008,C.H. Not Amounting To Murder,0,0,0,53,0,53,72,0,72,2,0,2,127,0,127
Gujarat,2008,Rape,0,0,0,298,1,299,131,3,134,15,1,16,444,5,449
Gujarat,2008,Kidnapping And Abduction,0,0,0,184,1,185,100,2,102,12,0,12,296,3,299
Gujarat,2008,Dacoity,0,0,0,214,0,214,98,0,98,22,0,22,334,0,334
Gujarat,2008,Prep. And Assembly For Dacoity,0,0,0,39,0,39,12,0,12,7,0,7,58,0,58
Gujarat,2008,Robbery,0,0,0,169,5,174,55,2,57,15,0,15,239,7,246
Gujarat,2008,Burglary,0,0,0,65,4,69,35,2,37,5,0,5,105,6,111
Gujarat,2008,Thefts,0,0,0,314,11,325,171,6,177,13,0,13,498,17,515
Gujarat,2008,Extortion,0,0,0,14,0,14,12,0,12,3,0,3,29,0,29
Gujarat,2008,Riots,0,0,0,46,2,48,30,1,31,13,0,13,89,3,92
Gujarat,2008,Arson,0,0,0,5,0,5,0,0,0,0,0,0,5,0,5
Gujarat,2008,Criminal Breach Of Trust,0,0,0,45,7,52,29,0,29,19,0,19,93,7,100
Gujarat,2008,Cheating,0,0,0,86,2,88,123,8,131,13,1,14,222,11,233
Gujarat,2008,Counter Feiting,0,0,0,46,0,46,52,4,56,14,0,14,112,4,116
Gujarat,2008,Dowry Deaths,0,0,0,40,5,45,42,8,50,10,2,12,92,15,107
Gujarat,2008,Molestation,0,0,0,12,0,12,7,0,7,2,0,2,21,0,21
Gujarat,2008,Eve-Teasing,0,0,0,0,0,0,0,0,0,0,0,0,0,0,0
Gujarat,2008,Cruelty By Husband Or Relative Of Husband,0,0,0,152,8,160,96,18,114,17,1,18,265,27,292
Gujarat,2008,Other Ipc Crimes,0,0,0,239,4,243,161,11,172,21,1,22,421,16,437
Gujarat,2009,Murder,0,0,0,864,55,919,834,58,892,166,16,182,1864,129,1993
Gujarat,2009,Attempt To Commit Murder,0,0,0,166,6,172,122,6,128,22,5,27,310,17,327
Gujarat,2009,C.H. Not Amounting To Murder,0,0,0,80,4,84,38,0,38,16,0,16,134,4,138
Gujarat,2009,Rape,0,0,0,349,5,354,85,7,92,8,0,8,442,12,454
Gujarat,2009,Kidnapping And Abduction,0,0,0,154,4,158,94,6,100,11,0,11,259,10,269
Gujarat,2009,Dacoity,0,0,0,150,0,150,105,2,107,19,0,19,274,2,276
Gujarat,2009,Prep. And Assembly For Dacoity,0,0,0,51,0,51,28,0,28,2,0,2,81,0,81
Gujarat,2009,Robbery,0,0,0,137,3,140,72,0,72,20,0,20,229,3,232
Gujarat,2009,Burglary,0,0,0,128,5,133,119,2,121,9,0,9,256,7,263
Gujarat,2009,Thefts,0,0,0,284,8,292,276,6,282,16,0,16,576,14,590
Gujarat,2009,Extortion,0,0,0,8,0,8,5,0,5,2,0,2,15,0,15
Gujarat,2009,Riots,0,0,0,48,3,51,19,0,19,12,0,12,79,3,82
Gujarat,2009,Arson,0,0,0,2,0,2,1,0,1,0,0,0,3,0,3
Gujarat,2009,Criminal Breach Of Trust,0,0,0,55,4,59,65,3,68,14,0,14,134,7,141
Gujarat,2009,Cheating,0,0,0,65,2,67,111,3,114,31,0,31,207,5,212
Gujarat,2009,Counter Feiting,0,0,0,41,1,42,26,1,27,4,0,4,71,2,73
Gujarat,2009,Dowry Deaths,0,0,0,48,7,55,54,10,64,11,4,15,113,21,134
Gujarat,2009,Molestation,0,0,0,16,0,16,7,0,7,6,0,6,29,0,29
Gujarat,2009,Eve-Teasing,0,0,0,0,0,0,0,0,0,0,0,0,0,0,0
Gujarat,2009,Cruelty By Husband Or Relative Of Husband,0,0,0,158,13,171,110,28,138,37,8,45,305,49,354
Gujarat,2009,Other Ipc Crimes,0,0,0,121,15,136,207,0,207,0,0,0,328,15,343
Gujarat,2010,Murder,0,0,0,788,68,856,838,56,894,164,19,183,1790,143,1933
Gujarat,2010,Attempt To Commit Murder,0,0,0,153,4,157,84,6,90,22,5,27,259,15,274
Gujarat,2010,C.H. Not Amounting To Murder,0,0,0,80,2,82,41,2,43,16,0,16,137,4,141
Gujarat,2010,Rape,0,0,0,326,8,334,165,7,172,17,2,19,508,17,525
Gujarat,2010,Kidnapping And Abduction,0,0,0,165,3,168,75,4,79,16,0,16,256,7,263
Gujarat,2010,Dacoity,0,0,0,176,2,178,63,1,64,9,1,10,248,4,252
Gujarat,2010,Prep. And Assembly For Dacoity,0,0,0,44,6,50,36,0,36,5,0,5,85,6,91
Gujarat,2010,Robbery,0,0,0,133,5,138,89,0,89,13,0,13,235,5,240
Gujarat,2010,Burglary,0,0,0,77,1,78,30,1,31,1,0,1,108,2,110
Gujarat,2010,Thefts,0,0,0,235,15,250,131,5,136,31,1,32,397,21,418
Gujarat,2010,Extortion,0,0,0,14,0,14,6,0,6,2,0,2,22,0,22
Gujarat,2010,Riots,0,0,0,42,1,43,19,0,19,9,0,9,70,1,71
Gujarat,2010,Arson,0,0,0,4,0,4,0,0,0,3,0,3,7,0,7
Gujarat,2010,Criminal Breach Of Trust,0,0,0,65,5,70,95,4,99,40,0,40,200,9,209
Gujarat,2010,Cheating,0,0,0,56,4,60,97,4,101,34,2,36,187,10,197
Gujarat,2010,Counter Feiting,0,0,0,66,2,68,35,4,39,8,0,8,109,6,115
Gujarat,2010,Dowry Deaths,0,0,0,26,10,36,33,3,36,9,1,10,68,14,82
Gujarat,2010,Molestation,0,0,0,11,0,11,7,0,7,2,0,2,20,0,20
Gujarat,2010,Eve-Teasing,0,0,0,0,0,0,0,0,0,0,0,0,0,0,0
Gujarat,2010,Cruelty By Husband Or Relative Of Husband,0,0,0,130,12,142,115,17,132,39,9,48,284,38,322
Gujarat,2010,Other Ipc Crimes,0,0,0,150,10,160,120,5,125,48,3,51,318,18,336
Gujarat,2011,Murder,0,0,0,1026,67,1093,714,47,761,189,16,205,1929,130,2059
Gujarat,2011,Attempt To Commit Murder,0,0,0,168,7,175,145,7,152,37,1,38,350,15,365
Gujarat,2011,C.H. Not Amounting To Murder,0,0,0,48,4,52,42,2,44,9,0,9,99,6,105
Gujarat,2011,Rape,0,0,0,313,8,321,139,5,144,32,3,35,484,16,500
Gujarat,2011,Kidnapping And Abduction,0,0,0,177,5,182,149,5,154,37,0,37,363,10,373
Gujarat,2011,Dacoity,0,0,0,115,2,117,87,0,87,22,0,22,224,2,226
Gujarat,2011,Prep. And Assembly For Dacoity,0,0,0,24,0,24,27,0,27,1,0,1,52,0,52
Gujarat,2011,Robbery,0,0,0,125,2,127,104,0,104,22,0,22,251,2,253
Gujarat,2011,Burglary,0,0,0,40,0,40,59,3,62,19,0,19,118,3,121
Gujarat,2011,Thefts,0,0,0,256,15,271,141,8,149,21,0,21,418,23,441
Gujarat,2011,Extortion,0,0,0,5,0,5,6,0,6,0,0,0,11,0,11
Gujarat,2011,Riots,0,0,0,15,0,15,7,0,7,2,0,2,24,0,24
Gujarat,2011,Arson,0,0,0,0,0,0,4,0,4,10,0,10,14,0,14
Gujarat,2011,Criminal Breach Of Trust,0,0,0,59,2,61,77,1,78,27,0,27,163,3,166
Gujarat,2011,Cheating,0,0,0,28,6,34,32,3,35,4,2,6,64,11,75
Gujarat,2011,Counter Feiting,0,0,0,71,2,73,81,1,82,22,0,22,174,3,177
Gujarat,2011,Dowry Deaths,0,0,0,36,0,36,27,1,28,12,4,16,75,5,80
Gujarat,2011,Molestation,0,0,0,1,0,1,0,0,0,0,0,0,1,0,1
Gujarat,2011,Eve-Teasing,0,0,0,0,0,0,0,0,0,0,0,0,0,0,0
Gujarat,2011,Cruelty By Husband Or Relative Of Husband,0,0,0,127,12,139,129,29,158,83,16,99,339,57,396
Gujarat,2011,Other Ipc Crimes,0,0,0,130,3,133,97,2,99,18,2,20,245,7,252
Gujarat,2012,Murder,0,0,0,934,66,1000,949,73,1022,198,20,218,2081,159,2240
Gujarat,2012,Attempt To Commit Murder,0,0,0,153,3,156,122,7,129,44,2,46,319,12,331
Gujarat,2012,C.H. Not Amounting To Murder,0,0,0,77,6,83,51,3,54,10,0,10,138,9,147
Gujarat,2012,Rape,0,0,0,391,6,397,171,5,176,22,3,25,584,14,598
Gujarat,2012,Kidnapping And Abduction,0,0,0,127,2,129,68,6,74,11,0,11,206,8,214
Gujarat,2012,Dacoity,0,0,0,165,3,168,82,0,82,17,0,17,264,3,267
Gujarat,2012,Prep. And Assembly For Dacoity,0,0,0,26,0,26,31,0,31,6,0,6,63,0,63
Gujarat,2012,Robbery,0,0,0,176,0,176,92,3,95,21,0,21,289,3,292
Gujarat,2012,Burglary,0,0,0,52,0,52,48,0,48,26,2,28,126,2,128
Gujarat,2012,Thefts,0,0,0,255,1,256,152,1,153,27,0,27,434,2,436
Gujarat,2012,Extortion,0,0,0,8,0,8,11,0,11,2,0,2,21,0,21
Gujarat,2012,Riots,0,0,0,14,0,14,23,0,23,11,0,11,48,0,48
Gujarat,2012,Arson,0,0,0,3,0,3,10,0,10,13,0,13,26,0,26
Gujarat,2012,Criminal Breach Of Trust,0,0,0,32,1,33,57,2,59,21,0,21,110,3,113
Gujarat,2012,Cheating,0,0,0,35,0,35,42,9,51,24,3,27,101,12,113
Gujarat,2012,Counter Feiting,0,0,0,49,1,50,44,1,45,24,1,25,117,3,120
Gujarat,2012,Dowry Deaths,0,0,0,15,4,19,31,1,32,13,2,15,59,7,66
Gujarat,2012,Molestation,0,0,0,8,0,8,12,0,12,3,0,3,23,0,23
Gujarat,2012,Eve-Teasing,0,0,0,0,0,0,2,0,2,0,0,0,2,0,2
Gujarat,2012,Cruelty By Husband Or Relative Of Husband,0,0,0,124,6,130,110,23,133,49,9,58,283,38,321
Gujarat,2012,Other Ipc Crimes,0,0,0,154,7,161,99,13,112,24,2,26,277,22,299
Haryana,2001,Murder,25,0,25,815,27,842,722,38,760,204,7,211,1766,72,1838
Haryana,2001,Attempt To Commit Murder,3,0,3,196,2,198,183,8,191,86,0,86,468,10,478
Haryana,2001,C.H. Not Amounting To Murder,7,0,7,75,0,75,86,0,86,29,0,29,197,0,197
Haryana,2001,Rape,25,0,25,386,6,392,114,8,122,24,0,24,549,14,563
Haryana,2001,Kidnapping And Abduction,0,0,0,150,3,153,95,7,102,25,0,25,270,10,280
Haryana,2001,Dacoity,11,0,11,446,3,449,139,0,139,22,0,22,618,3,621
Haryana,2001,Prep. And Assembly For Dacoity,6,0,6,142,0,142,86,0,86,2,0,2,236,0,236
Haryana,2001,Robbery,2,0,2,139,0,139,85,1,86,26,0,26,252,1,253
Haryana,2001,Burglary,1,0,1,95,0,95,52,0,52,15,0,15,163,0,163
Haryana,2001,Thefts,25,0,25,339,4,343,191,8,199,43,0,43,598,12,610
Haryana,2001,Extortion,0,0,0,11,0,11,4,0,4,0,0,0,15,0,15
Haryana,2001,Riots,0,0,0,12,0,12,14,0,14,2,0,2,28,0,28
Haryana,2001,Arson,0,0,0,0,0,0,0,0,0,0,0,0,0,0,0
Haryana,2001,Criminal Breach Of Trust,0,0,0,27,0,27,40,0,40,12,0,12,79,0,79
Haryana,2001,Cheating,0,0,0,21,1,22,48,6,54,24,0,24,93,7,100
Haryana,2001,Counter Feiting,0,0,0,2,0,2,40,0,40,12,0,12,54,0,54
Haryana,2001,Dowry Deaths,0,0,0,181,29,210,219,66,285,104,45,149,504,140,644
Haryana,2001,Molestation,0,0,0,15,0,15,5,0,5,1,0,1,21,0,21
Haryana,2001,Eve-Teasing,0,0,0,2,0,2,0,0,0,0,0,0,2,0,2
Haryana,2001,Cruelty By Husband Or Relative Of Husband,0,0,0,40,5,45,58,7,65,22,3,25,120,15,135
Haryana,2001,Other Ipc Crimes,2,0,2,59,0,59,84,1,85,29,0,29,174,1,175
Haryana,2002,Murder,9,0,9,763,24,787,810,41,851,217,15,232,1799,80,1879
Haryana,2002,Attempt To Commit Murder,5,0,5,221,4,225,134,8,142,53,1,54,413,13,426
Haryana,2002,C.H. Not Amounting To Murder,0,0,0,111,2,113,41,4,45,16,0,16,168,6,174
Haryana,2002,Rape,19,0,19,385,9,394,209,4,213,23,0,23,636,13,649
Haryana,2002,Kidnapping And Abduction,0,0,0,172,6,178,97,7,104,10,0,10,279,13,292
Haryana,2002,Dacoity,4,0,4,269,1,270,137,0,137,1,0,1,411,1,412
Haryana,2002,Prep. And Assembly For Dacoity,1,0,1,105,0,105,52,0,52,0,0,0,158,0,158
Haryana,2002,Robbery,2,0,2,340,2,342,154,0,154,30,0,30,526,2,528
Haryana,2002,Burglary,0,0,0,72,0,72,40,0,40,4,0,4,116,0,116
Haryana,2002,Thefts,12,0,12,399,8,407,184,4,188,35,0,35,630,12,642
Haryana,2002,Extortion,2,0,2,7,0,7,5,1,6,0,0,0,14,1,15
Haryana,2002,Riots,0,0,0,15,0,15,0,0,0,0,0,0,15,0,15
Haryana,2002,Arson,0,0,0,0,0,0,0,0,0,0,0,0,0,0,0
Haryana,2002,Criminal Breach Of Trust,0,0,0,5,0,5,11,0,11,3,0,3,19,0,19
Haryana,2002,Cheating,0,0,0,40,0,40,27,0,27,4,0,4,71,0,71
Haryana,2002,Counter Feiting,0,0,0,8,0,8,4,0,4,0,0,0,12,0,12
Haryana,2002,Dowry Deaths,0,0,0,198,46,244,159,46,205,64,24,88,421,116,537
Haryana,2002,Molestation,0,0,0,9,0,9,6,0,6,0,0,0,15,0,15
Haryana,2002,Eve-Teasing,0,0,0,1,0,1,0,0,0,0,0,0,1,0,1
Haryana,2002,Cruelty By Husband Or Relative Of Husband,0,0,0,58,3,61,37,4,41,11,2,13,106,9,115
Haryana,2002,Other Ipc Crimes,0,0,0,65,0,65,44,1,45,14,0,14,123,1,124
Haryana,2003,Murder,7,0,7,790,27,817,626,29,655,237,3,240,1660,59,1719
Haryana,2003,Attempt To Commit Murder,0,0,0,281,5,286,152,10,162,47,1,48,480,16,496
Haryana,2003,C.H. Not Amounting To Murder,0,0,0,84,1,85,39,1,40,18,0,18,141,2,143
Haryana,2003,Rape,0,0,0,254,7,261,117,6,123,18,2,20,389,15,404
Haryana,2003,Kidnapping And Abduction,0,0,0,143,1,144,63,0,63,10,2,12,216,3,219
Haryana,2003,Dacoity,0,0,0,501,1,502,80,1,81,1,1,2,582,3,585
Haryana,2003,Prep. And Assembly For Dacoity,0,0,0,160,1,161,85,2,87,11,2,13,256,5,261
Haryana,2003,Robbery,0,0,0,181,2,183,36,1,37,1,2,3,218,5,223
Haryana,2003,Burglary,0,0,0,120,1,121,42,1,43,5,1,6,167,3,170
Haryana,2003,Thefts,16,0,16,241,6,247,105,5,110,26,2,28,388,13,401
Haryana,2003,Extortion,0,0,0,3,0,3,5,0,5,0,0,0,8,0,8
Haryana,2003,Riots,0,0,0,7,0,7,14,0,14,5,0,5,26,0,26
Haryana,2003,Arson,0,0,0,20,0,20,17,0,17,2,0,2,39,0,39
Haryana,2003,Criminal Breach Of Trust,0,0,0,16,0,16,10,0,10,0,0,0,26,0,26
Haryana,2003,Cheating,0,0,0,33,0,33,30,17,47,15,7,22,78,24,102
Haryana,2003,Counter Feiting,0,0,0,16,1,17,3,0,3,0,0,0,19,1,20
Haryana,2003,Dowry Deaths,0,0,0,193,23,216,218,62,280,85,44,129,496,129,625
Haryana,2003,Molestation,0,0,0,19,0,19,1,0,1,0,0,0,20,0,20
Haryana,2003,Eve-Teasing,0,0,0,3,0,3,0,0,0,0,0,0,3,0,3
Haryana,2003,Cruelty By Husband Or Relative Of Husband,0,0,0,46,11,57,43,13,56,17,8,25,106,32,138
Haryana,2003,Other Ipc Crimes,0,0,0,91,0,91,50,0,50,19,1,20,160,1,161
Haryana,2004,Murder,3,0,3,770,35,805,647,30,677,207,9,216,1627,74,1701
Haryana,2004,Attempt To Commit Murder,0,0,0,313,5,318,154,5,159,11,0,11,478,10,488
Haryana,2004,C.H. Not Amounting To Murder,0,0,0,63,6,69,31,0,31,18,0,18,112,6,118
Haryana,2004,Rape,0,0,0,208,11,219,129,7,136,27,0,27,364,18,382
Haryana,2004,Kidnapping And Abduction,0,0,0,118,1,119,92,0,92,22,0,22,232,1,233
Haryana,2004,Dacoity,0,0,0,205,0,205,112,0,112,20,0,20,337,0,337
Haryana,2004,Prep. And Assembly For Dacoity,0,0,0,122,0,122,62,0,62,25,0,25,209,0,209
Haryana,2004,Robbery,0,0,0,216,0,216,148,0,148,16,0,16,380,0,380
Haryana,2004,Burglary,0,0,0,135,0,135,49,0,49,7,0,7,191,0,191
Haryana,2004,Thefts,0,0,0,349,3,352,206,8,214,58,0,58,613,11,624
Haryana,2004,Extortion,0,0,0,30,0,30,18,0,18,1,0,1,49,0,49
Haryana,2004,Riots,1,0,1,70,0,70,19,0,19,4,0,4,94,0,94
Haryana,2004,Arson,0,0,0,9,0,9,3,0,3,0,0,0,12,0,12
Haryana,2004,Criminal Breach Of Trust,0,0,0,7,0,7,2,0,2,0,0,0,9,0,9
Haryana,2004,Cheating,0,0,0,61,8,69,35,7,42,17,0,17,113,15,128
Haryana,2004,Counter Feiting,0,0,0,4,0,4,10,0,10,0,0,0,14,0,14
Haryana,2004,Dowry Deaths,0,0,0,114,38,152,169,35,204,61,17,78,344,90,434
Haryana,2004,Molestation,0,0,0,18,0,18,4,0,4,0,0,0,22,0,22
Haryana,2004,Eve-Teasing,0,0,0,1,0,1,0,0,0,0,0,0,1,0,1
Haryana,2004,Cruelty By Husband Or Relative Of Husband,0,0,0,67,4,71,37,3,40,7,0,7,111,7,118
Haryana,2004,Other Ipc Crimes,1,0,1,96,2,98,33,0,33,17,0,17,147,2,149
Haryana,2005,Murder,3,0,3,642,30,672,659,26,685,174,12,186,1478,68,1546
Haryana,2005,Attempt To Commit Murder,0,0,0,210,7,217,159,7,166,38,0,38,407,14,421
Haryana,2005,C.H. Not Amounting To Murder,0,0,0,35,2,37,26,0,26,14,1,15,75,3,78
Haryana,2005,Rape,4,0,4,228,5,233,129,1,130,18,0,18,379,6,385
Haryana,2005,Kidnapping And Abduction,0,0,0,157,6,163,82,2,84,9,0,9,248,8,256
Haryana,2005,Dacoity,0,0,0,211,0,211,98,0,98,7,0,7,316,0,316
Haryana,2005,Prep. And Assembly For Dacoity,181,0,181,88,0,88,17,0,17,0,0,0,286,0,286
Haryana,2005,Robbery,2,0,2,139,0,139,77,1,78,7,0,7,225,1,226
Haryana,2005,Burglary,0,0,0,68,0,68,55,0,55,12,0,12,135,0,135
Haryana,2005,Thefts,10,0,10,731,8,739,478,4,482,72,0,72,1291,12,1303
Haryana,2005,Extortion,0,0,0,28,0,28,9,0,9,0,0,0,37,0,37
Haryana,2005,Riots,0,0,0,17,0,17,9,0,9,7,0,7,33,0,33
Haryana,2005,Arson,0,0,0,0,0,0,0,0,0,0,0,0,0,0,0
Haryana,2005,Criminal Breach Of Trust,0,0,0,21,0,21,9,0,9,2,0,2,32,0,32
Haryana,2005,Cheating,0,0,0,61,0,61,43,0,43,13,0,13,117,0,117
Haryana,2005,Counter Feiting,0,0,0,8,2,10,2,0,2,0,0,0,10,2,12
Haryana,2005,Dowry Deaths,0,0,0,221,20,241,136,52,188,63,34,97,420,106,526
Haryana,2005,Molestation,0,0,0,9,0,9,4,0,4,1,0,1,14,0,14
Haryana,2005,Eve-Teasing,0,0,0,0,0,0,0,0,0,0,0,0,0,0,0
Haryana,2005,Cruelty By Husband Or Relative Of Husband,0,0,0,45,14,59,37,31,68,12,13,25,94,58,152
Haryana,2005,Other Ipc Crimes,0,0,0,64,5,69,31,1,32,11,0,11,106,6,112
Haryana,2006,Murder,6,2,8,797,43,840,791,38,829,180,16,196,1774,99,1873
Haryana,2006,Attempt To Commit Murder,2,0,2,207,9,216,167,3,170,73,0,73,449,12,461
Haryana,2006,C.H. Not Amounting To Murder,0,0,0,58,2,60,47,4,51,17,0,17,122,6,128
Haryana,2006,Rape,0,0,0,273,3,276,135,1,136,29,0,29,437,4,441
Haryana,2006,Kidnapping And Abduction,3,0,3,157,1,158,93,7,100,17,0,17,270,8,278
Haryana,2006,Dacoity,6,0,6,243,1,244,137,1,138,18,0,18,404,2,406
Haryana,2006,Prep. And Assembly For Dacoity,4,0,4,139,0,139,89,1,90,11,0,11,243,1,244
Haryana,2006,Robbery,0,0,0,154,0,154,87,0,87,17,0,17,258,0,258
Haryana,2006,Burglary,1,0,1,60,0,60,45,0,45,6,0,6,112,0,112
Haryana,2006,Thefts,2,0,2,487,16,503,251,9,260,83,1,84,823,26,849
Haryana,2006,Extortion,0,0,0,27,0,27,8,0,8,2,0,2,37,0,37
Haryana,2006,Riots,0,0,0,21,0,21,15,0,15,2,0,2,38,0,38
Haryana,2006,Arson,0,0,0,3,0,3,0,0,0,0,0,0,3,0,3
Haryana,2006,Criminal Breach Of Trust,0,0,0,12,1,13,11,0,11,12,0,12,35,1,36
Haryana,2006,Cheating,0,0,0,77,4,81,77,2,79,27,1,28,181,7,188
Haryana,2006,Counter Feiting,0,0,0,11,0,11,7,0,7,5,0,5,23,0,23
Haryana,2006,Dowry Deaths,0,0,0,170,17,187,128,45,173,62,30,92,360,92,452
Haryana,2006,Molestation,0,0,0,49,4,53,13,0,13,3,0,3,65,4,69
Haryana,2006,Eve-Teasing,0,0,0,0,0,0,11,0,11,0,0,0,11,0,11
Haryana,2006,Cruelty By Husband Or Relative Of Husband,0,0,0,28,7,35,26,3,29,10,0,10,64,10,74
Haryana,2006,Other Ipc Crimes,0,0,0,84,11,95,55,6,61,14,1,15,153,18,171
Haryana,2007,Murder,6,2,8,797,16,813,791,38,829,180,16,196,1774,72,1846
Haryana,2007,Attempt To Commit Murder,2,0,2,207,9,216,167,3,170,73,0,73,449,12,461
Haryana,2007,C.H. Not Amounting To Murder,0,0,0,58,2,60,47,4,51,17,0,17,122,6,128
Haryana,2007,Rape,0,0,0,273,3,276,135,1,136,29,0,29,437,4,441
Haryana,2007,Kidnapping And Abduction,3,0,3,157,1,158,93,7,100,17,0,17,270,8,278
Haryana,2007,Dacoity,6,0,6,243,1,244,137,1,138,18,0,18,404,2,406
Haryana,2007,Prep. And Assembly For Dacoity,4,0,4,139,0,139,89,1,90,11,0,11,243,1,244
Haryana,2007,Robbery,0,0,0,154,0,154,87,0,87,17,0,17,258,0,258
Haryana,2007,Burglary,1,0,1,60,0,60,45,0,45,6,0,6,112,0,112
Haryana,2007,Thefts,2,0,2,487,16,503,251,9,260,83,1,84,823,26,849
Haryana,2007,Extortion,0,0,0,27,0,27,8,0,8,2,0,2,37,0,37
Haryana,2007,Riots,0,0,0,21,0,21,15,0,15,2,0,2,38,0,38
Haryana,2007,Arson,0,0,0,3,0,3,0,0,0,0,0,0,3,0,3
Haryana,2007,Criminal Breach Of Trust,0,0,0,12,1,13,11,0,11,12,0,12,35,1,36
Haryana,2007,Cheating,0,0,0,77,4,81,77,2,79,27,1,28,181,7,188
Haryana,2007,Counter Feiting,0,0,0,11,0,11,7,0,7,5,0,5,23,0,23
Haryana,2007,Dowry Deaths,0,0,0,170,17,187,128,45,173,62,30,92,360,92,452
Haryana,2007,Molestation,0,0,0,49,4,53,13,0,13,3,0,3,65,4,69
Haryana,2007,Eve-Teasing,0,0,0,0,0,0,11,0,11,0,0,0,11,0,11
Haryana,2007,Cruelty By Husband Or Relative Of Husband,0,0,0,28,7,35,26,3,29,10,0,10,64,10,74
Haryana,2007,Other Ipc Crimes,60,0,60,228,11,239,225,23,248,44,39,83,557,73,630
Haryana,2008,Murder,1,1,2,778,42,820,791,46,837,190,13,203,1760,102,1862
Haryana,2008,Attempt To Commit Murder,0,0,0,424,4,428,170,4,174,74,0,74,668,8,676
Haryana,2008,C.H. Not Amounting To Murder,0,0,0,113,2,115,73,3,76,18,0,18,204,5,209
Haryana,2008,Rape,3,0,3,368,4,372,159,1,160,23,0,23,553,5,558
Haryana,2008,Kidnapping And Abduction,0,1,1,330,11,341,68,12,80,10,0,10,408,24,432
Haryana,2008,Dacoity,4,0,4,310,0,310,121,1,122,39,0,39,474,1,475
Haryana,2008,Prep. And Assembly For Dacoity,2,0,2,279,0,279,89,0,89,10,0,10,380,0,380
Haryana,2008,Robbery,3,0,3,124,0,124,89,0,89,12,0,12,228,0,228
Haryana,2008,Burglary,1,0,1,43,0,43,24,0,24,0,0,0,68,0,68
Haryana,2008,Thefts,12,0,12,480,8,488,321,5,326,39,0,39,852,13,865
Haryana,2008,Extortion,0,0,0,28,0,28,10,0,10,0,0,0,38,0,38
Haryana,2008,Riots,0,0,0,77,0,77,50,0,50,3,0,3,130,0,130
Haryana,2008,Arson,0,0,0,8,1,9,6,0,6,7,0,7,21,1,22
Haryana,2008,Criminal Breach Of Trust,0,0,0,5,0,5,20,2,22,10,1,11,35,3,38
Haryana,2008,Cheating,1,0,1,48,1,49,53,4,57,18,1,19,120,6,126
Haryana,2008,Counter Feiting,0,0,0,42,0,42,25,0,25,2,0,2,69,0,69
Haryana,2008,Dowry Deaths,0,0,0,156,20,176,135,72,207,61,26,87,352,118,470
Haryana,2008,Molestation,0,0,0,10,0,10,7,0,7,0,0,0,17,0,17
Haryana,2008,Eve-Teasing,0,0,0,7,0,7,2,0,2,0,0,0,9,0,9
Haryana,2008,Cruelty By Husband Or Relative Of Husband,0,0,0,49,2,51,28,22,50,9,5,14,86,29,115
Haryana,2008,Other Ipc Crimes,0,0,0,157,16,173,124,7,131,58,2,60,339,25,364
Haryana,2009,Murder,0,0,0,853,38,891,863,58,921,178,8,186,1894,104,1998
Haryana,2009,Attempt To Commit Murder,0,0,0,213,4,217,267,3,270,69,2,71,549,9,558
Haryana,2009,C.H. Not Amounting To Murder,0,0,0,51,0,51,79,0,79,17,0,17,147,0,147
Haryana,2009,Rape,0,0,0,309,1,310,241,0,241,21,0,21,571,1,572
Haryana,2009,Kidnapping And Abduction,0,0,0,133,4,137,87,3,90,17,2,19,237,9,246
Haryana,2009,Dacoity,0,0,0,157,0,157,152,0,152,34,0,34,343,0,343
Haryana,2009,Prep. And Assembly For Dacoity,0,0,0,131,0,131,198,0,198,27,0,27,356,0,356
Haryana,2009,Robbery,0,0,0,161,0,161,145,0,145,18,0,18,324,0,324
Haryana,2009,Burglary,0,0,0,123,0,123,71,0,71,3,0,3,197,0,197
Haryana,2009,Thefts,0,3,3,546,9,555,351,10,361,67,3,70,964,25,989
Haryana,2009,Extortion,0,0,0,9,0,9,18,0,18,3,0,3,30,0,30
Haryana,2009,Riots,0,0,0,22,0,22,39,0,39,12,0,12,73,0,73
Haryana,2009,Arson,0,0,0,7,0,7,3,0,3,2,0,2,12,0,12
Haryana,2009,Criminal Breach Of Trust,0,0,0,7,0,7,10,0,10,0,0,0,17,0,17
Haryana,2009,Cheating,0,0,0,42,0,42,76,3,79,26,0,26,144,3,147
Haryana,2009,Counter Feiting,0,0,0,8,0,8,4,0,4,1,0,1,13,0,13
Haryana,2009,Dowry Deaths,0,0,0,173,13,186,152,65,217,85,41,126,410,119,529
Haryana,2009,Molestation,0,0,0,10,0,10,4,0,4,0,0,0,14,0,14
Haryana,2009,Eve-Teasing,0,0,0,0,0,0,0,0,0,0,0,0,0,0,0
Haryana,2009,Cruelty By Husband Or Relative Of Husband,0,0,0,38,0,38,51,18,69,18,7,25,107,25,132
Haryana,2009,Other Ipc Crimes,0,0,0,77,4,81,73,2,75,35,1,36,185,7,192
Haryana,2010,Murder,2,0,2,833,35,868,723,65,788,253,24,277,1811,124,1935
Haryana,2010,Attempt To Commit Murder,0,0,0,257,6,263,233,6,239,86,2,88,576,14,590
Haryana,2010,C.H. Not Amounting To Murder,0,0,0,41,1,42,43,7,50,15,0,15,99,8,107
Haryana,2010,Rape,0,0,0,367,1,368,180,4,184,16,0,16,563,5,568
Haryana,2010,Kidnapping And Abduction,0,0,0,206,4,210,102,0,102,12,0,12,320,4,324
Haryana,2010,Dacoity,0,0,0,266,0,266,150,2,152,24,0,24,440,2,442
Haryana,2010,Prep. And Assembly For Dacoity,0,0,0,125,0,125,69,0,69,8,0,8,202,0,202
Haryana,2010,Robbery,0,0,0,272,0,272,148,2,150,17,0,17,437,2,439
Haryana,2010,Burglary,0,0,0,64,0,64,21,0,21,1,0,1,86,0,86
Haryana,2010,Thefts,7,4,11,647,5,652,301,6,307,43,0,43,998,15,1013
Haryana,2010,Extortion,0,0,0,6,0,6,2,0,2,0,0,0,8,0,8
Haryana,2010,Riots,0,0,0,16,0,16,13,0,13,8,0,8,37,0,37
Haryana,2010,Arson,0,0,0,12,0,12,9,0,9,6,0,6,27,0,27
Haryana,2010,Criminal Breach Of Trust,0,0,0,9,0,9,17,0,17,9,0,9,35,0,35
Haryana,2010,Cheating,0,0,0,45,1,46,58,5,63,19,1,20,122,7,129
Haryana,2010,Counter Feiting,0,0,0,4,0,4,2,0,2,2,0,2,8,0,8
Haryana,2010,Dowry Deaths,0,0,0,174,14,188,128,47,175,123,31,154,425,92,517
Haryana,2010,Molestation,0,0,0,22,0,22,12,0,12,1,0,1,35,0,35
Haryana,2010,Eve-Teasing,0,0,0,0,0,0,3,0,3,0,0,0,3,0,3
Haryana,2010,Cruelty By Husband Or Relative Of Husband,0,0,0,51,1,52,57,23,80,16,8,24,124,32,156
Haryana,2010,Other Ipc Crimes,0,0,0,0,5,5,166,3,169,40,0,40,206,8,214
Haryana,2011,Murder,0,0,0,1004,63,1067,797,70,867,284,26,310,2085,159,2244
Haryana,2011,Attempt To Commit Murder,0,0,0,391,4,395,279,7,286,82,4,86,752,15,767
Haryana,2011,C.H. Not Amounting To Murder,0,0,0,36,2,38,45,5,50,4,1,5,85,8,93
Haryana,2011,Rape,0,0,0,477,1,478,188,0,188,14,0,14,679,1,680
Haryana,2011,Kidnapping And Abduction,0,0,0,163,3,166,94,2,96,9,0,9,266,5,271
Haryana,2011,Dacoity,0,0,0,296,0,296,117,0,117,5,0,5,418,0,418
Haryana,2011,Prep. And Assembly For Dacoity,0,0,0,83,0,83,55,0,55,1,0,1,139,0,139
Haryana,2011,Robbery,0,0,0,335,1,336,133,0,133,8,0,8,476,1,477
Haryana,2011,Burglary,0,0,0,105,0,105,37,0,37,10,0,10,152,0,152
Haryana,2011,Thefts,0,0,0,740,7,747,325,4,329,29,0,29,1094,11,1105
Haryana,2011,Extortion,0,0,0,51,0,51,26,0,26,4,0,4,81,0,81
Haryana,2011,Riots,0,0,0,44,1,45,12,0,12,6,0,6,62,1,63
Haryana,2011,Arson,0,0,0,18,0,18,6,0,6,1,0,1,25,0,25
Haryana,2011,Criminal Breach Of Trust,0,0,0,26,0,26,16,0,16,9,0,9,51,0,51
Haryana,2011,Cheating,0,0,0,76,2,78,92,5,97,32,1,33,200,8,208
Haryana,2011,Counter Feiting,0,0,0,3,0,3,1,0,1,2,0,2,6,0,6
Haryana,2011,Dowry Deaths,0,0,0,196,7,203,134,44,178,104,69,173,434,120,554
Haryana,2011,Molestation,0,0,0,12,0,12,1,0,1,0,0,0,13,0,13
Haryana,2011,Eve-Teasing,0,0,0,0,0,0,0,0,0,0,0,0,0,0,0
Haryana,2011,Cruelty By Husband Or Relative Of Husband,0,0,0,60,2,62,50,0,50,13,1,14,123,3,126
Haryana,2011,Other Ipc Crimes,0,0,0,87,4,91,48,3,51,25,4,29,160,11,171
Haryana,2012,Murder,3,0,3,898,62,960,930,67,997,300,38,338,2131,167,2298
Haryana,2012,Attempt To Commit Murder,0,0,0,461,8,469,399,9,408,117,4,121,977,21,998
Haryana,2012,C.H. Not Amounting To Murder,0,0,0,45,4,49,49,6,55,14,0,14,108,10,118
Haryana,2012,Rape,7,0,7,436,6,442,216,8,224,36,2,38,695,16,711
Haryana,2012,Kidnapping And Abduction,0,0,0,342,7,349,240,7,247,16,1,17,598,15,613
Haryana,2012,Dacoity,4,0,4,383,1,384,232,6,238,14,0,14,633,7,640
Haryana,2012,Prep. And Assembly For Dacoity,0,0,0,149,1,150,48,0,48,12,0,12,209,1,210
Haryana,2012,Robbery,0,0,0,314,0,314,257,2,259,10,0,10,581,2,583
Haryana,2012,Burglary,0,0,0,129,3,132,75,0,75,6,0,6,210,3,213
Haryana,2012,Thefts,13,0,13,708,12,720,416,14,430,50,2,52,1187,28,1215
Haryana,2012,Extortion,0,0,0,34,0,34,10,0,10,3,0,3,47,0,47
Haryana,2012,Riots,0,0,0,86,1,87,28,7,35,54,0,54,168,8,176
Haryana,2012,Arson,0,0,0,11,0,11,16,0,16,1,0,1,28,0,28
Haryana,2012,Criminal Breach Of Trust,0,0,0,27,1,28,13,0,13,16,1,17,56,2,58
Haryana,2012,Cheating,0,0,0,73,2,75,87,2,89,44,1,45,204,5,209
Haryana,2012,Counter Feiting,0,0,0,7,0,7,7,0,7,0,0,0,14,0,14
Haryana,2012,Dowry Deaths,0,0,0,154,36,190,153,44,197,135,75,210,442,155,597
Haryana,2012,Molestation,0,0,0,30,0,30,20,0,20,0,0,0,50,0,50
Haryana,2012,Eve-Teasing,0,0,0,2,0,2,0,0,0,0,0,0,2,0,2
Haryana,2012,Cruelty By Husband Or Relative Of Husband,0,0,0,104,0,104,99,4,103,39,1,40,242,5,247
Haryana,2012,Other Ipc Crimes,0,0,0,56,2,58,66,1,67,125,0,125,247,3,250
Himachal Pradesh,2001,Murder,0,0,0,52,1,53,45,0,45,32,0,32,129,1,130
Himachal Pradesh,2001,Attempt To Commit Murder,0,0,0,37,2,39,39,1,40,26,2,28,102,5,107
Himachal Pradesh,2001,C.H. Not Amounting To Murder,0,0,0,33,2,35,34,2,36,23,1,24,90,5,95
Himachal Pradesh,2001,Rape,0,0,0,35,0,35,20,0,20,17,0,17,72,0,72
Himachal Pradesh,2001,Kidnapping And Abduction,0,0,0,6,0,6,4,0,4,0,0,0,10,0,10
Himachal Pradesh,2001,Dacoity,0,0,0,1,0,1,6,0,6,8,0,8,15,0,15
Himachal Pradesh,2001,Prep. And Assembly For Dacoity,0,0,0,0,0,0,0,0,0,0,0,0,0,0,0
Himachal Pradesh,2001,Robbery,0,0,0,0,0,0,0,0,0,0,0,0,0,0,0
Himachal Pradesh,2001,Burglary,0,0,0,0,0,0,0,0,0,0,0,0,0,0,0
Himachal Pradesh,2001,Thefts,0,0,0,8,0,8,13,0,13,0,0,0,21,0,21
Himachal Pradesh,2001,Extortion,0,0,0,0,0,0,0,0,0,0,0,0,0,0,0
Himachal Pradesh,2001,Riots,0,0,0,0,0,0,0,0,0,0,0,0,0,0,0
Himachal Pradesh,2001,Arson,0,0,0,0,0,0,0,0,0,0,0,0,0,0,0
Himachal Pradesh,2001,Criminal Breach Of Trust,0,0,0,0,0,0,0,0,0,0,0,0,0,0,0
Himachal Pradesh,2001,Cheating,0,0,0,0,0,0,0,0,0,0,0,0,0,0,0
Himachal Pradesh,2001,Counter Feiting,0,0,0,8,0,8,14,0,14,5,0,5,27,0,27
Himachal Pradesh,2001,Dowry Deaths,0,0,0,0,0,0,0,0,0,0,0,0,0,0,0
Himachal Pradesh,2001,Molestation,0,0,0,0,0,0,0,0,0,0,0,0,0,0,0
Himachal Pradesh,2001,Eve-Teasing,0,0,0,0,0,0,0,0,0,0,0,0,0,0,0
Himachal Pradesh,2001,Cruelty By Husband Or Relative Of Husband,0,0,0,0,0,0,0,0,0,0,0,0,0,0,0
Himachal Pradesh,2001,Other Ipc Crimes,0,0,0,0,0,0,0,0,0,0,0,0,0,0,0
Himachal Pradesh,2002,Murder,0,0,0,72,1,73,31,0,31,3,0,3,106,1,107
Himachal Pradesh,2002,Attempt To Commit Murder,0,0,0,10,0,10,3,1,4,3,0,3,16,1,17
Himachal Pradesh,2002,C.H. Not Amounting To Murder,0,0,0,5,1,6,5,1,6,0,0,0,10,2,12
Himachal Pradesh,2002,Rape,1,0,1,31,0,31,12,0,12,1,0,1,45,0,45
Himachal Pradesh,2002,Kidnapping And Abduction,0,0,0,17,0,17,2,2,4,1,0,1,20,2,22
Himachal Pradesh,2002,Dacoity,0,0,0,0,0,0,0,0,0,0,0,0,0,0,0
Himachal Pradesh,2002,Prep. And Assembly For Dacoity,0,0,0,0,0,0,0,0,0,0,0,0,0,0,0
Himachal Pradesh,2002,Robbery,0,0,0,7,0,7,1,0,1,0,0,0,8,0,8
Himachal Pradesh,2002,Burglary,0,0,0,3,0,3,0,0,0,0,0,0,3,0,3
Himachal Pradesh,2002,Thefts,0,0,0,16,0,16,7,1,8,0,0,0,23,1,24
Himachal Pradesh,2002,Extortion,0,0,0,0,0,0,0,0,0,0,0,0,0,0,0
Himachal Pradesh,2002,Riots,0,0,0,10,0,10,0,0,0,0,0,0,10,0,10
Himachal Pradesh,2002,Arson,0,0,0,0,0,0,0,0,0,0,0,0,0,0,0
Himachal Pradesh,2002,Criminal Breach Of Trust,0,0,0,0,0,0,0,0,0,0,0,0,0,0,0
Himachal Pradesh,2002,Cheating,0,0,0,1,0,1,5,0,5,0,0,0,6,0,6
Himachal Pradesh,2002,Counter Feiting,0,0,0,0,0,0,0,0,0,0,0,0,0,0,0
Himachal Pradesh,2002,Dowry Deaths,0,0,0,0,0,0,1,0,1,0,0,0,1,0,1
Himachal Pradesh,2002,Molestation,0,0,0,0,0,0,0,0,0,0,0,0,0,0,0
Himachal Pradesh,2002,Eve-Teasing,0,0,0,0,0,0,0,0,0,0,0,0,0,0,0
Himachal Pradesh,2002,Cruelty By Husband Or Relative Of Husband,0,0,0,2,0,2,2,0,2,1,0,1,5,0,5
Himachal Pradesh,2002,Other Ipc Crimes,0,0,0,2,0,2,1,0,1,0,0,0,3,0,3
Himachal Pradesh,2003,Murder,2,0,2,73,2,75,45,6,51,5,1,6,125,9,134
Himachal Pradesh,2003,Attempt To Commit Murder,0,0,0,5,0,5,1,0,1,3,0,3,9,0,9
Himachal Pradesh,2003,C.H. Not Amounting To Murder,0,0,0,0,0,0,0,0,0,0,0,0,0,0,0
Himachal Pradesh,2003,Rape,0,0,0,29,0,29,19,0,19,1,0,1,49,0,49
Himachal Pradesh,2003,Kidnapping And Abduction,0,0,0,2,1,3,2,1,3,0,0,0,4,2,6
Himachal Pradesh,2003,Dacoity,0,0,0,5,0,5,1,0,1,0,0,0,6,0,6
Himachal Pradesh,2003,Prep. And Assembly For Dacoity,0,0,0,0,0,0,0,0,0,0,0,0,0,0,0
Himachal Pradesh,2003,Robbery,1,0,1,4,0,4,2,0,2,0,0,0,7,0,7
Himachal Pradesh,2003,Burglary,1,0,1,10,0,10,2,0,2,1,0,1,14,0,14
Himachal Pradesh,2003,Thefts,0,0,0,10,0,10,8,0,8,0,0,0,18,0,18
Himachal Pradesh,2003,Extortion,0,0,0,0,0,0,0,0,0,0,0,0,0,0,0
Himachal Pradesh,2003,Riots,0,0,0,19,0,19,0,0,0,0,0,0,19,0,19
Himachal Pradesh,2003,Arson,0,0,0,0,0,0,0,0,0,0,0,0,0,0,0
Himachal Pradesh,2003,Criminal Breach Of Trust,0,0,0,1,0,1,1,0,1,0,0,0,2,0,2
Himachal Pradesh,2003,Cheating,0,0,0,1,0,1,1,0,1,0,0,0,2,0,2
Himachal Pradesh,2003,Counter Feiting,0,0,0,0,0,0,1,0,1,0,0,0,1,0,1
Himachal Pradesh,2003,Dowry Deaths,0,0,0,0,0,0,0,0,0,0,0,0,0,0,0
Himachal Pradesh,2003,Molestation,0,0,0,0,0,0,0,0,0,0,0,0,0,0,0
Himachal Pradesh,2003,Eve-Teasing,0,0,0,0,0,0,0,0,0,0,0,0,0,0,0
Himachal Pradesh,2003,Cruelty By Husband Or Relative Of Husband,0,0,0,1,0,1,2,0,2,0,0,0,3,0,3
Himachal Pradesh,2003,Other Ipc Crimes,0,0,0,6,0,6,4,1,5,3,0,3,13,1,14
Himachal Pradesh,2004,Murder,0,0,0,76,2,78,42,2,44,4,2,6,122,6,128
Himachal Pradesh,2004,Attempt To Commit Murder,0,0,0,14,0,14,5,0,5,0,0,0,19,0,19
Himachal Pradesh,2004,C.H. Not Amounting To Murder,0,0,0,5,0,5,0,0,0,0,0,0,5,0,5
Himachal Pradesh,2004,Rape,1,0,1,46,0,46,18,0,18,4,0,4,69,0,69
Himachal Pradesh,2004,Kidnapping And Abduction,0,0,0,4,1,5,0,0,0,0,0,0,4,1,5
Himachal Pradesh,2004,Dacoity,0,0,0,5,0,5,1,0,1,0,0,0,6,0,6
Himachal Pradesh,2004,Prep. And Assembly For Dacoity,0,0,0,0,0,0,0,0,0,0,0,0,0,0,0
Himachal Pradesh,2004,Robbery,0,0,0,4,0,4,0,0,0,0,0,0,4,0,4
Himachal Pradesh,2004,Burglary,0,0,0,1,0,1,1,0,1,0,0,0,2,0,2
Himachal Pradesh,2004,Thefts,0,0,0,20,0,20,9,0,9,0,0,0,29,0,29
Himachal Pradesh,2004,Extortion,0,0,0,0,0,0,0,0,0,0,0,0,0,0,0
Himachal Pradesh,2004,Riots,0,0,0,0,0,0,0,0,0,0,0,0,0,0,0
Himachal Pradesh,2004,Arson,0,0,0,0,0,0,0,0,0,0,0,0,0,0,0
Himachal Pradesh,2004,Criminal Breach Of Trust,0,0,0,0,0,0,0,0,0,0,0,0,0,0,0
Himachal Pradesh,2004,Cheating,1,0,1,2,0,2,0,0,0,0,0,0,3,0,3
Himachal Pradesh,2004,Counter Feiting,0,0,0,0,0,0,0,0,0,0,0,0,0,0,0
Himachal Pradesh,2004,Dowry Deaths,0,0,0,1,0,1,3,0,3,2,0,2,6,0,6
Himachal Pradesh,2004,Molestation,0,0,0,0,0,0,0,0,0,0,0,0,0,0,0
Himachal Pradesh,2004,Eve-Teasing,0,0,0,0,0,0,0,0,0,0,0,0,0,0,0
Himachal Pradesh,2004,Cruelty By Husband Or Relative Of Husband,0,0,0,1,0,1,6,1,7,1,1,2,8,2,10
Himachal Pradesh,2004,Other Ipc Crimes,0,0,0,5,0,5,4,0,4,1,0,1,10,0,10
Himachal Pradesh,2005,Murder,5,0,5,64,4,68,47,1,48,10,2,12,126,7,133
Himachal Pradesh,2005,Attempt To Commit Murder,0,0,0,14,0,14,5,1,6,0,1,1,19,2,21
Himachal Pradesh,2005,C.H. Not Amounting To Murder,0,0,0,11,0,11,5,0,5,1,0,1,17,0,17
Himachal Pradesh,2005,Rape,0,0,0,43,0,43,15,1,16,2,0,2,60,1,61
Himachal Pradesh,2005,Kidnapping And Abduction,0,0,0,12,1,13,5,0,5,0,0,0,17,1,18
Himachal Pradesh,2005,Dacoity,0,0,0,12,0,12,0,0,0,0,0,0,12,0,12
Himachal Pradesh,2005,Prep. And Assembly For Dacoity,0,0,0,0,0,0,0,0,0,0,0,0,0,0,0
Himachal Pradesh,2005,Robbery,0,0,0,9,0,9,3,0,3,0,0,0,12,0,12
Himachal Pradesh,2005,Burglary,0,0,0,10,0,10,6,0,6,0,0,0,16,0,16
Himachal Pradesh,2005,Thefts,4,0,4,39,0,39,14,0,14,1,0,1,58,0,58
Himachal Pradesh,2005,Extortion,0,0,0,0,0,0,0,0,0,0,0,0,0,0,0
Himachal Pradesh,2005,Riots,0,0,0,0,0,0,0,0,0,0,0,0,0,0,0
Himachal Pradesh,2005,Arson,0,0,0,1,0,1,0,0,0,0,0,0,1,0,1
Himachal Pradesh,2005,Criminal Breach Of Trust,0,0,0,0,0,0,1,0,1,0,0,0,1,0,1
Himachal Pradesh,2005,Cheating,0,0,0,1,0,1,2,0,2,0,0,0,3,0,3
Himachal Pradesh,2005,Counter Feiting,0,0,0,0,0,0,1,0,1,0,0,0,1,0,1
Himachal Pradesh,2005,Dowry Deaths,0,0,0,1,0,1,0,0,0,0,0,0,1,0,1
Himachal Pradesh,2005,Molestation,0,0,0,0,0,0,0,0,0,0,0,0,0,0,0
Himachal Pradesh,2005,Eve-Teasing,0,0,0,0,0,0,1,0,1,0,0,0,1,0,1
Himachal Pradesh,2005,Cruelty By Husband Or Relative Of Husband,0,0,0,3,1,4,2,0,2,1,1,2,6,2,8
Himachal Pradesh,2005,Other Ipc Crimes,0,0,0,2,0,2,3,0,3,1,0,1,6,0,6
Himachal Pradesh,2006,Murder,0,0,0,108,4,112,43,3,46,9,1,10,160,8,168
Himachal Pradesh,2006,Attempt To Commit Murder,1,0,1,16,0,16,10,0,10,1,0,1,28,0,28
Himachal Pradesh,2006,C.H. Not Amounting To Murder,0,0,0,2,0,2,1,0,1,0,0,0,3,0,3
Himachal Pradesh,2006,Rape,2,0,2,27,1,28,11,0,11,2,0,2,42,1,43
Himachal Pradesh,2006,Kidnapping And Abduction,0,0,0,7,1,8,1,0,1,0,0,0,8,1,9
Himachal Pradesh,2006,Dacoity,0,0,0,5,0,5,3,0,3,0,0,0,8,0,8
Himachal Pradesh,2006,Prep. And Assembly For Dacoity,0,0,0,0,0,0,0,0,0,0,0,0,0,0,0
Himachal Pradesh,2006,Robbery,3,0,3,11,0,11,0,0,0,0,0,0,14,0,14
Himachal Pradesh,2006,Burglary,0,0,0,5,0,5,1,0,1,1,0,1,7,0,7
Himachal Pradesh,2006,Thefts,0,0,0,23,0,23,11,0,11,1,0,1,35,0,35
Himachal Pradesh,2006,Extortion,0,0,0,0,0,0,0,0,0,0,0,0,0,0,0
Himachal Pradesh,2006,Riots,0,0,0,0,0,0,0,0,0,0,0,0,0,0,0
Himachal Pradesh,2006,Arson,0,0,0,0,0,0,0,0,0,0,0,0,0,0,0
Himachal Pradesh,2006,Criminal Breach Of Trust,0,0,0,0,0,0,0,0,0,0,0,0,0,0,0
Himachal Pradesh,2006,Cheating,0,0,0,4,0,4,0,0,0,0,0,0,4,0,4
Himachal Pradesh,2006,Counter Feiting,0,0,0,2,0,2,0,0,0,0,0,0,2,0,2
Himachal Pradesh,2006,Dowry Deaths,0,0,0,4,0,4,1,0,1,0,0,0,5,0,5
Himachal Pradesh,2006,Molestation,0,0,0,0,0,0,0,0,0,0,0,0,0,0,0
Himachal Pradesh,2006,Eve-Teasing,0,0,0,0,0,0,0,0,0,0,0,0,0,0,0
Himachal Pradesh,2006,Cruelty By Husband Or Relative Of Husband,0,0,0,4,0,4,2,2,4,2,0,2,8,2,10
Himachal Pradesh,2006,Other Ipc Crimes,0,0,0,12,0,12,12,0,12,1,0,1,25,0,25
Himachal Pradesh,2007,Murder,0,0,0,66,6,72,55,3,58,6,0,6,127,9,136
Himachal Pradesh,2007,Attempt To Commit Murder,0,0,0,8,0,8,3,0,3,1,0,1,12,0,12
Himachal Pradesh,2007,C.H. Not Amounting To Murder,0,0,0,6,0,6,2,0,2,0,0,0,8,0,8
Himachal Pradesh,2007,Rape,0,0,0,49,0,49,23,1,24,5,0,5,77,1,78
Himachal Pradesh,2007,Kidnapping And Abduction,0,0,0,6,0,6,1,0,1,0,0,0,7,0,7
Himachal Pradesh,2007,Dacoity,0,0,0,13,0,13,1,0,1,0,0,0,14,0,14
Himachal Pradesh,2007,Prep. And Assembly For Dacoity,0,0,0,0,0,0,7,0,7,0,0,0,7,0,7
Himachal Pradesh,2007,Robbery,0,0,0,3,0,3,2,0,2,0,0,0,5,0,5
Himachal Pradesh,2007,Burglary,0,0,0,1,0,1,1,0,1,1,0,1,3,0,3
Himachal Pradesh,2007,Thefts,0,0,0,29,0,29,26,0,26,2,0,2,57,0,57
Himachal Pradesh,2007,Extortion,0,0,0,1,0,1,1,0,1,0,0,0,2,0,2
Himachal Pradesh,2007,Riots,0,0,0,9,0,9,0,0,0,1,0,1,10,0,10
Himachal Pradesh,2007,Arson,0,0,0,1,0,1,0,0,0,1,0,1,2,0,2
Himachal Pradesh,2007,Criminal Breach Of Trust,0,0,0,0,0,0,0,0,0,0,0,0,0,0,0
Himachal Pradesh,2007,Cheating,0,0,0,0,0,0,0,0,0,0,0,0,0,0,0
Himachal Pradesh,2007,Counter Feiting,0,0,0,1,0,1,0,1,1,0,0,0,1,1,2
Himachal Pradesh,2007,Dowry Deaths,0,0,0,0,2,2,2,0,2,1,0,1,3,2,5
Himachal Pradesh,2007,Molestation,0,0,0,0,0,0,0,0,0,0,0,0,0,0,0
Himachal Pradesh,2007,Eve-Teasing,0,0,0,0,0,0,0,0,0,0,0,0,0,0,0
Himachal Pradesh,2007,Cruelty By Husband Or Relative Of Husband,0,0,0,7,1,8,10,1,11,2,1,3,19,3,22
Himachal Pradesh,2007,Other Ipc Crimes,0,0,0,10,0,10,14,3,17,6,0,6,30,3,33
Himachal Pradesh,2008,Murder,0,0,0,71,3,74,65,6,71,12,2,14,148,11,159
Himachal Pradesh,2008,Attempt To Commit Murder,0,0,0,10,2,12,4,0,4,1,0,1,15,2,17
Himachal Pradesh,2008,C.H. Not Amounting To Murder,0,0,0,6,0,6,7,0,7,1,1,2,14,1,15
Himachal Pradesh,2008,Rape,0,0,0,56,0,56,29,0,29,7,0,7,92,0,92
Himachal Pradesh,2008,Kidnapping And Abduction,0,0,0,1,0,1,0,0,0,1,0,1,2,0,2
Himachal Pradesh,2008,Dacoity,0,0,0,22,0,22,3,0,3,0,0,0,25,0,25
Himachal Pradesh,2008,Prep. And Assembly For Dacoity,0,0,0,0,0,0,0,0,0,0,0,0,0,0,0
Himachal Pradesh,2008,Robbery,0,0,0,9,0,9,2,0,2,0,0,0,11,0,11
Himachal Pradesh,2008,Burglary,0,0,0,7,0,7,2,0,2,0,0,0,9,0,9
Himachal Pradesh,2008,Thefts,0,0,0,34,0,34,15,0,15,0,0,0,49,0,49
Himachal Pradesh,2008,Extortion,0,0,0,1,0,1,1,0,1,0,0,0,2,0,2
Himachal Pradesh,2008,Riots,0,0,0,0,0,0,0,0,0,0,0,0,0,0,0
Himachal Pradesh,2008,Arson,0,0,0,0,0,0,0,0,0,0,0,0,0,0,0
Himachal Pradesh,2008,Criminal Breach Of Trust,0,0,0,2,0,2,0,0,0,5,0,5,7,0,7
Himachal Pradesh,2008,Cheating,0,0,0,5,0,5,2,0,2,3,0,3,10,0,10
Himachal Pradesh,2008,Counter Feiting,0,0,0,2,0,2,1,0,1,0,0,0,3,0,3
Himachal Pradesh,2008,Dowry Deaths,0,0,0,0,0,0,1,0,1,0,0,0,1,0,1
Himachal Pradesh,2008,Molestation,0,0,0,1,0,1,0,0,0,0,0,0,1,0,1
Himachal Pradesh,2008,Eve-Teasing,0,0,0,2,0,2,0,0,0,0,0,0,2,0,2
Himachal Pradesh,2008,Cruelty By Husband Or Relative Of Husband,0,0,0,5,2,7,10,2,12,1,4,5,16,8,24
Himachal Pradesh,2008,Other Ipc Crimes,0,0,0,8,0,8,6,0,6,2,0,2,16,0,16
Himachal Pradesh,2009,Murder,0,0,0,109,1,110,68,3,71,11,1,12,188,5,193
Himachal Pradesh,2009,Attempt To Commit Murder,0,0,0,24,1,25,6,0,6,5,0,5,35,1,36
Himachal Pradesh,2009,C.H. Not Amounting To Murder,0,0,0,4,0,4,4,0,4,0,0,0,8,0,8
Himachal Pradesh,2009,Rape,0,0,0,75,0,75,37,0,37,5,0,5,117,0,117
Himachal Pradesh,2009,Kidnapping And Abduction,0,0,0,3,0,3,6,0,6,0,0,0,9,0,9
Himachal Pradesh,2009,Dacoity,0,0,0,27,0,27,5,0,5,0,0,0,32,0,32
Himachal Pradesh,2009,Prep. And Assembly For Dacoity,0,0,0,4,0,4,0,0,0,0,0,0,4,0,4
Himachal Pradesh,2009,Robbery,0,0,0,0,0,0,0,0,0,0,0,0,0,0,0
Himachal Pradesh,2009,Burglary,0,0,0,4,0,4,1,0,1,0,0,0,5,0,5
Himachal Pradesh,2009,Thefts,0,0,0,33,0,33,14,0,14,1,0,1,48,0,48
Himachal Pradesh,2009,Extortion,0,0,0,0,0,0,1,0,1,0,0,0,1,0,1
Himachal Pradesh,2009,Riots,0,0,0,0,0,0,0,0,0,0,0,0,0,0,0
Himachal Pradesh,2009,Arson,0,0,0,3,0,3,0,0,0,0,0,0,3,0,3
Himachal Pradesh,2009,Criminal Breach Of Trust,0,0,0,1,0,1,0,0,0,0,0,0,1,0,1
Himachal Pradesh,2009,Cheating,0,0,0,1,0,1,0,0,0,0,0,0,1,0,1
Himachal Pradesh,2009,Counter Feiting,0,0,0,3,0,3,0,0,0,0,0,0,3,0,3
Himachal Pradesh,2009,Dowry Deaths,0,0,0,1,0,1,1,0,1,0,0,0,2,0,2
Himachal Pradesh,2009,Molestation,0,0,0,0,0,0,0,0,0,0,0,0,0,0,0
Himachal Pradesh,2009,Eve-Teasing,0,0,0,0,0,0,0,0,0,0,0,0,0,0,0
Himachal Pradesh,2009,Cruelty By Husband Or Relative Of Husband,0,0,0,5,1,6,9,2,11,3,2,5,17,5,22
Himachal Pradesh,2009,Other Ipc Crimes,0,0,0,4,0,4,10,0,10,1,0,1,15,0,15
Himachal Pradesh,2010,Murder,0,0,0,82,11,93,45,3,48,21,2,23,148,16,164
Himachal Pradesh,2010,Attempt To Commit Murder,0,0,0,17,0,17,7,0,7,0,1,1,24,1,25
Himachal Pradesh,2010,C.H. Not Amounting To Murder,0,0,0,1,0,1,0,0,0,0,0,0,1,0,1
Himachal Pradesh,2010,Rape,0,0,0,75,0,75,25,0,25,3,0,3,103,0,103
Himachal Pradesh,2010,Kidnapping And Abduction,0,0,0,7,0,7,2,0,2,0,0,0,9,0,9
Himachal Pradesh,2010,Dacoity,0,0,0,2,0,2,4,0,4,0,0,0,6,0,6
Himachal Pradesh,2010,Prep. And Assembly For Dacoity,0,0,0,0,0,0,0,0,0,0,0,0,0,0,0
Himachal Pradesh,2010,Robbery,0,0,0,21,0,21,4,0,4,0,0,0,25,0,25
Himachal Pradesh,2010,Burglary,0,0,0,6,0,6,0,0,0,0,0,0,6,0,6
Himachal Pradesh,2010,Thefts,0,0,0,16,0,16,4,0,4,1,0,1,21,0,21
Himachal Pradesh,2010,Extortion,0,0,0,0,0,0,0,0,0,0,0,0,0,0,0
Himachal Pradesh,2010,Riots,0,0,0,0,0,0,0,0,0,0,0,0,0,0,0
Himachal Pradesh,2010,Arson,0,0,0,0,0,0,0,0,0,0,0,0,0,0,0
Himachal Pradesh,2010,Criminal Breach Of Trust,0,0,0,0,0,0,0,0,0,0,0,0,0,0,0
Himachal Pradesh,2010,Cheating,0,0,0,4,0,4,3,0,3,0,0,0,7,0,7
Himachal Pradesh,2010,Counter Feiting,0,0,0,2,0,2,0,0,0,0,0,0,2,0,2
Himachal Pradesh,2010,Dowry Deaths,0,0,0,2,0,2,0,0,0,0,0,0,2,0,2
Himachal Pradesh,2010,Molestation,0,0,0,0,0,0,0,0,0,0,0,0,0,0,0
Himachal Pradesh,2010,Eve-Teasing,0,0,0,0,0,0,0,0,0,0,0,0,0,0,0
Himachal Pradesh,2010,Cruelty By Husband Or Relative Of Husband,0,0,0,3,0,3,6,0,6,1,0,1,10,0,10
Himachal Pradesh,2010,Other Ipc Crimes,0,0,0,9,0,9,6,0,6,0,1,1,15,1,16
Himachal Pradesh,2011,Murder,0,0,0,90,6,96,68,10,78,14,0,14,172,16,188
Himachal Pradesh,2011,Attempt To Commit Murder,0,0,0,11,0,11,2,0,2,2,0,2,15,0,15
Himachal Pradesh,2011,C.H. Not Amounting To Murder,0,0,0,9,0,9,3,0,3,0,0,0,12,0,12
Himachal Pradesh,2011,Rape,0,0,0,69,2,71,36,0,36,4,0,4,109,2,111
Himachal Pradesh,2011,Kidnapping And Abduction,0,0,0,12,0,12,6,0,6,2,0,2,20,0,20
Himachal Pradesh,2011,Dacoity,0,0,0,9,0,9,0,0,0,0,0,0,9,0,9
Himachal Pradesh,2011,Prep. And Assembly For Dacoity,0,0,0,0,0,0,0,0,0,0,0,0,0,0,0
Himachal Pradesh,2011,Robbery,0,0,0,0,0,0,1,0,1,0,0,0,1,0,1
Himachal Pradesh,2011,Burglary,0,0,0,2,0,2,2,0,2,0,0,0,4,0,4
Himachal Pradesh,2011,Thefts,0,0,0,32,0,32,10,0,10,0,0,0,42,0,42
Himachal Pradesh,2011,Extortion,0,0,0,0,0,0,0,0,0,0,0,0,0,0,0
Himachal Pradesh,2011,Riots,0,0,0,0,0,0,0,0,0,0,0,0,0,0,0
Himachal Pradesh,2011,Arson,0,0,0,0,0,0,0,0,0,0,0,0,0,0,0
Himachal Pradesh,2011,Criminal Breach Of Trust,0,0,0,2,0,2,2,0,2,1,0,1,5,0,5
Himachal Pradesh,2011,Cheating,0,0,0,2,0,2,0,0,0,0,0,0,2,0,2
Himachal Pradesh,2011,Counter Feiting,0,0,0,3,2,5,0,1,1,0,0,0,3,3,6
Himachal Pradesh,2011,Dowry Deaths,0,0,0,3,0,3,8,1,9,3,1,4,14,2,16
Himachal Pradesh,2011,Molestation,0,0,0,0,0,0,2,0,2,0,0,0,2,0,2
Himachal Pradesh,2011,Eve-Teasing,0,0,0,0,0,0,0,0,0,0,0,0,0,0,0
Himachal Pradesh,2011,Cruelty By Husband Or Relative Of Husband,0,0,0,4,1,5,6,2,8,1,1,2,11,4,15
Himachal Pradesh,2011,Other Ipc Crimes,0,0,0,27,0,27,22,2,24,14,1,15,63,3,66
Himachal Pradesh,2012,Murder,0,0,0,100,7,107,79,7,86,13,2,15,192,16,208
Himachal Pradesh,2012,Attempt To Commit Murder,0,0,0,21,0,21,13,0,13,1,0,1,35,0,35
Himachal Pradesh,2012,C.H. Not Amounting To Murder,0,0,0,2,0,2,5,0,5,0,0,0,7,0,7
Himachal Pradesh,2012,Rape,0,0,0,103,0,103,26,0,26,7,0,7,136,0,136
Himachal Pradesh,2012,Kidnapping And Abduction,0,0,0,7,3,10,1,1,2,0,0,0,8,4,12
Himachal Pradesh,2012,Dacoity,0,0,0,8,0,8,0,0,0,0,0,0,8,0,8
Himachal Pradesh,2012,Prep. And Assembly For Dacoity,0,0,0,0,0,0,0,0,0,0,0,0,0,0,0
Himachal Pradesh,2012,Robbery,0,0,0,0,0,0,0,0,0,0,0,0,0,0,0
Himachal Pradesh,2012,Burglary,0,0,0,4,0,4,5,0,5,0,0,0,9,0,9
Himachal Pradesh,2012,Thefts,0,0,0,36,1,37,12,0,12,0,0,0,48,1,49
Himachal Pradesh,2012,Extortion,0,0,0,0,0,0,0,0,0,0,0,0,0,0,0
Himachal Pradesh,2012,Riots,0,0,0,1,0,1,0,0,0,0,0,0,1,0,1
Himachal Pradesh,2012,Arson,0,0,0,0,0,0,0,0,0,0,0,0,0,0,0
Himachal Pradesh,2012,Criminal Breach Of Trust,0,0,0,0,0,0,0,0,0,0,0,0,0,0,0
Himachal Pradesh,2012,Cheating,0,0,0,1,0,1,4,0,4,0,0,0,5,0,5
Himachal Pradesh,2012,Counter Feiting,0,0,0,2,1,3,1,0,1,1,0,1,4,1,5
Himachal Pradesh,2012,Dowry Deaths,0,0,0,0,0,0,0,1,1,0,1,1,0,2,2
Himachal Pradesh,2012,Molestation,0,0,0,0,0,0,0,0,0,0,0,0,0,0,0
Himachal Pradesh,2012,Eve-Teasing,0,0,0,0,0,0,0,0,0,0,0,0,0,0,0
Himachal Pradesh,2012,Cruelty By Husband Or Relative Of Husband,0,0,0,6,1,7,8,4,12,5,3,8,19,8,27
Himachal Pradesh,2012,Other Ipc Crimes,0,0,0,30,0,30,26,1,27,7,1,8,63,2,65
Jammu & Kashmir,2001,Murder,19,1,20,289,15,304,140,9,149,34,3,37,482,28,510
Jammu & Kashmir,2001,Attempt To Commit Murder,2,0,2,18,0,18,11,0,11,0,0,0,31,0,31
Jammu & Kashmir,2001,C.H. Not Amounting To Murder,0,0,0,3,0,3,2,0,2,0,0,0,5,0,5
Jammu & Kashmir,2001,Rape,1,0,1,15,0,15,11,0,11,0,0,0,27,0,27
Jammu & Kashmir,2001,Kidnapping And Abduction,3,0,3,7,0,7,1,0,1,0,0,0,11,0,11
Jammu & Kashmir,2001,Dacoity,3,0,3,3,0,3,3,0,3,0,0,0,9,0,9
Jammu & Kashmir,2001,Prep. And Assembly For Dacoity,0,0,0,0,0,0,1,0,1,0,0,0,1,0,1
Jammu & Kashmir,2001,Robbery,0,0,0,3,0,3,2,0,2,0,0,0,5,0,5
Jammu & Kashmir,2001,Burglary,0,0,0,3,0,3,0,0,0,0,0,0,3,0,3
Jammu & Kashmir,2001,Thefts,1,0,1,9,0,9,6,0,6,0,0,0,16,0,16
Jammu & Kashmir,2001,Extortion,0,0,0,0,0,0,0,0,0,0,0,0,0,0,0
Jammu & Kashmir,2001,Riots,0,0,0,0,0,0,3,0,3,0,0,0,3,0,3
Jammu & Kashmir,2001,Arson,0,0,0,0,0,0,0,0,0,0,0,0,0,0,0
Jammu & Kashmir,2001,Criminal Breach Of Trust,0,0,0,1,0,1,0,0,0,0,0,0,1,0,1
Jammu & Kashmir,2001,Cheating,1,0,1,0,0,0,0,0,0,0,0,0,1,0,1
Jammu & Kashmir,2001,Counter Feiting,0,0,0,1,0,1,0,0,0,0,0,0,1,0,1
Jammu & Kashmir,2001,Dowry Deaths,0,0,0,0,0,0,0,1,1,0,0,0,0,1,1
Jammu & Kashmir,2001,Molestation,0,0,0,1,0,1,0,0,0,0,0,0,1,0,1
Jammu & Kashmir,2001,Eve-Teasing,0,0,0,0,0,0,0,0,0,0,0,0,0,0,0
Jammu & Kashmir,2001,Cruelty By Husband Or Relative Of Husband,0,0,0,0,0,0,0,0,0,0,0,0,0,0,0
Jammu & Kashmir,2001,Other Ipc Crimes,3,0,3,10,0,10,5,0,5,1,0,1,19,0,19
Jammu & Kashmir,2002,Murder,19,0,19,238,16,254,208,13,221,28,3,31,493,32,525
Jammu & Kashmir,2002,Attempt To Commit Murder,3,0,3,35,0,35,52,1,53,8,0,8,98,1,99
Jammu & Kashmir,2002,C.H. Not Amounting To Murder,1,0,1,34,0,34,29,0,29,7,0,7,71,0,71
Jammu & Kashmir,2002,Rape,2,0,2,76,0,76,21,0,21,1,0,1,100,0,100
Jammu & Kashmir,2002,Kidnapping And Abduction,0,0,0,0,0,0,0,0,0,0,0,0,0,0,0
Jammu & Kashmir,2002,Dacoity,0,0,0,0,0,0,0,0,0,0,0,0,0,0,0
Jammu & Kashmir,2002,Prep. And Assembly For Dacoity,0,0,0,0,0,0,0,0,0,0,0,0,0,0,0
Jammu & Kashmir,2002,Robbery,0,0,0,9,0,9,3,0,3,0,0,0,12,0,12
Jammu & Kashmir,2002,Burglary,0,0,0,12,0,12,8,0,8,4,0,4,24,0,24
Jammu & Kashmir,2002,Thefts,3,0,3,21,2,23,19,0,19,4,0,4,47,2,49
Jammu & Kashmir,2002,Extortion,0,0,0,0,0,0,0,0,0,0,0,0,0,0,0
Jammu & Kashmir,2002,Riots,0,0,0,0,0,0,0,0,0,0,0,0,0,0,0
Jammu & Kashmir,2002,Arson,0,0,0,0,0,0,0,0,0,0,0,0,0,0,0
Jammu & Kashmir,2002,Criminal Breach Of Trust,0,0,0,0,0,0,0,0,0,0,0,0,0,0,0
Jammu & Kashmir,2002,Cheating,0,0,0,0,0,0,0,0,0,0,0,0,0,0,0
Jammu & Kashmir,2002,Counter Feiting,0,0,0,0,0,0,0,0,0,0,0,0,0,0,0
Jammu & Kashmir,2002,Dowry Deaths,0,0,0,8,0,8,7,2,9,2,1,3,17,3,20
Jammu & Kashmir,2002,Molestation,0,0,0,0,0,0,0,0,0,0,0,0,0,0,0
Jammu & Kashmir,2002,Eve-Teasing,1,0,1,7,0,7,8,0,8,0,0,0,16,0,16
Jammu & Kashmir,2002,Cruelty By Husband Or Relative Of Husband,0,0,0,14,1,15,12,3,15,3,1,4,29,5,34
Jammu & Kashmir,2002,Other Ipc Crimes,0,0,0,0,0,0,0,0,0,0,0,0,0,0,0
Jammu & Kashmir,2003,Murder,15,0,15,227,39,266,217,7,224,89,3,92,548,49,597
Jammu & Kashmir,2003,Attempt To Commit Murder,3,0,3,10,0,10,13,0,13,10,0,10,36,0,36
Jammu & Kashmir,2003,C.H. Not Amounting To Murder,0,0,0,4,0,4,1,0,1,0,0,0,5,0,5
Jammu & Kashmir,2003,Rape,0,0,0,13,0,13,8,0,8,0,0,0,21,0,21
Jammu & Kashmir,2003,Kidnapping And Abduction,0,0,0,0,0,0,1,0,1,0,0,0,1,0,1
Jammu & Kashmir,2003,Dacoity,0,0,0,0,0,0,0,0,0,0,0,0,0,0,0
Jammu & Kashmir,2003,Prep. And Assembly For Dacoity,0,0,0,2,0,2,0,0,0,0,0,0,2,0,2
Jammu & Kashmir,2003,Robbery,0,0,0,4,0,4,3,0,3,0,0,0,7,0,7
Jammu & Kashmir,2003,Burglary,2,0,2,12,0,12,2,0,2,0,0,0,16,0,16
Jammu & Kashmir,2003,Thefts,4,0,4,9,1,10,3,0,3,0,0,0,16,1,17
Jammu & Kashmir,2003,Extortion,3,0,3,0,0,0,0,0,0,0,0,0,3,0,3
Jammu & Kashmir,2003,Riots,0,0,0,2,0,2,0,0,0,1,0,1,3,0,3
Jammu & Kashmir,2003,Arson,0,0,0,4,0,4,0,0,0,0,0,0,4,0,4
Jammu & Kashmir,2003,Criminal Breach Of Trust,0,0,0,0,0,0,0,0,0,0,0,0,0,0,0
Jammu & Kashmir,2003,Cheating,0,0,0,4,0,4,2,0,2,1,0,1,7,0,7
Jammu & Kashmir,2003,Counter Feiting,0,0,0,2,0,2,2,0,2,0,0,0,4,0,4
Jammu & Kashmir,2003,Dowry Deaths,0,0,0,5,0,5,2,0,2,4,0,4,11,0,11
Jammu & Kashmir,2003,Molestation,0,0,0,0,0,0,0,0,0,0,0,0,0,0,0
Jammu & Kashmir,2003,Eve-Teasing,0,0,0,3,0,3,2,0,2,1,0,1,6,0,6
Jammu & Kashmir,2003,Cruelty By Husband Or Relative Of Husband,0,0,0,0,0,0,2,0,2,0,0,0,2,0,2
Jammu & Kashmir,2003,Other Ipc Crimes,0,0,0,0,8,8,48,0,48,0,0,0,48,8,56
Jammu & Kashmir,2004,Murder,9,0,9,364,16,380,264,20,284,48,8,56,685,44,729
Jammu & Kashmir,2004,Attempt To Commit Murder,3,0,3,19,0,19,24,4,28,1,0,1,47,4,51
Jammu & Kashmir,2004,C.H. Not Amounting To Murder,2,0,2,9,0,9,4,0,4,2,0,2,17,0,17
Jammu & Kashmir,2004,Rape,5,0,5,46,0,46,26,0,26,3,0,3,80,0,80
Jammu & Kashmir,2004,Kidnapping And Abduction,1,0,1,6,0,6,7,0,7,0,0,0,14,0,14
Jammu & Kashmir,2004,Dacoity,0,0,0,6,0,6,6,0,6,0,0,0,12,0,12
Jammu & Kashmir,2004,Prep. And Assembly For Dacoity,0,0,0,0,0,0,0,0,0,0,0,0,0,0,0
Jammu & Kashmir,2004,Robbery,0,0,0,6,0,6,6,0,6,1,0,1,13,0,13
Jammu & Kashmir,2004,Burglary,0,0,0,10,0,10,10,0,10,0,0,0,20,0,20
Jammu & Kashmir,2004,Thefts,2,0,2,25,0,25,9,0,9,10,0,10,46,0,46
Jammu & Kashmir,2004,Extortion,0,0,0,0,0,0,0,0,0,0,0,0,0,0,0
Jammu & Kashmir,2004,Riots,0,0,0,7,0,7,4,0,4,1,0,1,12,0,12
Jammu & Kashmir,2004,Arson,0,0,0,1,0,1,1,0,1,0,0,0,2,0,2
Jammu & Kashmir,2004,Criminal Breach Of Trust,0,0,0,0,0,0,0,0,0,0,0,0,0,0,0
Jammu & Kashmir,2004,Cheating,0,0,0,3,0,3,6,0,6,2,0,2,11,0,11
Jammu & Kashmir,2004,Counter Feiting,0,0,0,0,0,0,0,0,0,0,0,0,0,0,0
Jammu & Kashmir,2004,Dowry Deaths,0,0,0,7,0,7,2,0,2,1,0,1,10,0,10
Jammu & Kashmir,2004,Molestation,0,0,0,1,0,1,0,0,0,0,0,0,1,0,1
Jammu & Kashmir,2004,Eve-Teasing,1,0,1,14,1,15,5,0,5,0,0,0,20,1,21
Jammu & Kashmir,2004,Cruelty By Husband Or Relative Of Husband,0,0,0,1,0,1,1,0,1,0,1,1,2,1,3
Jammu & Kashmir,2004,Other Ipc Crimes,0,0,0,4,0,4,5,0,5,0,0,0,9,0,9
Jammu & Kashmir,2005,Murder,8,0,8,381,16,397,299,20,319,70,7,77,758,43,801
Jammu & Kashmir,2005,Attempt To Commit Murder,1,0,1,18,0,18,14,2,16,1,0,1,34,2,36
Jammu & Kashmir,2005,C.H. Not Amounting To Murder,0,0,0,8,0,8,0,0,0,1,0,1,9,0,9
Jammu & Kashmir,2005,Rape,2,0,2,56,0,56,20,0,20,5,0,5,83,0,83
Jammu & Kashmir,2005,Kidnapping And Abduction,0,0,0,1,0,1,1,0,1,0,0,0,2,0,2
Jammu & Kashmir,2005,Dacoity,0,0,0,6,0,6,0,0,0,0,0,0,6,0,6
Jammu & Kashmir,2005,Prep. And Assembly For Dacoity,0,0,0,0,0,0,0,0,0,0,0,0,0,0,0
Jammu & Kashmir,2005,Robbery,0,0,0,13,0,13,1,0,1,0,0,0,14,0,14
Jammu & Kashmir,2005,Burglary,0,0,0,4,0,4,3,0,3,0,0,0,7,0,7
Jammu & Kashmir,2005,Thefts,0,0,0,36,0,36,20,0,20,4,0,4,60,0,60
Jammu & Kashmir,2005,Extortion,0,0,0,0,0,0,0,0,0,0,0,0,0,0,0
Jammu & Kashmir,2005,Riots,0,0,0,0,0,0,0,0,0,0,0,0,0,0,0
Jammu & Kashmir,2005,Arson,0,0,0,2,0,2,1,0,1,0,0,0,3,0,3
Jammu & Kashmir,2005,Criminal Breach Of Trust,0,0,0,0,0,0,0,0,0,0,0,0,0,0,0
Jammu & Kashmir,2005,Cheating,0,0,0,2,0,2,5,0,5,0,0,0,7,0,7
Jammu & Kashmir,2005,Counter Feiting,0,0,0,0,0,0,0,0,0,0,0,0,0,0,0
Jammu & Kashmir,2005,Dowry Deaths,0,0,0,6,1,7,3,3,6,2,3,5,11,7,18
Jammu & Kashmir,2005,Molestation,0,0,0,1,0,1,0,0,0,0,0,0,1,0,1
Jammu & Kashmir,2005,Eve-Teasing,0,0,0,7,2,9,5,0,5,0,0,0,12,2,14
Jammu & Kashmir,2005,Cruelty By Husband Or Relative Of Husband,0,0,0,2,0,2,5,0,5,0,0,0,7,0,7
Jammu & Kashmir,2005,Other Ipc Crimes,0,0,0,7,0,7,3,1,4,1,0,1,11,1,12
Jammu & Kashmir,2006,Murder,5,0,5,410,16,426,361,24,385,83,7,90,859,47,906
Jammu & Kashmir,2006,Attempt To Commit Murder,0,0,0,21,0,21,12,0,12,1,0,1,34,0,34
Jammu & Kashmir,2006,C.H. Not Amounting To Murder,0,0,0,12,0,12,4,0,4,4,0,4,20,0,20
Jammu & Kashmir,2006,Rape,0,0,0,76,0,76,46,0,46,9,0,9,131,0,131
Jammu & Kashmir,2006,Kidnapping And Abduction,0,0,0,3,0,3,0,0,0,0,0,0,3,0,3
Jammu & Kashmir,2006,Dacoity,0,0,0,0,0,0,12,0,12,0,0,0,12,0,12
Jammu & Kashmir,2006,Prep. And Assembly For Dacoity,0,0,0,0,0,0,0,0,0,0,0,0,0,0,0
Jammu & Kashmir,2006,Robbery,0,0,0,11,0,11,1,0,1,0,0,0,12,0,12
Jammu & Kashmir,2006,Burglary,0,0,0,12,0,12,4,0,4,1,0,1,17,0,17
Jammu & Kashmir,2006,Thefts,0,0,0,19,0,19,21,0,21,6,0,6,46,0,46
Jammu & Kashmir,2006,Extortion,0,0,0,0,0,0,0,0,0,0,0,0,0,0,0
Jammu & Kashmir,2006,Riots,0,0,0,3,0,3,1,0,1,0,0,0,4,0,4
Jammu & Kashmir,2006,Arson,0,0,0,0,0,0,0,0,0,0,0,0,0,0,0
Jammu & Kashmir,2006,Criminal Breach Of Trust,0,0,0,0,0,0,0,0,0,0,0,0,0,0,0
Jammu & Kashmir,2006,Cheating,0,0,0,2,0,2,3,0,3,2,0,2,7,0,7
Jammu & Kashmir,2006,Counter Feiting,0,0,0,0,0,0,0,0,0,0,0,0,0,0,0
Jammu & Kashmir,2006,Dowry Deaths,0,0,0,1,0,1,2,0,2,1,0,1,4,0,4
Jammu & Kashmir,2006,Molestation,0,0,0,0,0,0,0,0,0,0,0,0,0,0,0
Jammu & Kashmir,2006,Eve-Teasing,0,0,0,0,0,0,0,0,0,0,0,0,0,0,0
Jammu & Kashmir,2006,Cruelty By Husband Or Relative Of Husband,0,0,0,4,0,4,0,0,0,0,0,0,4,0,4
Jammu & Kashmir,2006,Other Ipc Crimes,0,0,0,27,0,27,0,0,0,0,2,2,27,2,29
Jammu & Kashmir,2007,Murder,12,1,13,470,22,492,246,30,276,53,12,65,781,65,846
Jammu & Kashmir,2007,Attempt To Commit Murder,0,0,0,22,0,22,13,0,13,9,2,11,44,2,46
Jammu & Kashmir,2007,C.H. Not Amounting To Murder,0,0,0,11,0,11,5,0,5,0,0,0,16,0,16
Jammu & Kashmir,2007,Rape,0,0,0,92,0,92,66,0,66,0,0,0,158,0,158
Jammu & Kashmir,2007,Kidnapping And Abduction,0,0,0,6,0,6,1,0,1,0,0,0,7,0,7
Jammu & Kashmir,2007,Dacoity,0,0,0,1,0,1,0,0,0,0,0,0,1,0,1
Jammu & Kashmir,2007,Prep. And Assembly For Dacoity,0,0,0,0,0,0,0,0,0,0,0,0,0,0,0
Jammu & Kashmir,2007,Robbery,0,0,0,10,0,10,6,0,6,0,0,0,16,0,16
Jammu & Kashmir,2007,Burglary,0,0,0,17,0,17,4,0,4,1,0,1,22,0,22
Jammu & Kashmir,2007,Thefts,0,0,0,28,0,28,11,0,11,1,0,1,40,0,40
Jammu & Kashmir,2007,Extortion,0,0,0,0,0,0,0,0,0,0,0,0,0,0,0
Jammu & Kashmir,2007,Riots,0,0,0,0,0,0,0,0,0,0,0,0,0,0,0
Jammu & Kashmir,2007,Arson,0,0,0,2,0,2,1,0,1,0,0,0,3,0,3
Jammu & Kashmir,2007,Criminal Breach Of Trust,0,0,0,0,0,0,0,0,0,0,0,0,0,0,0
Jammu & Kashmir,2007,Cheating,0,0,0,1,0,1,4,0,4,2,0,2,7,0,7
Jammu & Kashmir,2007,Counter Feiting,0,0,0,1,0,1,0,0,0,0,0,0,1,0,1
Jammu & Kashmir,2007,Dowry Deaths,0,0,0,1,0,1,2,0,2,1,0,1,4,0,4
Jammu & Kashmir,2007,Molestation,0,0,0,0,0,0,0,0,0,0,0,0,0,0,0
Jammu & Kashmir,2007,Eve-Teasing,0,0,0,0,0,0,0,0,0,0,0,0,0,0,0
Jammu & Kashmir,2007,Cruelty By Husband Or Relative Of Husband,0,0,0,3,0,3,1,0,1,1,0,1,5,0,5
Jammu & Kashmir,2007,Other Ipc Crimes,1,0,1,18,0,18,8,1,9,0,0,0,27,1,28
Jammu & Kashmir,2008,Murder,5,0,5,465,20,485,291,35,326,78,7,85,839,62,901
Jammu & Kashmir,2008,Attempt To Commit Murder,0,0,0,3,0,3,5,0,5,0,0,0,8,0,8
Jammu & Kashmir,2008,C.H. Not Amounting To Murder,0,0,0,8,0,8,5,0,5,0,0,0,13,0,13
Jammu & Kashmir,2008,Rape,0,0,0,83,0,83,49,1,50,10,0,10,142,1,143
Jammu & Kashmir,2008,Kidnapping And Abduction,0,0,0,9,0,9,7,0,7,0,0,0,16,0,16
Jammu & Kashmir,2008,Dacoity,0,0,0,2,0,2,5,0,5,5,0,5,12,0,12
Jammu & Kashmir,2008,Prep. And Assembly For Dacoity,0,0,0,0,0,0,0,0,0,0,0,0,0,0,0
Jammu & Kashmir,2008,Robbery,0,0,0,3,0,3,2,0,2,0,0,0,5,0,5
Jammu & Kashmir,2008,Burglary,0,0,0,23,1,24,10,0,10,0,0,0,33,1,34
Jammu & Kashmir,2008,Thefts,0,0,0,19,0,19,12,0,12,0,0,0,31,0,31
Jammu & Kashmir,2008,Extortion,0,0,0,0,0,0,0,0,0,0,0,0,0,0,0
Jammu & Kashmir,2008,Riots,0,0,0,1,0,1,0,0,0,0,0,0,1,0,1
Jammu & Kashmir,2008,Arson,0,0,0,1,1,2,0,0,0,0,0,0,1,1,2
Jammu & Kashmir,2008,Criminal Breach Of Trust,0,0,0,0,0,0,0,0,0,0,0,0,0,0,0
Jammu & Kashmir,2008,Cheating,0,0,0,3,0,3,0,0,0,1,0,1,4,0,4
Jammu & Kashmir,2008,Counter Feiting,0,0,0,0,0,0,0,0,0,0,0,0,0,0,0
Jammu & Kashmir,2008,Dowry Deaths,0,0,0,1,0,1,2,1,3,0,1,1,3,2,5
Jammu & Kashmir,2008,Molestation,0,0,0,4,0,4,1,0,1,0,0,0,5,0,5
Jammu & Kashmir,2008,Eve-Teasing,0,0,0,0,0,0,0,0,0,0,0,0,0,0,0
Jammu & Kashmir,2008,Cruelty By Husband Or Relative Of Husband,0,0,0,1,0,1,0,0,0,0,0,0,1,0,1
Jammu & Kashmir,2008,Other Ipc Crimes,0,0,0,11,2,13,8,2,10,2,0,2,21,4,25
Jammu & Kashmir,2009,Murder,0,0,0,348,18,366,352,40,392,72,8,80,772,66,838
Jammu & Kashmir,2009,Attempt To Commit Murder,0,0,0,28,0,28,20,2,22,1,0,1,49,2,51
Jammu & Kashmir,2009,C.H. Not Amounting To Murder,0,0,0,8,0,8,9,0,9,1,0,1,18,0,18
Jammu & Kashmir,2009,Rape,0,0,0,101,0,101,64,0,64,7,0,7,172,0,172
Jammu & Kashmir,2009,Kidnapping And Abduction,0,0,0,4,0,4,2,0,2,0,0,0,6,0,6
Jammu & Kashmir,2009,Dacoity,0,0,0,1,0,1,6,0,6,4,0,4,11,0,11
Jammu & Kashmir,2009,Prep. And Assembly For Dacoity,0,0,0,4,0,4,1,0,1,0,0,0,5,0,5
Jammu & Kashmir,2009,Robbery,0,0,0,2,0,2,0,0,0,0,0,0,2,0,2
Jammu & Kashmir,2009,Burglary,0,0,0,60,0,60,28,0,28,6,0,6,94,0,94
Jammu & Kashmir,2009,Thefts,0,0,0,27,0,27,2,0,2,20,0,20,49,0,49
Jammu & Kashmir,2009,Extortion,0,0,0,0,0,0,0,0,0,0,0,0,0,0,0
Jammu & Kashmir,2009,Riots,0,0,0,0,0,0,0,0,0,0,0,0,0,0,0
Jammu & Kashmir,2009,Arson,0,0,0,1,0,1,0,0,0,0,0,0,1,0,1
Jammu & Kashmir,2009,Criminal Breach Of Trust,0,0,0,0,0,0,0,0,0,0,0,0,0,0,0
Jammu & Kashmir,2009,Cheating,0,0,0,3,0,3,2,0,2,10,0,10,15,0,15
Jammu & Kashmir,2009,Counter Feiting,0,0,0,5,0,5,1,0,1,0,0,0,6,0,6
Jammu & Kashmir,2009,Dowry Deaths,0,0,0,4,0,4,6,2,8,3,2,5,13,4,17
Jammu & Kashmir,2009,Molestation,0,0,0,2,0,2,1,0,1,0,0,0,3,0,3
Jammu & Kashmir,2009,Eve-Teasing,0,0,0,0,0,0,0,0,0,0,0,0,0,0,0
Jammu & Kashmir,2009,Cruelty By Husband Or Relative Of Husband,0,0,0,3,0,3,0,0,0,0,0,0,3,0,3
Jammu & Kashmir,2009,Other Ipc Crimes,0,0,0,0,0,0,75,0,75,2,6,8,77,6,83
Jammu & Kashmir,2010,Murder,0,0,0,529,22,551,203,40,243,96,10,106,828,72,900
Jammu & Kashmir,2010,Attempt To Commit Murder,0,0,0,18,1,19,11,0,11,2,1,3,31,2,33
Jammu & Kashmir,2010,C.H. Not Amounting To Murder,0,0,0,1,0,1,0,0,0,0,0,0,1,0,1
Jammu & Kashmir,2010,Rape,0,0,0,12,0,12,3,0,3,1,0,1,16,0,16
Jammu & Kashmir,2010,Kidnapping And Abduction,0,0,0,0,0,0,0,0,0,0,0,0,0,0,0
Jammu & Kashmir,2010,Dacoity,0,0,0,12,0,12,0,0,0,0,0,0,12,0,12
Jammu & Kashmir,2010,Prep. And Assembly For Dacoity,0,0,0,4,0,4,1,0,1,0,0,0,5,0,5
Jammu & Kashmir,2010,Robbery,0,0,0,0,0,0,1,0,1,0,0,0,1,0,1
Jammu & Kashmir,2010,Burglary,0,0,0,12,0,12,8,0,8,0,0,0,20,0,20
Jammu & Kashmir,2010,Thefts,0,0,0,14,2,16,17,0,17,0,0,0,31,2,33
Jammu & Kashmir,2010,Extortion,0,0,0,0,0,0,0,0,0,0,0,0,0,0,0
Jammu & Kashmir,2010,Riots,0,0,0,1,0,1,0,0,0,0,0,0,1,0,1
Jammu & Kashmir,2010,Arson,0,0,0,3,0,3,1,0,1,0,0,0,4,0,4
Jammu & Kashmir,2010,Criminal Breach Of Trust,0,0,0,0,0,0,0,0,0,0,0,0,0,0,0
Jammu & Kashmir,2010,Cheating,0,0,0,2,0,2,3,0,3,0,0,0,5,0,5
Jammu & Kashmir,2010,Counter Feiting,0,0,0,0,0,0,0,0,0,0,0,0,0,0,0
Jammu & Kashmir,2010,Dowry Deaths,0,0,0,1,0,1,0,0,0,0,0,0,1,0,1
Jammu & Kashmir,2010,Molestation,0,0,0,1,0,1,1,0,1,0,0,0,2,0,2
Jammu & Kashmir,2010,Eve-Teasing,0,0,0,0,0,0,0,0,0,0,0,0,0,0,0
Jammu & Kashmir,2010,Cruelty By Husband Or Relative Of Husband,0,0,0,3,0,3,1,0,1,0,0,0,4,0,4
Jammu & Kashmir,2010,Other Ipc Crimes,0,0,0,17,0,17,19,0,19,2,0,2,38,0,38
Jammu & Kashmir,2011,Murder,0,0,0,371,16,387,427,40,467,111,8,119,909,64,973
Jammu & Kashmir,2011,Attempt To Commit Murder,0,0,0,21,0,21,7,1,8,2,0,2,30,1,31
Jammu & Kashmir,2011,C.H. Not Amounting To Murder,0,0,0,8,0,8,9,0,9,1,0,1,18,0,18
Jammu & Kashmir,2011,Rape,0,0,0,79,0,79,46,0,46,7,0,7,132,0,132
Jammu & Kashmir,2011,Kidnapping And Abduction,0,0,0,16,3,19,5,0,5,1,0,1,22,3,25
Jammu & Kashmir,2011,Dacoity,0,0,0,0,0,0,0,0,0,0,0,0,0,0,0
Jammu & Kashmir,2011,Prep. And Assembly For Dacoity,0,0,0,1,0,1,0,0,0,0,0,0,1,0,1
Jammu & Kashmir,2011,Robbery,0,0,0,8,0,8,2,0,2,0,0,0,10,0,10
Jammu & Kashmir,2011,Burglary,0,0,0,12,0,12,4,0,4,0,0,0,16,0,16
Jammu & Kashmir,2011,Thefts,0,0,0,67,0,67,15,0,15,3,0,3,85,0,85
Jammu & Kashmir,2011,Extortion,0,0,0,0,0,0,0,0,0,0,0,0,0,0,0
Jammu & Kashmir,2011,Riots,0,0,0,2,0,2,0,0,0,0,0,0,2,0,2
Jammu & Kashmir,2011,Arson,0,0,0,0,0,0,0,0,0,0,0,0,0,0,0
Jammu & Kashmir,2011,Criminal Breach Of Trust,0,0,0,0,0,0,3,0,3,1,0,1,4,0,4
Jammu & Kashmir,2011,Cheating,0,0,0,0,0,0,0,0,0,1,0,1,1,0,1
Jammu & Kashmir,2011,Counter Feiting,0,0,0,2,0,2,0,0,0,0,0,0,2,0,2
Jammu & Kashmir,2011,Dowry Deaths,0,0,0,0,0,0,0,0,0,0,0,0,0,0,0
Jammu & Kashmir,2011,Molestation,0,0,0,0,0,0,0,0,0,0,0,0,0,0,0
Jammu & Kashmir,2011,Eve-Teasing,0,0,0,0,0,0,1,0,1,0,0,0,1,0,1
Jammu & Kashmir,2011,Cruelty By Husband Or Relative Of Husband,0,0,0,7,0,7,5,0,5,3,1,4,15,1,16
Jammu & Kashmir,2011,Other Ipc Crimes,0,0,0,3,0,3,9,1,10,4,0,4,16,1,17
Jammu & Kashmir,2012,Murder,0,0,0,454,30,484,474,35,509,130,7,137,1058,72,1130
Jammu & Kashmir,2012,Attempt To Commit Murder,0,0,0,11,0,11,12,0,12,0,0,0,23,0,23
Jammu & Kashmir,2012,C.H. Not Amounting To Murder,0,0,0,2,0,2,2,0,2,0,0,0,4,0,4
Jammu & Kashmir,2012,Rape,0,0,0,82,0,82,60,0,60,5,0,5,147,0,147
Jammu & Kashmir,2012,Kidnapping And Abduction,0,0,0,19,0,19,12,0,12,1,0,1,32,0,32
Jammu & Kashmir,2012,Dacoity,0,0,0,2,0,2,0,0,0,0,0,0,2,0,2
Jammu & Kashmir,2012,Prep. And Assembly For Dacoity,0,0,0,0,0,0,0,0,0,0,0,0,0,0,0
Jammu & Kashmir,2012,Robbery,0,0,0,10,0,10,10,0,10,1,0,1,21,0,21
Jammu & Kashmir,2012,Burglary,0,0,0,21,0,21,20,0,20,1,0,1,42,0,42
Jammu & Kashmir,2012,Thefts,0,0,0,19,0,19,20,0,20,0,0,0,39,0,39
Jammu & Kashmir,2012,Extortion,0,0,0,0,0,0,0,0,0,0,0,0,0,0,0
Jammu & Kashmir,2012,Riots,0,0,0,1,0,1,1,0,1,0,0,0,2,0,2
Jammu & Kashmir,2012,Arson,0,0,0,1,0,1,0,0,0,0,0,0,1,0,1
Jammu & Kashmir,2012,Criminal Breach Of Trust,0,0,0,0,0,0,1,0,1,0,0,0,1,0,1
Jammu & Kashmir,2012,Cheating,0,0,0,1,0,1,5,0,5,0,0,0,6,0,6
Jammu & Kashmir,2012,Counter Feiting,0,0,0,2,0,2,5,0,5,1,0,1,8,0,8
Jammu & Kashmir,2012,Dowry Deaths,0,0,0,0,0,0,0,0,0,0,0,0,0,0,0
Jammu & Kashmir,2012,Molestation,0,0,0,1,0,1,1,0,1,0,0,0,2,0,2
Jammu & Kashmir,2012,Eve-Teasing,0,0,0,0,0,0,1,0,1,0,0,0,1,0,1
Jammu & Kashmir,2012,Cruelty By Husband Or Relative Of Husband,0,0,0,6,0,6,6,0,6,1,0,1,13,0,13
Jammu & Kashmir,2012,Other Ipc Crimes,0,0,0,14,1,15,13,0,13,0,0,0,27,1,28
Jharkhand,2001,Murder,53,0,53,1489,71,1560,1262,81,1343,460,14,474,3264,166,3430
Jharkhand,2001,Attempt To Commit Murder,25,0,25,586,15,601,918,16,934,108,0,108,1637,31,1668
Jharkhand,2001,C.H. Not Amounting To Murder,10,0,10,174,2,176,214,15,229,66,5,71,464,22,486
Jharkhand,2001,Rape,34,0,34,653,0,653,816,0,816,20,0,20,1523,0,1523
Jharkhand,2001,Kidnapping And Abduction,0,0,0,228,3,231,316,4,320,37,0,37,581,7,588
Jharkhand,2001,Dacoity,22,0,22,500,2,502,347,1,348,80,1,81,949,4,953
Jharkhand,2001,Prep. And Assembly For Dacoity,12,0,12,128,0,128,330,0,330,29,0,29,499,0,499
Jharkhand,2001,Robbery,29,0,29,355,0,355,363,1,364,33,0,33,780,1,781
Jharkhand,2001,Burglary,2,0,2,63,1,64,46,0,46,10,0,10,121,1,122
Jharkhand,2001,Thefts,92,0,92,57,9,66,394,15,409,69,0,69,612,24,636
Jharkhand,2001,Extortion,4,0,4,111,0,111,70,0,70,8,0,8,193,0,193
Jharkhand,2001,Riots,0,0,0,7,0,7,8,0,8,3,0,3,18,0,18
Jharkhand,2001,Arson,0,0,0,7,0,7,8,0,8,3,0,3,18,0,18
Jharkhand,2001,Criminal Breach Of Trust,2,0,2,0,0,0,5,0,5,5,0,5,12,0,12
Jharkhand,2001,Cheating,1,0,1,39,1,40,202,6,208,21,0,21,263,7,270
Jharkhand,2001,Counter Feiting,0,0,0,0,0,0,0,0,0,0,0,0,0,0,0
Jharkhand,2001,Dowry Deaths,10,10,20,86,24,110,203,26,229,65,5,70,364,65,429
Jharkhand,2001,Molestation,0,0,0,4,0,4,3,0,3,0,0,0,7,0,7
Jharkhand,2001,Eve-Teasing,0,0,0,0,0,0,0,0,0,0,0,0,0,0,0
Jharkhand,2001,Cruelty By Husband Or Relative Of Husband,2,0,2,58,7,65,48,4,52,14,0,14,122,11,133
Jharkhand,2001,Other Ipc Crimes,0,0,0,34,1,35,36,2,38,2,0,2,72,3,75
Jharkhand,2002,Murder,59,3,62,1632,41,1673,1177,67,1244,428,11,439,3296,122,3418
Jharkhand,2002,Attempt To Commit Murder,46,0,46,514,7,521,416,10,426,98,0,98,1074,17,1091
Jharkhand,2002,C.H. Not Amounting To Murder,10,1,11,175,1,176,90,21,111,21,1,22,296,24,320
Jharkhand,2002,Rape,20,0,20,313,0,313,672,0,672,69,0,69,1074,0,1074
Jharkhand,2002,Kidnapping And Abduction,16,0,16,207,4,211,160,8,168,21,0,21,404,12,416
Jharkhand,2002,Dacoity,4,0,4,451,0,451,309,4,313,50,0,50,814,4,818
Jharkhand,2002,Prep. And Assembly For Dacoity,5,0,5,59,0,59,30,0,30,0,0,0,94,0,94
Jharkhand,2002,Robbery,37,0,37,317,1,318,188,0,188,37,0,37,579,1,580
Jharkhand,2002,Burglary,0,0,0,45,0,45,120,0,120,3,0,3,168,0,168
Jharkhand,2002,Thefts,61,0,61,647,9,656,365,2,367,96,0,96,1169,11,1180
Jharkhand,2002,Extortion,3,0,3,41,0,41,65,0,65,8,0,8,117,0,117
Jharkhand,2002,Riots,0,0,0,0,0,0,3,0,3,0,0,0,3,0,3
Jharkhand,2002,Arson,0,0,0,2,0,2,4,0,4,17,0,17,23,0,23
Jharkhand,2002,Criminal Breach Of Trust,0,0,0,8,0,8,20,0,20,4,0,4,32,0,32
Jharkhand,2002,Cheating,2,0,2,24,0,24,12,0,12,5,0,5,43,0,43
Jharkhand,2002,Counter Feiting,0,0,0,0,0,0,0,0,0,0,0,0,0,0,0
Jharkhand,2002,Dowry Deaths,6,0,6,191,38,229,236,79,315,139,7,146,572,124,696
Jharkhand,2002,Molestation,0,0,0,5,0,5,1,0,1,0,0,0,6,0,6
Jharkhand,2002,Eve-Teasing,0,0,0,0,0,0,0,0,0,0,0,0,0,0,0
Jharkhand,2002,Cruelty By Husband Or Relative Of Husband,0,0,0,90,6,96,68,5,73,10,0,10,168,11,179
Jharkhand,2002,Other Ipc Crimes,0,0,0,26,4,30,15,10,25,0,2,2,41,16,57
Jharkhand,2003,Murder,18,2,20,1080,41,1121,985,71,1056,265,6,271,2348,120,2468
Jharkhand,2003,Attempt To Commit Murder,28,0,28,525,14,539,437,14,451,101,0,101,1091,28,1119
Jharkhand,2003,C.H. Not Amounting To Murder,3,0,3,172,4,176,165,16,181,34,9,43,374,29,403
Jharkhand,2003,Rape,20,0,20,538,1,539,374,1,375,33,0,33,965,2,967
Jharkhand,2003,Kidnapping And Abduction,8,0,8,332,5,337,172,10,182,50,0,50,562,15,577
Jharkhand,2003,Dacoity,10,1,11,453,0,453,351,1,352,51,0,51,865,2,867
Jharkhand,2003,Prep. And Assembly For Dacoity,1,0,1,85,0,85,46,0,46,6,0,6,138,0,138
Jharkhand,2003,Robbery,31,0,31,438,1,439,244,0,244,29,0,29,742,1,743
Jharkhand,2003,Burglary,0,0,0,57,0,57,59,0,59,11,0,11,127,0,127
Jharkhand,2003,Thefts,48,0,48,727,2,729,360,6,366,127,2,129,1262,10,1272
Jharkhand,2003,Extortion,0,0,0,68,0,68,53,0,53,9,0,9,130,0,130
Jharkhand,2003,Riots,0,0,0,1,0,1,4,0,4,2,0,2,7,0,7
Jharkhand,2003,Arson,0,0,0,15,1,16,16,0,16,3,0,3,34,1,35
Jharkhand,2003,Criminal Breach Of Trust,0,0,0,10,0,10,28,0,28,4,0,4,42,0,42
Jharkhand,2003,Cheating,1,0,1,27,0,27,49,0,49,14,0,14,91,0,91
Jharkhand,2003,Counter Feiting,0,0,0,0,0,0,0,0,0,0,0,0,0,0,0
Jharkhand,2003,Dowry Deaths,4,0,4,290,34,324,391,91,482,134,17,151,819,142,961
Jharkhand,2003,Molestation,0,0,0,5,0,5,4,0,4,0,0,0,9,0,9
Jharkhand,2003,Eve-Teasing,0,0,0,0,0,0,0,0,0,0,0,0,0,0,0
Jharkhand,2003,Cruelty By Husband Or Relative Of Husband,1,0,1,83,3,86,125,7,132,29,3,32,238,13,251
Jharkhand,2003,Other Ipc Crimes,2,0,2,49,0,49,69,5,74,16,0,16,136,5,141
Jharkhand,2004,Murder,13,0,13,1501,45,1546,1111,87,1198,353,8,361,2978,140,3118
Jharkhand,2004,Attempt To Commit Murder,10,0,10,535,11,546,492,17,509,123,1,124,1160,29,1189
Jharkhand,2004,C.H. Not Amounting To Murder,0,0,0,88,5,93,108,12,120,34,6,40,230,23,253
Jharkhand,2004,Rape,13,0,13,465,5,470,369,5,374,36,0,36,883,10,893
Jharkhand,2004,Kidnapping And Abduction,1,0,1,237,5,242,212,5,217,43,0,43,493,10,503
Jharkhand,2004,Dacoity,8,0,8,465,3,468,447,3,450,82,0,82,1002,6,1008
Jharkhand,2004,Prep. And Assembly For Dacoity,0,0,0,32,0,32,38,0,38,8,0,8,78,0,78
Jharkhand,2004,Robbery,8,0,8,317,0,317,247,0,247,45,0,45,617,0,617
Jharkhand,2004,Burglary,0,0,0,57,1,58,39,0,39,12,0,12,108,1,109
Jharkhand,2004,Thefts,24,0,24,523,7,530,507,15,522,126,2,128,1180,24,1204
Jharkhand,2004,Extortion,0,0,0,68,0,68,89,0,89,8,0,8,165,0,165
Jharkhand,2004,Riots,0,0,0,69,0,69,39,0,39,6,0,6,114,0,114
Jharkhand,2004,Arson,0,0,0,23,0,23,9,0,9,6,0,6,38,0,38
Jharkhand,2004,Criminal Breach Of Trust,0,0,0,12,0,12,9,0,9,2,0,2,23,0,23
Jharkhand,2004,Cheating,0,0,0,39,1,40,67,0,67,18,0,18,124,1,125
Jharkhand,2004,Counter Feiting,0,0,0,11,0,11,4,0,4,0,0,0,15,0,15
Jharkhand,2004,Dowry Deaths,0,0,0,288,37,325,331,106,437,159,31,190,778,174,952
Jharkhand,2004,Molestation,0,0,0,3,0,3,2,0,2,0,0,0,5,0,5
Jharkhand,2004,Eve-Teasing,0,0,0,0,0,0,0,0,0,0,0,0,0,0,0
Jharkhand,2004,Cruelty By Husband Or Relative Of Husband,0,0,0,78,13,91,67,1,68,33,0,33,178,14,192
Jharkhand,2004,Other Ipc Crimes,0,0,0,15,0,15,18,2,20,9,0,9,42,2,44
Jharkhand,2005,Murder,14,0,14,1315,48,1363,1201,76,1277,390,23,413,2920,147,3067
Jharkhand,2005,Attempt To Commit Murder,1,0,1,769,15,784,459,11,470,187,5,192,1416,31,1447
Jharkhand,2005,C.H. Not Amounting To Murder,0,0,0,120,8,128,121,3,124,43,5,48,284,16,300
Jharkhand,2005,Rape,3,0,3,605,1,606,360,2,362,59,0,59,1027,3,1030
Jharkhand,2005,Kidnapping And Abduction,5,0,5,277,8,285,201,18,219,25,2,27,508,28,536
Jharkhand,2005,Dacoity,0,0,0,532,2,534,348,1,349,54,1,55,934,4,938
Jharkhand,2005,Prep. And Assembly For Dacoity,0,0,0,71,0,71,62,0,62,13,0,13,146,0,146
Jharkhand,2005,Robbery,0,0,0,346,1,347,267,1,268,53,0,53,666,2,668
Jharkhand,2005,Burglary,0,0,0,82,2,84,88,1,89,31,0,31,201,3,204
Jharkhand,2005,Thefts,15,0,15,824,19,843,543,11,554,127,0,127,1509,30,1539
Jharkhand,2005,Extortion,0,0,0,56,0,56,70,0,70,9,0,9,135,0,135
Jharkhand,2005,Riots,0,0,0,36,0,36,4,0,4,0,0,0,40,0,40
Jharkhand,2005,Arson,0,0,0,1,0,1,0,0,0,0,0,0,1,0,1
Jharkhand,2005,Criminal Breach Of Trust,0,0,0,16,4,20,8,0,8,9,0,9,33,4,37
Jharkhand,2005,Cheating,0,0,0,72,1,73,85,2,87,46,0,46,203,3,206
Jharkhand,2005,Counter Feiting,0,0,0,28,6,34,24,1,25,7,1,8,59,8,67
Jharkhand,2005,Dowry Deaths,8,0,8,347,61,408,413,96,509,157,28,185,925,185,1110
Jharkhand,2005,Molestation,0,0,0,13,0,13,1,0,1,0,0,0,14,0,14
Jharkhand,2005,Eve-Teasing,0,0,0,3,0,3,7,0,7,5,0,5,15,0,15
Jharkhand,2005,Cruelty By Husband Or Relative Of Husband,0,0,0,144,13,157,88,11,99,21,2,23,253,26,279
Jharkhand,2005,Other Ipc Crimes,0,0,0,68,2,70,72,7,79,38,0,38,178,9,187
Jharkhand,2006,Murder,0,0,0,1428,85,1513,1390,64,1454,268,15,283,3086,164,3250
Jharkhand,2006,Attempt To Commit Murder,0,0,0,586,4,590,507,11,518,169,3,172,1262,18,1280
Jharkhand,2006,C.H. Not Amounting To Murder,0,0,0,81,4,85,142,13,155,8,1,9,231,18,249
Jharkhand,2006,Rape,0,0,0,601,4,605,416,2,418,32,0,32,1049,6,1055
Jharkhand,2006,Kidnapping And Abduction,0,0,0,382,5,387,208,11,219,39,5,44,629,21,650
Jharkhand,2006,Dacoity,0,0,0,520,0,520,410,0,410,24,0,24,954,0,954
Jharkhand,2006,Prep. And Assembly For Dacoity,0,0,0,78,2,80,31,0,31,8,0,8,117,2,119
Jharkhand,2006,Robbery,0,0,0,342,0,342,181,0,181,13,0,13,536,0,536
Jharkhand,2006,Burglary,0,0,0,68,0,68,28,0,28,9,1,10,105,1,106
Jharkhand,2006,Thefts,8,0,8,766,14,780,505,11,516,109,0,109,1388,25,1413
Jharkhand,2006,Extortion,0,0,0,70,0,70,51,0,51,11,1,12,132,1,133
Jharkhand,2006,Riots,0,0,0,8,0,8,4,0,4,5,0,5,17,0,17
Jharkhand,2006,Arson,0,0,0,4,0,4,40,0,40,5,0,5,49,0,49
Jharkhand,2006,Criminal Breach Of Trust,0,0,0,21,0,21,22,2,24,2,0,2,45,2,47
Jharkhand,2006,Cheating,0,0,0,54,0,54,51,1,52,12,0,12,117,1,118
Jharkhand,2006,Counter Feiting,0,0,0,3,0,3,5,0,5,0,0,0,8,0,8
Jharkhand,2006,Dowry Deaths,0,0,0,398,60,458,349,116,465,233,36,269,980,212,1192
Jharkhand,2006,Molestation,0,0,0,3,0,3,0,0,0,0,0,0,3,0,3
Jharkhand,2006,Eve-Teasing,0,0,0,12,0,12,0,0,0,3,0,3,15,0,15
Jharkhand,2006,Cruelty By Husband Or Relative Of Husband,0,0,0,128,10,138,105,11,116,26,4,30,259,25,284
Jharkhand,2006,Other Ipc Crimes,0,0,0,33,1,34,13,0,13,7,0,7,53,1,54
Jharkhand,2007,Murder,20,0,20,1421,76,1497,983,74,1057,288,15,303,2712,165,2877
Jharkhand,2007,Attempt To Commit Murder,13,0,13,571,18,589,475,10,485,89,2,91,1148,30,1178
Jharkhand,2007,C.H. Not Amounting To Murder,0,0,0,67,6,73,47,10,57,20,4,24,134,20,154
Jharkhand,2007,Rape,7,0,7,510,0,510,337,4,341,39,0,39,893,4,897
Jharkhand,2007,Kidnapping And Abduction,0,0,0,347,9,356,227,8,235,34,0,34,608,17,625
Jharkhand,2007,Dacoity,0,0,0,569,14,583,281,3,284,41,0,41,891,17,908
Jharkhand,2007,Prep. And Assembly For Dacoity,0,0,0,43,0,43,20,0,20,1,0,1,64,0,64
Jharkhand,2007,Robbery,0,0,0,332,1,333,272,0,272,39,0,39,643,1,644
Jharkhand,2007,Burglary,0,0,0,25,2,27,15,0,15,1,0,1,41,2,43
Jharkhand,2007,Thefts,5,0,5,904,5,909,620,12,632,122,0,122,1651,17,1668
Jharkhand,2007,Extortion,0,0,0,58,0,58,42,0,42,4,0,4,104,0,104
Jharkhand,2007,Riots,0,0,0,20,0,20,2,0,2,0,0,0,22,0,22
Jharkhand,2007,Arson,0,0,0,5,0,5,10,0,10,0,0,0,15,0,15
Jharkhand,2007,Criminal Breach Of Trust,0,0,0,14,0,14,14,0,14,3,0,3,31,0,31
Jharkhand,2007,Cheating,0,0,0,41,0,41,47,2,49,19,0,19,107,2,109
Jharkhand,2007,Counter Feiting,0,0,0,3,0,3,7,0,7,2,0,2,12,0,12
Jharkhand,2007,Dowry Deaths,0,0,0,325,31,356,262,87,349,146,27,173,733,145,878
Jharkhand,2007,Molestation,0,0,0,0,0,0,0,0,0,0,0,0,0,0,0
Jharkhand,2007,Eve-Teasing,0,0,0,0,0,0,0,0,0,0,0,0,0,0,0
Jharkhand,2007,Cruelty By Husband Or Relative Of Husband,0,0,0,96,4,100,152,11,163,21,6,27,269,21,290
Jharkhand,2007,Other Ipc Crimes,0,0,0,83,5,88,56,7,63,8,0,8,147,12,159
Jharkhand,2008,Murder,0,0,0,1388,76,1464,994,97,1091,280,21,301,2662,194,2856
Jharkhand,2008,Attempt To Commit Murder,0,0,0,538,11,549,394,18,412,97,3,100,1029,32,1061
Jharkhand,2008,C.H. Not Amounting To Murder,0,0,0,39,0,39,41,1,42,26,0,26,106,1,107
Jharkhand,2008,Rape,0,0,0,542,3,545,296,2,298,33,2,35,871,7,878
Jharkhand,2008,Kidnapping And Abduction,0,0,0,329,9,338,232,11,243,26,2,28,587,22,609
Jharkhand,2008,Dacoity,0,0,0,559,4,563,423,0,423,42,0,42,1024,4,1028
Jharkhand,2008,Prep. And Assembly For Dacoity,0,0,0,72,0,72,22,0,22,2,0,2,96,0,96
Jharkhand,2008,Robbery,0,0,0,289,0,289,247,0,247,32,0,32,568,0,568
Jharkhand,2008,Burglary,0,0,0,94,0,94,39,0,39,8,0,8,141,0,141
Jharkhand,2008,Thefts,0,0,0,850,5,855,516,10,526,110,0,110,1476,15,1491
Jharkhand,2008,Extortion,0,0,0,55,1,56,55,0,55,6,0,6,116,1,117
Jharkhand,2008,Riots,0,0,0,7,1,8,6,0,6,7,0,7,20,1,21
Jharkhand,2008,Arson,0,0,0,25,0,25,19,1,20,11,0,11,55,1,56
Jharkhand,2008,Criminal Breach Of Trust,0,0,0,31,0,31,36,0,36,18,0,18,85,0,85
Jharkhand,2008,Cheating,0,0,0,65,0,65,39,0,39,15,1,16,119,1,120
Jharkhand,2008,Counter Feiting,0,0,0,14,1,15,12,2,14,0,0,0,26,3,29
Jharkhand,2008,Dowry Deaths,0,0,0,285,40,325,294,78,372,163,28,191,742,146,888
Jharkhand,2008,Molestation,0,0,0,5,0,5,7,0,7,0,0,0,12,0,12
Jharkhand,2008,Eve-Teasing,0,0,0,37,0,37,1,0,1,0,0,0,38,0,38
Jharkhand,2008,Cruelty By Husband Or Relative Of Husband,0,0,0,92,3,95,131,14,145,38,3,41,261,20,281
Jharkhand,2008,Other Ipc Crimes,0,0,0,237,0,237,98,0,98,15,0,15,350,0,350
Jharkhand,2009,Murder,0,0,0,1408,65,1473,1128,80,1208,259,18,277,2795,163,2958
Jharkhand,2009,Attempt To Commit Murder,0,0,0,495,13,508,298,22,320,110,3,113,903,38,941
Jharkhand,2009,C.H. Not Amounting To Murder,0,0,0,52,2,54,33,7,40,16,2,18,101,11,112
Jharkhand,2009,Rape,0,0,0,450,1,451,283,1,284,30,0,30,763,2,765
Jharkhand,2009,Kidnapping And Abduction,0,0,0,311,8,319,213,6,219,33,1,34,557,15,572
Jharkhand,2009,Dacoity,0,0,0,589,3,592,328,0,328,44,0,44,961,3,964
Jharkhand,2009,Prep. And Assembly For Dacoity,0,0,0,121,0,121,28,0,28,2,0,2,151,0,151
Jharkhand,2009,Robbery,0,0,0,287,1,288,188,0,188,21,0,21,496,1,497
Jharkhand,2009,Burglary,0,0,0,248,0,248,76,3,79,4,0,4,328,3,331
Jharkhand,2009,Thefts,0,0,0,553,16,569,327,15,342,60,3,63,940,34,974
Jharkhand,2009,Extortion,0,0,0,43,2,45,30,0,30,8,0,8,81,2,83
Jharkhand,2009,Riots,0,0,0,3,1,4,2,0,2,7,0,7,12,1,13
Jharkhand,2009,Arson,0,0,0,6,0,6,11,0,11,8,0,8,25,0,25
Jharkhand,2009,Criminal Breach Of Trust,0,0,0,15,0,15,21,0,21,0,0,0,36,0,36
Jharkhand,2009,Cheating,0,0,0,52,0,52,43,0,43,1,0,1,96,0,96
Jharkhand,2009,Counter Feiting,0,0,0,16,0,16,11,1,12,3,0,3,30,1,31
Jharkhand,2009,Dowry Deaths,0,0,0,467,39,506,341,74,415,113,21,134,921,134,1055
Jharkhand,2009,Molestation,0,0,0,2,0,2,7,0,7,1,0,1,10,0,10
Jharkhand,2009,Eve-Teasing,0,0,0,0,0,0,0,0,0,0,0,0,0,0,0
Jharkhand,2009,Cruelty By Husband Or Relative Of Husband,0,0,0,189,10,199,133,11,144,32,5,37,354,26,380
Jharkhand,2009,Other Ipc Crimes,0,0,0,174,0,174,79,2,81,10,0,10,263,2,265
Jharkhand,2010,Murder,0,0,0,1483,86,1569,1092,86,1178,237,14,251,2812,186,2998
Jharkhand,2010,Attempt To Commit Murder,0,0,0,625,15,640,443,20,463,122,9,131,1190,44,1234
Jharkhand,2010,C.H. Not Amounting To Murder,0,0,0,49,1,50,53,3,56,25,0,25,127,4,131
Jharkhand,2010,Rape,0,0,0,543,1,544,334,1,335,36,0,36,913,2,915
Jharkhand,2010,Kidnapping And Abduction,0,0,0,464,12,476,232,8,240,25,0,25,721,20,741
Jharkhand,2010,Dacoity,0,0,0,515,3,518,348,1,349,31,0,31,894,4,898
Jharkhand,2010,Prep. And Assembly For Dacoity,0,0,0,98,0,98,44,1,45,2,0,2,144,1,145
Jharkhand,2010,Robbery,0,0,0,308,0,308,180,0,180,14,0,14,502,0,502
Jharkhand,2010,Burglary,0,0,0,13,0,13,4,0,4,1,0,1,18,0,18
Jharkhand,2010,Thefts,0,0,0,697,14,711,415,17,432,76,1,77,1188,32,1220
Jharkhand,2010,Extortion,0,0,0,71,1,72,40,0,40,4,0,4,115,1,116
Jharkhand,2010,Riots,0,0,0,0,0,0,0,0,0,0,0,0,0,0,0
Jharkhand,2010,Arson,0,0,0,5,0,5,8,1,9,4,1,5,17,2,19
Jharkhand,2010,Criminal Breach Of Trust,0,0,0,25,2,27,31,0,31,0,0,0,56,2,58
Jharkhand,2010,Cheating,0,0,0,94,6,100,60,4,64,24,0,24,178,10,188
Jharkhand,2010,Counter Feiting,0,0,0,5,0,5,4,0,4,0,0,0,9,0,9
Jharkhand,2010,Dowry Deaths,0,0,0,426,32,458,317,77,394,146,39,185,889,148,1037
Jharkhand,2010,Molestation,0,0,0,0,0,0,1,0,1,0,0,0,1,0,1
Jharkhand,2010,Eve-Teasing,0,0,0,0,0,0,0,0,0,0,0,0,0,0,0
Jharkhand,2010,Cruelty By Husband Or Relative Of Husband,0,0,0,128,6,134,149,12,161,63,7,70,340,25,365
Jharkhand,2010,Other Ipc Crimes,0,0,0,154,7,161,114,2,116,15,0,15,283,9,292
Jharkhand,2011,Murder,0,0,0,1151,92,1243,901,66,967,204,22,226,2256,180,2436
Jharkhand,2011,Attempt To Commit Murder,0,0,0,678,23,701,432,30,462,140,10,150,1250,63,1313
Jharkhand,2011,C.H. Not Amounting To Murder,0,0,0,82,2,84,87,0,87,11,0,11,180,2,182
Jharkhand,2011,Rape,0,0,0,542,1,543,298,2,300,35,0,35,875,3,878
Jharkhand,2011,Kidnapping And Abduction,0,0,0,368,18,386,241,16,257,28,1,29,637,35,672
Jharkhand,2011,Dacoity,0,0,0,508,2,510,292,2,294,42,0,42,842,4,846
Jharkhand,2011,Prep. And Assembly For Dacoity,0,0,0,84,0,84,75,1,76,3,0,3,162,1,163
Jharkhand,2011,Robbery,0,0,0,256,0,256,178,0,178,15,0,15,449,0,449
Jharkhand,2011,Burglary,0,0,0,46,1,47,45,2,47,1,0,1,92,3,95
Jharkhand,2011,Thefts,0,0,0,676,17,693,348,15,363,44,2,46,1068,34,1102
Jharkhand,2011,Extortion,0,0,0,70,0,70,75,1,76,4,0,4,149,1,150
Jharkhand,2011,Riots,0,0,0,0,0,0,0,0,0,0,0,0,0,0,0
Jharkhand,2011,Arson,0,0,0,9,0,9,15,1,16,5,1,6,29,2,31
Jharkhand,2011,Criminal Breach Of Trust,0,0,0,19,0,19,33,2,35,6,0,6,58,2,60
Jharkhand,2011,Cheating,0,0,0,84,5,89,72,6,78,25,1,26,181,12,193
Jharkhand,2011,Counter Feiting,0,0,0,60,12,72,28,1,29,14,0,14,102,13,115
Jharkhand,2011,Dowry Deaths,0,0,0,285,39,324,199,49,248,101,41,142,585,129,714
Jharkhand,2011,Molestation,0,0,0,0,0,0,0,0,0,0,0,0,0,0,0
Jharkhand,2011,Eve-Teasing,0,0,0,0,0,0,0,0,0,0,0,0,0,0,0
Jharkhand,2011,Cruelty By Husband Or Relative Of Husband,0,0,0,120,8,128,109,14,123,31,8,39,260,30,290
Jharkhand,2011,Other Ipc Crimes,0,0,0,118,0,118,72,2,74,26,0,26,216,2,218
Jharkhand,2012,Murder,0,0,0,1075,99,1174,1309,71,1380,376,25,401,2760,195,2955
Jharkhand,2012,Attempt To Commit Murder,1,0,1,530,28,558,441,29,470,152,6,158,1124,63,1187
Jharkhand,2012,C.H. Not Amounting To Murder,0,0,0,116,1,117,125,2,127,37,5,42,278,8,286
Jharkhand,2012,Rape,0,0,0,485,0,485,410,3,413,54,0,54,949,3,952
Jharkhand,2012,Kidnapping And Abduction,0,0,0,426,19,445,317,16,333,51,4,55,794,39,833
Jharkhand,2012,Dacoity,0,0,0,326,2,328,366,1,367,43,0,43,735,3,738
Jharkhand,2012,Prep. And Assembly For Dacoity,0,0,0,60,0,60,122,0,122,3,0,3,185,0,185
Jharkhand,2012,Robbery,0,0,0,245,0,245,187,0,187,19,0,19,451,0,451
Jharkhand,2012,Burglary,0,0,0,76,2,78,49,4,53,1,0,1,126,6,132
Jharkhand,2012,Thefts,0,0,0,474,11,485,458,20,478,75,4,79,1007,35,1042
Jharkhand,2012,Extortion,0,0,0,114,0,114,94,0,94,25,0,25,233,0,233
Jharkhand,2012,Riots,0,0,0,4,0,4,16,0,16,1,0,1,21,0,21
Jharkhand,2012,Arson,0,0,0,9,0,9,5,0,5,2,0,2,16,0,16
Jharkhand,2012,Criminal Breach Of Trust,0,0,0,33,1,34,47,2,49,10,0,10,90,3,93
Jharkhand,2012,Cheating,0,0,0,127,0,127,114,1,115,30,2,32,271,3,274
Jharkhand,2012,Counter Feiting,0,0,0,35,5,40,72,11,83,14,1,15,121,17,138
Jharkhand,2012,Dowry Deaths,0,0,0,289,31,320,317,55,372,137,36,173,743,122,865
Jharkhand,2012,Molestation,0,0,0,3,0,3,0,0,0,0,0,0,3,0,3
Jharkhand,2012,Eve-Teasing,0,0,0,2,0,2,12,0,12,2,0,2,16,0,16
Jharkhand,2012,Cruelty By Husband Or Relative Of Husband,0,0,0,133,5,138,158,12,170,40,3,43,331,20,351
Jharkhand,2012,Other Ipc Crimes,0,0,0,55,2,57,102,7,109,22,0,22,179,9,188
Karnataka,2001,Murder,22,0,22,1191,62,1253,1537,32,1569,85,1,86,2835,95,2930
Karnataka,2001,Attempt To Commit Murder,5,0,5,311,4,315,401,7,408,56,0,56,773,11,784
Karnataka,2001,C.H. Not Amounting To Murder,0,0,0,11,0,11,37,0,37,4,0,4,52,0,52
Karnataka,2001,Rape,7,0,7,79,0,79,74,0,74,11,0,11,171,0,171
Karnataka,2001,Kidnapping And Abduction,0,0,0,3,0,3,4,0,4,0,0,0,7,0,7
Karnataka,2001,Dacoity,9,0,9,81,0,81,77,0,77,4,0,4,171,0,171
Karnataka,2001,Prep. And Assembly For Dacoity,0,0,0,11,0,11,19,0,19,0,0,0,30,0,30
Karnataka,2001,Robbery,21,0,21,27,0,27,82,0,82,17,0,17,147,0,147
Karnataka,2001,Burglary,15,0,15,48,0,48,88,0,88,17,0,17,168,0,168
Karnataka,2001,Thefts,179,4,183,177,17,194,307,17,324,18,1,19,681,39,720
Karnataka,2001,Extortion,12,0,12,17,0,17,34,0,34,2,0,2,65,0,65
Karnataka,2001,Riots,3,0,3,7,0,7,12,0,12,9,0,9,31,0,31
Karnataka,2001,Arson,27,0,27,19,0,19,31,0,31,6,0,6,83,0,83
Karnataka,2001,Criminal Breach Of Trust,0,0,0,13,0,13,11,0,11,2,0,2,26,0,26
Karnataka,2001,Cheating,6,0,6,69,0,69,57,1,58,21,0,21,153,1,154
Karnataka,2001,Counter Feiting,0,0,0,10,0,10,18,0,18,3,0,3,31,0,31
Karnataka,2001,Dowry Deaths,2,0,2,7,0,7,15,0,15,2,0,2,26,0,26
Karnataka,2001,Molestation,2,0,2,7,0,7,15,0,15,2,0,2,26,0,26
Karnataka,2001,Eve-Teasing,7,0,7,19,0,19,32,1,33,2,0,2,60,1,61
Karnataka,2001,Cruelty By Husband Or Relative Of Husband,1,0,1,22,0,22,36,0,36,7,0,7,66,0,66
Karnataka,2001,Other Ipc Crimes,23,0,23,46,0,46,319,3,322,161,2,163,549,5,554
Karnataka,2002,Murder,35,0,35,1716,62,1778,1158,37,1195,286,8,294,3195,107,3302
Karnataka,2002,Attempt To Commit Murder,17,0,17,417,12,429,371,13,384,21,0,21,826,25,851
Karnataka,2002,C.H. Not Amounting To Murder,0,0,0,19,0,19,41,0,41,7,0,7,67,0,67
Karnataka,2002,Rape,7,0,7,113,0,113,76,0,76,9,0,9,205,0,205
Karnataka,2002,Kidnapping And Abduction,1,0,1,7,0,7,8,0,8,0,0,0,16,0,16
Karnataka,2002,Dacoity,11,0,11,91,0,91,97,0,97,2,0,2,201,0,201
Karnataka,2002,Prep. And Assembly For Dacoity,3,0,3,12,0,12,15,0,15,0,0,0,30,0,30
Karnataka,2002,Robbery,2,0,2,21,0,21,81,0,81,12,0,12,116,0,116
Karnataka,2002,Burglary,0,0,0,47,0,47,73,0,73,18,2,20,138,2,140
Karnataka,2002,Thefts,202,2,204,262,51,313,307,0,307,7,0,7,778,53,831
Karnataka,2002,Extortion,0,0,0,0,0,0,0,0,0,0,0,0,0,0,0
Karnataka,2002,Riots,12,0,12,18,0,18,9,0,9,5,0,5,44,0,44
Karnataka,2002,Arson,0,0,0,0,0,0,0,0,0,0,0,0,0,0,0
Karnataka,2002,Criminal Breach Of Trust,0,0,0,7,0,7,9,0,9,2,0,2,18,0,18
Karnataka,2002,Cheating,5,0,5,81,0,81,67,3,70,13,0,13,166,3,169
Karnataka,2002,Counter Feiting,0,0,0,11,0,11,12,0,12,2,0,2,25,0,25
Karnataka,2002,Dowry Deaths,0,0,0,24,0,24,57,8,65,72,1,73,153,9,162
Karnataka,2002,Molestation,0,0,0,0,0,0,0,0,0,0,0,0,0,0,0
Karnataka,2002,Eve-Teasing,0,0,0,0,0,0,0,0,0,0,0,0,0,0,0
Karnataka,2002,Cruelty By Husband Or Relative Of Husband,0,0,0,18,0,18,64,2,66,21,0,21,103,2,105
Karnataka,2002,Other Ipc Crimes,103,0,103,40,0,40,178,1,179,75,1,76,396,2,398
Karnataka,2003,Murder,21,0,21,2191,59,2250,1379,41,1420,303,11,314,3894,111,4005
Karnataka,2003,Attempt To Commit Murder,19,0,19,403,11,414,383,13,396,8,0,8,813,24,837
Karnataka,2003,C.H. Not Amounting To Murder,0,0,0,21,0,21,37,0,37,9,0,9,67,0,67
Karnataka,2003,Rape,9,0,9,117,0,117,81,0,81,11,0,11,218,0,218
Karnataka,2003,Kidnapping And Abduction,0,0,0,11,0,11,8,0,8,0,0,0,19,0,19
Karnataka,2003,Dacoity,13,0,13,81,0,81,103,0,103,4,0,4,201,0,201
Karnataka,2003,Prep. And Assembly For Dacoity,2,0,2,13,0,13,17,0,17,0,0,0,32,0,32
Karnataka,2003,Robbery,3,0,3,22,0,22,84,0,84,9,0,9,118,0,118
Karnataka,2003,Burglary,0,0,0,43,0,43,74,0,74,21,2,23,138,2,140
Karnataka,2003,Thefts,207,0,207,271,43,314,301,0,301,5,0,5,784,43,827
Karnataka,2003,Extortion,0,0,0,0,0,0,0,0,0,0,0,0,0,0,0
Karnataka,2003,Riots,11,0,11,19,0,19,11,0,11,3,0,3,44,0,44
Karnataka,2003,Arson,0,0,0,0,0,0,0,0,0,0,0,0,0,0,0
Karnataka,2003,Criminal Breach Of Trust,0,0,0,7,0,7,9,0,9,1,0,1,17,0,17
Karnataka,2003,Criminal Breach Of Trust,0,0,0,7,0,7,9,0,9,1,0,1,17,0,17
Karnataka,2003,Cheating,3,0,3,78,0,78,71,3,74,11,0,11,163,3,166
Karnataka,2003,Counter Feiting,0,0,0,9,0,9,11,0,11,1,0,1,21,0,21
Karnataka,2003,Dowry Deaths,0,0,0,0,0,0,0,0,0,0,0,0,0,0,0
Karnataka,2003,Molestation,0,0,0,0,0,0,0,0,0,0,0,0,0,0,0
Karnataka,2003,Eve-Teasing,0,0,0,0,0,0,0,0,0,0,0,0,0,0,0
Karnataka,2003,Cruelty By Husband Or Relative Of Husband,0,0,0,0,0,0,0,0,0,0,0,0,0,0,0
Karnataka,2003,Other Ipc Crimes,78,0,78,123,0,123,302,0,302,0,0,0,503,0,503
Karnataka,2004,Murder,37,0,37,2267,61,2328,1386,43,1429,247,12,259,3937,116,4053
Karnataka,2004,Attempt To Commit Murder,23,0,23,417,23,440,397,12,409,21,0,21,858,35,893
Karnataka,2004,C.H. Not Amounting To Murder,0,0,0,23,0,23,41,0,41,11,0,11,75,0,75
Karnataka,2004,Rape,9,0,9,123,0,123,86,0,86,11,0,11,229,0,229
Karnataka,2004,Kidnapping And Abduction,0,0,0,13,0,13,8,0,8,0,0,0,21,0,21
Karnataka,2004,Dacoity,17,0,17,97,0,97,105,0,105,4,0,4,223,0,223
Karnataka,2004,Prep. And Assembly For Dacoity,2,0,2,17,0,17,22,0,22,0,0,0,41,0,41
Karnataka,2004,Robbery,5,0,5,27,0,27,98,0,98,11,0,11,141,0,141
Karnataka,2004,Burglary,41,0,41,77,2,79,23,1,24,0,0,0,141,3,144
Karnataka,2004,Thefts,223,0,223,304,69,373,327,2,329,7,0,7,861,71,932
Karnataka,2004,Extortion,0,0,0,0,0,0,0,0,0,0,0,0,0,0,0
Karnataka,2004,Riots,11,0,11,23,1,24,2,0,2,2,0,2,38,1,39
Karnataka,2004,Arson,0,0,0,0,0,0,0,0,0,0,0,0,0,0,0
Karnataka,2004,Criminal Breach Of Trust,0,0,0,16,0,16,7,0,7,1,0,1,24,0,24
Karnataka,2004,Cheating,3,0,3,77,0,77,76,3,79,9,0,9,165,3,168
Karnataka,2004,Counter Feiting,0,0,0,11,0,11,12,0,12,1,0,1,24,0,24
Karnataka,2004,Dowry Deaths,0,0,0,0,0,0,0,0,0,0,0,0,0,0,0
Karnataka,2004,Molestation,0,0,0,0,0,0,0,0,0,0,0,0,0,0,0
Karnataka,2004,Eve-Teasing,0,0,0,0,0,0,0,0,0,0,0,0,0,0,0
Karnataka,2004,Cruelty By Husband Or Relative Of Husband,0,0,0,0,0,0,0,0,0,0,0,0,0,0,0
Karnataka,2004,Other Ipc Crimes,0,0,0,92,9,101,271,19,290,1,0,1,364,28,392
Karnataka,2005,Murder,0,0,0,2283,84,2367,1393,39,1432,202,9,211,3878,132,4010
Karnataka,2005,Attempt To Commit Murder,0,0,0,423,53,476,412,11,423,19,0,19,854,64,918
Karnataka,2005,C.H. Not Amounting To Murder,0,0,0,27,0,27,38,0,38,11,0,11,76,0,76
Karnataka,2005,Rape,0,0,0,127,0,127,83,0,83,9,0,9,219,0,219
Karnataka,2005,Kidnapping And Abduction,0,0,0,12,0,12,9,0,9,0,0,0,21,0,21
Karnataka,2005,Dacoity,0,0,0,203,0,203,111,0,111,3,0,3,317,0,317
Karnataka,2005,Prep. And Assembly For Dacoity,0,0,0,19,0,19,27,0,27,0,0,0,46,0,46
Karnataka,2005,Robbery,0,0,0,29,0,29,103,0,103,7,0,7,139,0,139
Karnataka,2005,Burglary,0,0,0,46,0,46,81,2,83,21,1,22,148,3,151
Karnataka,2005,Thefts,0,0,0,351,0,351,316,2,318,4,0,4,671,2,673
Karnataka,2005,Extortion,0,0,0,0,0,0,0,0,0,0,0,0,0,0,0
Karnataka,2005,Riots,0,0,0,26,1,27,7,0,7,1,0,1,34,1,35
Karnataka,2005,Arson,0,0,0,0,0,0,0,0,0,0,0,0,0,0,0
Karnataka,2005,Criminal Breach Of Trust,0,0,0,13,0,13,5,0,5,1,0,1,19,0,19
Karnataka,2005,Cheating,0,0,0,81,4,85,73,2,75,7,0,7,161,6,167
Karnataka,2005,Counter Feiting,0,0,0,9,0,9,12,0,12,1,0,1,22,0,22
Karnataka,2005,Dowry Deaths,0,0,0,12,0,12,36,2,38,2,0,2,50,2,52
Karnataka,2005,Molestation,0,0,0,0,0,0,0,0,0,0,0,0,0,0,0
Karnataka,2005,Eve-Teasing,0,0,0,0,0,0,0,0,0,0,0,0,0,0,0
Karnataka,2005,Cruelty By Husband Or Relative Of Husband,0,0,0,0,0,0,0,0,0,0,0,0,0,0,0
Karnataka,2005,Other Ipc Crimes,0,0,0,0,0,0,0,0,0,0,0,0,0,0,0
Karnataka,2005,Other Ipc Crimes,0,0,0,337,9,346,146,16,162,1,0,1,484,25,509
Karnataka,2006,Murder,0,0,0,2537,87,2624,1498,42,1540,221,9,230,4256,138,4394
Karnataka,2006,Attempt To Commit Murder,0,0,0,504,53,557,451,11,462,23,0,23,978,64,1042
Karnataka,2006,C.H. Not Amounting To Murder,0,0,0,26,0,26,39,0,39,9,0,9,74,0,74
Karnataka,2006,Rape,0,0,0,124,0,124,89,0,89,7,0,7,220,0,220
Karnataka,2006,Kidnapping And Abduction,0,0,0,11,0,11,9,0,9,0,0,0,20,0,20
Karnataka,2006,Dacoity,0,0,0,207,0,207,121,0,121,3,0,3,331,0,331
Karnataka,2006,Prep. And Assembly For Dacoity,0,0,0,18,0,18,21,0,21,0,0,0,39,0,39
Karnataka,2006,Robbery,0,0,0,32,0,32,107,0,107,7,0,7,146,0,146
Karnataka,2006,Burglary,0,0,0,46,0,46,93,2,95,27,2,29,166,4,170
Karnataka,2006,Thefts,0,0,0,362,5,367,337,3,340,4,0,4,703,8,711
Karnataka,2006,Extortion,0,0,0,0,0,0,0,0,0,0,0,0,0,0,0
Karnataka,2006,Riots,0,0,0,27,1,28,7,0,7,1,0,1,35,1,36
Karnataka,2006,Arson,0,0,0,0,0,0,0,0,0,0,0,0,0,0,0
Karnataka,2006,Criminal Breach Of Trust,0,0,0,13,0,13,5,0,5,1,0,1,19,0,19
Karnataka,2006,Cheating,0,0,0,79,4,83,81,2,83,7,0,7,167,6,173
Karnataka,2006,Counter Feiting,0,0,0,9,0,9,12,0,12,1,0,1,22,0,22
Karnataka,2006,Dowry Deaths,0,0,0,12,0,12,37,4,41,3,0,3,52,4,56
Karnataka,2006,Molestation,0,0,0,0,0,0,0,0,0,0,0,0,0,0,0
Karnataka,2006,Eve-Teasing,0,0,0,0,0,0,0,0,0,0,0,0,0,0,0
Karnataka,2006,Cruelty By Husband Or Relative Of Husband,0,0,0,0,0,0,0,0,0,0,0,0,0,0,0
Karnataka,2006,Other Ipc Crimes,0,0,0,381,4,385,157,17,174,1,0,1,539,21,560
Karnataka,2007,Murder,0,0,0,2679,93,2772,1603,57,1660,251,9,260,4533,159,4692
Karnataka,2007,Attempt To Commit Murder,0,0,0,505,51,556,482,13,495,33,0,33,1020,64,1084
Karnataka,2007,C.H. Not Amounting To Murder,0,0,0,23,0,23,37,0,37,7,0,7,67,0,67
Karnataka,2007,Rape,0,0,0,121,0,121,91,0,91,6,0,6,218,0,218
Karnataka,2007,Kidnapping And Abduction,0,0,0,9,0,9,9,0,9,0,0,0,18,0,18
Karnataka,2007,Dacoity,0,0,0,217,0,217,128,0,128,3,0,3,348,0,348
Karnataka,2007,Prep. And Assembly For Dacoity,0,0,0,16,0,16,23,0,23,0,0,0,39,0,39
Karnataka,2007,Robbery,0,0,0,31,0,31,108,0,108,6,0,6,145,0,145
Karnataka,2007,Burglary,0,0,0,45,0,45,94,3,97,21,2,23,160,5,165
Karnataka,2007,Thefts,0,0,0,361,0,361,331,3,334,7,0,7,699,3,702
Karnataka,2007,Extortion,0,0,0,0,0,0,0,0,0,0,0,0,0,0,0
Karnataka,2007,Riots,0,0,0,28,1,29,6,0,6,1,0,1,35,1,36
Karnataka,2007,Arson,0,0,0,0,0,0,0,0,0,0,0,0,0,0,0
Karnataka,2007,Criminal Breach Of Trust,0,0,0,11,0,11,4,0,4,1,0,1,16,0,16
Karnataka,2007,Cheating,0,0,0,78,5,83,84,4,88,6,0,6,168,9,177
Karnataka,2007,Counter Feiting,0,0,0,8,0,8,17,0,17,1,0,1,26,0,26
Karnataka,2007,Dowry Deaths,0,0,0,78,5,83,84,4,88,6,0,6,168,9,177
Karnataka,2007,Molestation,0,0,0,8,0,8,17,0,17,1,0,1,26,0,26
Karnataka,2007,Eve-Teasing,0,0,0,11,0,11,39,4,43,3,0,3,53,4,57
Karnataka,2007,Cruelty By Husband Or Relative Of Husband,0,0,0,0,0,0,0,0,0,0,0,0,0,0,0
Karnataka,2007,Other Ipc Crimes,0,0,0,302,6,308,92,19,111,1,0,1,395,25,420
Karnataka,2008,Murder,0,0,0,2779,95,2874,1714,57,1771,267,9,276,4760,161,4921
Karnataka,2008,Attempt To Commit Murder,0,0,0,541,51,592,497,13,510,37,0,37,1075,64,1139
Karnataka,2008,C.H. Not Amounting To Murder,0,0,0,23,0,23,39,0,39,6,0,6,68,0,68
Karnataka,2008,Rape,0,0,0,127,0,127,89,0,89,6,0,6,222,0,222
Karnataka,2008,Kidnapping And Abduction,0,0,0,11,0,11,9,0,9,0,0,0,20,0,20
Karnataka,2008,Dacoity,0,0,0,237,0,237,131,0,131,2,0,2,370,0,370
Karnataka,2008,Prep. And Assembly For Dacoity,0,0,0,16,0,16,24,0,24,0,0,0,40,0,40
Karnataka,2008,Robbery,0,0,0,31,0,31,111,0,111,6,0,6,148,0,148
Karnataka,2008,Burglary,0,0,0,47,0,47,97,3,100,31,2,33,175,5,180
Karnataka,2008,Thefts,0,0,0,373,0,373,341,3,344,8,0,8,722,3,725
Karnataka,2008,Extortion,0,0,0,0,0,0,0,0,0,0,0,0,0,0,0
Karnataka,2008,Riots,0,0,0,31,1,32,6,0,6,1,0,1,38,1,39
Karnataka,2008,Arson,0,0,0,0,0,0,0,0,0,0,0,0,0,0,0
Karnataka,2008,Criminal Breach Of Trust,0,0,0,11,0,11,4,0,4,1,0,1,16,0,16
Karnataka,2008,Cheating,0,0,0,81,5,86,87,4,91,7,0,7,175,9,184
Karnataka,2008,Counter Feiting,0,0,0,8,0,8,19,0,19,1,0,1,28,0,28
Karnataka,2008,Dowry Deaths,0,0,0,11,0,11,41,4,45,4,0,4,56,4,60
Karnataka,2008,Molestation,0,0,0,0,0,0,0,0,0,0,0,0,0,0,0
Karnataka,2008,Eve-Teasing,0,0,0,0,0,0,0,0,0,0,0,0,0,0,0
Karnataka,2008,Cruelty By Husband Or Relative Of Husband,0,0,0,0,0,0,0,0,0,0,0,0,0,0,0
Karnataka,2008,Other Ipc Crimes,0,0,0,376,11,387,193,23,216,1,0,1,570,34,604
Karnataka,2009,Murder,0,0,0,2835,93,2928,1706,59,1765,251,10,261,4792,162,4954
Karnataka,2009,Attempt To Commit Murder,0,0,0,511,51,562,508,13,521,45,0,45,1064,64,1128
Karnataka,2009,C.H. Not Amounting To Murder,0,0,0,19,0,19,52,0,52,6,0,6,77,0,77
Karnataka,2009,Rape,0,0,0,111,0,111,89,0,89,6,0,6,206,0,206
Karnataka,2009,Kidnapping And Abduction,0,0,0,11,0,11,9,0,9,0,0,0,20,0,20
Karnataka,2009,Dacoity,0,0,0,237,0,237,131,0,131,2,0,2,370,0,370
Karnataka,2009,Prep. And Assembly For Dacoity,0,0,0,16,0,16,24,0,24,0,0,0,40,0,40
Karnataka,2009,Robbery,0,0,0,31,0,31,111,0,111,6,0,6,148,0,148
Karnataka,2009,Burglary,0,0,0,47,0,47,97,3,100,31,2,33,175,5,180
Karnataka,2009,Thefts,0,0,0,373,3,376,341,3,344,8,0,8,722,6,728
Karnataka,2009,Extortion,0,0,0,0,0,0,0,0,0,0,0,0,0,0,0
Karnataka,2009,Riots,0,0,0,31,2,33,6,0,6,1,0,1,38,2,40
Karnataka,2009,Arson,0,0,0,0,0,0,0,0,0,0,0,0,0,0,0
Karnataka,2009,Criminal Breach Of Trust,0,0,0,11,1,12,4,0,4,1,0,1,16,1,17
Karnataka,2009,Cheating,0,0,0,81,5,86,87,4,91,7,0,7,175,9,184
Karnataka,2009,Counter Feiting,0,0,0,8,0,8,19,0,19,1,0,1,28,0,28
Karnataka,2009,Dowry Deaths,0,0,0,11,0,11,41,4,45,4,0,4,56,4,60
Karnataka,2009,Molestation,0,0,0,0,0,0,0,0,0,0,0,0,0,0,0
Karnataka,2009,Eve-Teasing,0,0,0,0,0,0,0,0,0,0,0,0,0,0,0
Karnataka,2009,Cruelty By Husband Or Relative Of Husband,0,0,0,16,0,16,14,0,14,0,0,0,30,0,30
Karnataka,2009,Other Ipc Crimes,0,0,0,273,8,281,190,23,213,1,0,1,464,31,495
Karnataka,2010,Murder,0,0,0,2411,81,2492,1561,57,1618,247,7,254,4219,145,4364
Karnataka,2010,Attempt To Commit Murder,0,0,0,513,47,560,524,11,535,27,0,27,1064,58,1122
Karnataka,2010,C.H. Not Amounting To Murder,0,0,0,21,0,21,57,0,57,6,0,6,84,0,84
Karnataka,2010,Rape,0,0,0,112,0,112,83,0,83,6,0,6,201,0,201
Karnataka,2010,Kidnapping And Abduction,0,0,0,11,0,11,9,0,9,0,0,0,20,0,20
Karnataka,2010,Dacoity,0,0,0,217,0,217,130,0,130,2,0,2,349,0,349
Karnataka,2010,Prep. And Assembly For Dacoity,0,0,0,15,0,15,21,0,21,0,0,0,36,0,36
Karnataka,2010,Robbery,0,0,0,37,0,37,111,0,111,6,0,6,154,0,154
Karnataka,2010,Burglary,0,0,0,51,0,51,97,2,99,31,2,33,179,4,183
Karnataka,2010,Thefts,0,0,0,401,2,403,341,2,343,7,0,7,749,4,753
Karnataka,2010,Extortion,0,0,0,0,0,0,0,0,0,0,0,0,0,0,0
Karnataka,2010,Riots,0,0,0,34,2,36,6,0,6,1,0,1,41,2,43
Karnataka,2010,Arson,0,0,0,0,0,0,0,0,0,0,0,0,0,0,0
Karnataka,2010,Criminal Breach Of Trust,0,0,0,11,1,12,4,0,4,1,0,1,16,1,17
Karnataka,2010,Cheating,0,0,0,81,4,85,87,1,88,7,0,7,175,5,180
Karnataka,2010,Counter Feiting,0,0,0,0,0,0,0,0,0,0,0,0,0,0,0
Karnataka,2010,Dowry Deaths,0,0,0,11,0,11,41,4,45,4,0,4,56,4,60
Karnataka,2010,Molestation,0,0,0,0,0,0,0,0,0,0,0,0,0,0,0
Karnataka,2010,Eve-Teasing,0,0,0,0,0,0,0,0,0,0,0,0,0,0,0
Karnataka,2010,Cruelty By Husband Or Relative Of Husband,0,0,0,16,0,16,14,0,14,0,0,0,30,0,30
Karnataka,2010,Other Ipc Crimes,0,0,0,309,3,312,222,9,231,2,0,2,533,12,545
Karnataka,2011,Murder,0,0,0,2069,88,2157,1240,63,1303,238,9,247,3547,160,3707
Karnataka,2011,Attempt To Commit Murder,0,0,0,547,52,599,527,14,541,26,0,26,1100,66,1166
Karnataka,2011,C.H. Not Amounting To Murder,0,0,0,27,0,27,54,0,54,7,0,7,88,0,88
Karnataka,2011,Rape,0,0,0,116,0,116,81,0,81,8,0,8,205,0,205
Karnataka,2011,Kidnapping And Abduction,0,0,0,17,0,17,11,0,11,0,0,0,28,0,28
Karnataka,2011,Dacoity,0,0,0,243,0,243,131,0,131,1,0,1,375,0,375
Karnataka,2011,Prep. And Assembly For Dacoity,0,0,0,16,0,16,19,0,19,0,0,0,35,0,35
Karnataka,2011,Robbery,0,0,0,41,0,41,116,0,116,6,0,6,163,0,163
Karnataka,2011,Burglary,0,0,0,54,0,54,99,3,102,34,2,36,187,5,192
Karnataka,2011,Thefts,0,0,0,407,2,409,337,1,338,8,0,8,752,3,755
Karnataka,2011,Extortion,0,0,0,1,0,1,0,0,0,0,0,0,1,0,1
Karnataka,2011,Riots,0,0,0,39,2,41,5,0,5,1,0,1,45,2,47
Karnataka,2011,Arson,0,0,0,0,0,0,0,0,0,0,0,0,0,0,0
Karnataka,2011,Criminal Breach Of Trust,0,0,0,13,1,14,4,0,4,1,0,1,18,1,19
Karnataka,2011,Cheating,0,0,0,82,4,86,81,1,82,2,0,2,165,5,170
Karnataka,2011,Counter Feiting,0,0,0,7,0,7,19,0,19,1,0,1,27,0,27
Karnataka,2011,Dowry Deaths,0,0,0,17,0,17,42,5,47,5,0,5,64,5,69
Karnataka,2011,Molestation,0,0,0,0,0,0,0,0,0,0,0,0,0,0,0
Karnataka,2011,Eve-Teasing,0,0,0,0,0,0,0,0,0,0,0,0,0,0,0
Karnataka,2011,Cruelty By Husband Or Relative Of Husband,0,0,0,21,0,21,16,0,16,0,0,0,37,0,37
Karnataka,2011,Other Ipc Crimes,0,0,0,308,3,311,194,11,205,3,0,3,505,14,519
Karnataka,2012,Murder,0,0,0,2344,116,2460,1301,87,1388,226,7,233,3871,210,4081
Karnataka,2012,Attempt To Commit Murder,0,0,0,468,39,507,517,11,528,38,1,39,1023,51,1074
Karnataka,2012,C.H. Not Amounting To Murder,0,0,0,21,0,21,37,0,37,3,0,3,61,0,61
Karnataka,2012,Rape,0,0,0,127,0,127,112,0,112,1,0,1,240,0,240
Karnataka,2012,Kidnapping And Abduction,0,0,0,36,0,36,31,0,31,0,0,0,67,0,67
Karnataka,2012,Dacoity,0,0,0,307,0,307,198,1,199,2,0,2,507,1,508
Karnataka,2012,Prep. And Assembly For Dacoity,0,0,0,21,0,21,36,0,36,2,0,2,59,0,59
Karnataka,2012,Robbery,0,0,0,47,0,47,137,0,137,7,0,7,191,0,191
Karnataka,2012,Burglary,0,0,0,61,0,61,146,2,148,47,1,48,254,3,257
Karnataka,2012,Thefts,0,0,0,463,6,469,289,4,293,10,0,10,762,10,772
Karnataka,2012,Extortion,0,0,0,6,0,6,13,0,13,1,0,1,20,0,20
Karnataka,2012,Riots,0,0,0,17,1,18,11,1,12,2,0,2,30,2,32
Karnataka,2012,Arson,0,0,0,6,0,6,11,0,11,1,0,1,18,0,18
Karnataka,2012,Criminal Breach Of Trust,0,0,0,16,1,17,11,2,13,1,0,1,28,3,31
Karnataka,2012,Cheating,0,0,0,72,3,75,101,3,104,9,1,10,182,7,189
Karnataka,2012,Counter Feiting,0,0,0,5,0,5,17,0,17,1,0,1,23,0,23
Karnataka,2012,Dowry Deaths,0,0,0,32,0,32,51,5,56,6,2,8,89,7,96
Karnataka,2012,Molestation,0,0,0,1,0,1,3,0,3,0,0,0,4,0,4
Karnataka,2012,Eve-Teasing,0,0,0,3,0,3,1,0,1,0,0,0,4,0,4
Karnataka,2012,Cruelty By Husband Or Relative Of Husband,0,0,0,37,0,37,46,1,47,2,0,2,85,1,86
Karnataka,2012,Other Ipc Crimes,0,0,0,273,6,279,179,3,182,2,0,2,454,9,463
Kerala,2001,Murder,6,0,6,35,0,35,68,12,80,25,1,26,134,13,147
Kerala,2001,Attempt To Commit Murder,0,0,0,152,8,160,46,0,46,10,0,10,208,8,216
Kerala,2001,C.H. Not Amounting To Murder,0,0,0,3,0,3,22,0,22,7,0,7,32,0,32
Kerala,2001,Rape,0,0,0,98,0,98,77,0,77,4,0,4,179,0,179
Kerala,2001,Kidnapping And Abduction,0,0,0,29,0,29,10,1,11,6,0,6,45,1,46
Kerala,2001,Dacoity,0,0,0,24,0,24,32,0,32,3,0,3,59,0,59
Kerala,2001,Prep. And Assembly For Dacoity,0,0,0,7,0,7,17,0,17,2,0,2,26,0,26
Kerala,2001,Robbery,0,0,0,138,5,143,105,2,107,92,4,96,335,11,346
Kerala,2001,Burglary,0,0,0,43,0,43,14,0,14,8,0,8,65,0,65
Kerala,2001,Thefts,14,0,14,296,10,306,268,8,276,86,5,91,664,23,687
Kerala,2001,Extortion,0,0,0,12,0,12,5,0,5,4,0,4,21,0,21
Kerala,2001,Riots,0,0,0,8,0,8,2,0,2,1,0,1,11,0,11
Kerala,2001,Arson,0,0,0,0,0,0,0,0,0,0,0,0,0,0,0
Kerala,2001,Criminal Breach Of Trust,0,0,0,4,1,5,7,1,8,6,3,9,17,5,22
Kerala,2001,Cheating,0,0,0,28,2,30,0,0,0,0,0,0,28,2,30
Kerala,2001,Counter Feiting,0,0,0,2,0,2,36,5,41,2,0,2,40,5,45
Kerala,2001,Dowry Deaths,0,0,0,4,0,4,0,0,0,1,0,1,5,0,5
Kerala,2001,Molestation,0,0,0,0,0,0,0,0,0,0,0,0,0,0,0
Kerala,2001,Eve-Teasing,0,0,0,0,0,0,0,0,0,0,0,0,0,0,0
Kerala,2001,Cruelty By Husband Or Relative Of Husband,0,0,0,0,0,0,0,0,0,0,0,0,0,0,0
Kerala,2001,Other Ipc Crimes,0,0,0,52,0,52,79,5,84,66,3,69,197,8,205
Kerala,2002,Murder,0,0,0,94,0,94,62,10,72,18,1,19,174,11,185
Kerala,2002,Attempt To Commit Murder,0,0,0,78,7,85,43,0,43,7,0,7,128,7,135
Kerala,2002,C.H. Not Amounting To Murder,1,0,1,10,0,10,18,0,18,5,0,5,34,0,34
Kerala,2002,Rape,2,0,2,107,0,107,64,0,64,5,0,5,178,0,178
Kerala,2002,Kidnapping And Abduction,2,0,2,140,0,140,8,2,10,2,0,2,152,2,154
Kerala,2002,Dacoity,0,0,0,14,0,14,24,0,24,3,0,3,41,0,41
Kerala,2002,Prep. And Assembly For Dacoity,0,0,0,31,0,31,12,0,12,1,0,1,44,0,44
Kerala,2002,Robbery,10,0,10,141,0,141,196,6,202,112,0,112,459,6,465
Kerala,2002,Burglary,0,0,0,0,0,0,8,0,8,1,0,1,9,0,9
Kerala,2002,Thefts,5,0,5,129,13,142,245,6,251,75,6,81,454,25,479
Kerala,2002,Extortion,0,0,0,8,0,8,3,0,3,4,0,4,15,0,15
Kerala,2002,Riots,0,0,0,6,0,6,1,0,1,0,0,0,7,0,7
Kerala,2002,Arson,0,0,0,0,0,0,0,0,0,0,0,0,0,0,0
Kerala,2002,Criminal Breach Of Trust,0,0,0,2,1,3,9,3,12,0,0,0,11,4,15
Kerala,2002,Cheating,0,0,0,33,5,38,3,1,4,12,3,15,48,9,57
Kerala,2002,Counter Feiting,0,0,0,3,0,3,1,0,1,0,0,0,4,0,4
Kerala,2002,Dowry Deaths,0,0,0,2,0,2,0,0,0,0,0,0,2,0,2
Kerala,2002,Molestation,0,0,0,0,0,0,0,0,0,0,0,0,0,0,0
Kerala,2002,Eve-Teasing,0,0,0,0,0,0,0,0,0,0,0,0,0,0,0
Kerala,2002,Cruelty By Husband Or Relative Of Husband,0,0,0,0,0,0,0,0,0,0,0,0,0,0,0
Kerala,2002,Other Ipc Crimes,0,0,0,20,17,37,83,2,85,37,5,42,140,24,164
Kerala,2003,Murder,0,0,0,96,0,96,60,10,70,18,1,19,174,11,185
Kerala,2003,Attempt To Commit Murder,0,0,0,103,7,110,43,0,43,7,0,7,153,7,160
Kerala,2003,C.H. Not Amounting To Murder,0,0,0,10,0,10,17,0,17,4,0,4,31,0,31
Kerala,2003,Rape,0,0,0,159,0,159,63,0,63,6,0,6,228,0,228
Kerala,2003,Kidnapping And Abduction,0,0,0,192,0,192,8,2,10,2,0,2,202,2,204
Kerala,2003,Dacoity,0,0,0,14,0,14,23,0,23,4,0,4,41,0,41
Kerala,2003,Prep. And Assembly For Dacoity,0,0,0,30,0,30,13,0,13,1,0,1,44,0,44
Kerala,2003,Robbery,0,0,0,186,0,186,198,6,204,112,0,112,496,6,502
Kerala,2003,Burglary,0,0,0,0,0,0,9,0,9,0,0,0,9,0,9
Kerala,2003,Thefts,0,0,0,184,14,198,245,6,251,145,6,151,574,26,600
Kerala,2003,Extortion,0,0,0,9,0,9,2,0,2,4,0,4,15,0,15
Kerala,2003,Riots,0,0,0,7,0,7,0,0,0,0,0,0,7,0,7
Kerala,2003,Arson,0,0,0,0,0,0,0,0,0,0,0,0,0,0,0
Kerala,2003,Criminal Breach Of Trust,0,0,0,4,1,5,7,3,10,0,0,0,11,4,15
Kerala,2003,Cheating,0,0,0,30,5,35,6,1,7,12,3,15,48,9,57
Kerala,2003,Counter Feiting,0,0,0,4,0,4,0,0,0,0,0,0,4,0,4
Kerala,2003,Dowry Deaths,0,0,0,3,0,3,0,0,0,0,0,0,3,0,3
Kerala,2003,Molestation,0,0,0,0,0,0,0,0,0,0,0,0,0,0,0
Kerala,2003,Eve-Teasing,0,0,0,0,0,0,0,0,0,0,0,0,0,0,0
Kerala,2003,Cruelty By Husband Or Relative Of Husband,0,0,0,0,0,0,0,0,0,0,0,0,0,0,0
Kerala,2003,Other Ipc Crimes,0,0,0,19,15,34,80,2,82,40,5,45,139,22,161
Kerala,2004,Murder,0,0,0,831,1,832,391,6,397,138,2,140,1360,9,1369
Kerala,2004,Attempt To Commit Murder,0,0,0,9,4,13,64,7,71,36,0,36,109,11,120
Kerala,2004,C.H. Not Amounting To Murder,0,0,0,0,0,0,0,0,0,0,0,0,0,0,0
Kerala,2004,Rape,0,0,0,48,0,48,0,0,0,0,0,0,48,0,48
Kerala,2004,Kidnapping And Abduction,0,0,0,0,0,0,14,0,14,0,0,0,14,0,14
Kerala,2004,Dacoity,0,0,0,6,0,6,0,0,0,0,0,0,6,0,6
Kerala,2004,Prep. And Assembly For Dacoity,0,0,0,34,0,34,9,0,9,0,0,0,43,0,43
Kerala,2004,Robbery,0,0,0,80,0,80,6,0,6,9,0,9,95,0,95
Kerala,2004,Burglary,0,0,0,0,0,0,0,0,0,0,0,0,0,0,0
Kerala,2004,Thefts,0,0,0,0,0,0,0,0,0,0,0,0,0,0,0
Kerala,2004,Extortion,0,0,0,0,0,0,0,0,0,0,0,0,0,0,0
Kerala,2004,Riots,0,0,0,0,0,0,0,0,0,0,0,0,0,0,0
Kerala,2004,Arson,0,0,0,0,0,0,0,0,0,0,0,0,0,0,0
Kerala,2004,Criminal Breach Of Trust,0,0,0,0,0,0,0,0,0,0,0,0,0,0,0
Kerala,2004,Cheating,0,0,0,0,0,0,6,1,7,0,0,0,6,1,7
Kerala,2004,Counter Feiting,0,0,0,0,5,5,0,6,6,0,0,0,0,11,11
Kerala,2004,Dowry Deaths,0,0,0,0,3,3,0,10,10,0,0,0,0,13,13
Kerala,2004,Molestation,0,0,0,0,0,0,0,0,0,0,0,0,0,0,0
Kerala,2004,Eve-Teasing,0,0,0,0,0,0,0,0,0,0,0,0,0,0,0
Kerala,2004,Cruelty By Husband Or Relative Of Husband,0,0,0,41,3,44,63,2,65,2,0,2,106,5,111
Kerala,2004,Other Ipc Crimes,0,0,0,411,11,422,313,16,329,193,1,194,917,28,945
Kerala,2005,Murder,0,0,0,738,1,739,401,6,407,135,2,137,1274,9,1283
Kerala,2005,Attempt To Commit Murder,0,0,0,8,3,11,61,5,66,33,0,33,102,8,110
Kerala,2005,C.H. Not Amounting To Murder,0,0,0,0,0,0,0,0,0,0,0,0,0,0,0
Kerala,2005,Rape,0,0,0,48,0,48,0,0,0,0,0,0,48,0,48
Kerala,2005,Kidnapping And Abduction,0,0,0,0,0,0,12,0,12,0,0,0,12,0,12
Kerala,2005,Dacoity,0,0,0,5,0,5,0,0,0,0,0,0,5,0,5
Kerala,2005,Prep. And Assembly For Dacoity,0,0,0,0,0,0,0,0,0,0,0,0,0,0,0
Kerala,2005,Robbery,0,0,0,120,0,120,15,0,15,9,0,9,144,0,144
Kerala,2005,Burglary,0,0,0,0,0,0,0,0,0,0,0,0,0,0,0
Kerala,2005,Thefts,0,0,0,0,0,0,0,5,5,6,0,6,6,5,11
Kerala,2005,Extortion,0,0,0,0,0,0,0,0,0,0,0,0,0,0,0
Kerala,2005,Riots,0,0,0,0,0,0,0,0,0,0,0,0,0,0,0
Kerala,2005,Arson,0,0,0,0,0,0,0,0,0,0,0,0,0,0,0
Kerala,2005,Criminal Breach Of Trust,0,0,0,0,0,0,0,0,0,0,0,0,0,0,0
Kerala,2005,Cheating,0,0,0,25,0,25,6,1,7,0,0,0,31,1,32
Kerala,2005,Counter Feiting,0,0,0,0,0,0,0,0,0,0,0,0,0,0,0
Kerala,2005,Dowry Deaths,0,0,0,0,8,8,0,5,5,0,0,0,0,13,13
Kerala,2005,Molestation,0,0,0,0,0,0,0,0,0,0,0,0,0,0,0
Kerala,2005,Eve-Teasing,0,0,0,0,0,0,0,0,0,0,0,0,0,0,0
Kerala,2005,Cruelty By Husband Or Relative Of Husband,0,0,0,40,2,42,61,2,63,2,0,2,103,4,107
Kerala,2005,Other Ipc Crimes,0,0,0,0,0,0,0,0,0,0,0,0,0,0,0
Kerala,2006,Murder,0,0,0,152,4,156,179,8,187,86,0,86,417,12,429
Kerala,2006,Attempt To Commit Murder,0,0,0,70,0,70,77,4,81,14,0,14,161,4,165
Kerala,2006,C.H. Not Amounting To Murder,0,0,0,51,0,51,37,1,38,11,0,11,99,1,100
Kerala,2006,Rape,0,0,0,48,0,48,40,0,40,7,0,7,95,0,95
Kerala,2006,Kidnapping And Abduction,0,0,0,55,0,55,40,0,40,8,0,8,103,0,103
Kerala,2006,Dacoity,0,0,0,37,0,37,18,0,18,3,0,3,58,0,58
Kerala,2006,Prep. And Assembly For Dacoity,0,0,0,15,0,15,12,0,12,3,0,3,30,0,30
Kerala,2006,Robbery,0,0,0,151,5,156,68,5,73,7,1,8,226,11,237
Kerala,2006,Burglary,0,0,0,68,2,70,74,3,77,8,1,9,150,6,156
Kerala,2006,Thefts,0,0,0,327,10,337,301,4,305,72,0,72,700,14,714
Kerala,2006,Extortion,0,0,0,4,0,4,0,0,0,2,0,2,6,0,6
Kerala,2006,Riots,0,0,0,57,0,57,26,0,26,9,0,9,92,0,92
Kerala,2006,Arson,0,0,0,2,0,2,6,0,6,0,0,0,8,0,8
Kerala,2006,Criminal Breach Of Trust,0,0,0,3,0,3,6,0,6,2,0,2,11,0,11
Kerala,2006,Cheating,0,0,0,13,0,13,50,7,57,12,1,13,75,8,83
Kerala,2006,Counter Feiting,0,0,0,1,0,1,9,0,9,5,0,5,15,0,15
Kerala,2006,Dowry Deaths,0,0,0,7,2,9,4,0,4,4,0,4,15,2,17
Kerala,2006,Molestation,0,0,0,0,0,0,1,0,1,0,0,0,1,0,1
Kerala,2006,Eve-Teasing,0,0,0,0,0,0,0,0,0,1,0,1,1,0,1
Kerala,2006,Cruelty By Husband Or Relative Of Husband,0,0,0,11,0,11,25,4,29,1,2,3,37,6,43
Kerala,2006,Other Ipc Crimes,0,0,0,106,3,109,99,2,101,24,2,26,229,7,236
Kerala,2007,Murder,0,0,0,152,4,156,289,12,301,96,0,96,537,16,553
Kerala,2007,Attempt To Commit Murder,0,0,0,75,0,75,84,4,88,16,0,16,175,4,179
Kerala,2007,C.H. Not Amounting To Murder,0,0,0,53,0,53,39,1,40,12,0,12,104,1,105
Kerala,2007,Rape,0,0,0,40,0,40,25,0,25,8,0,8,73,0,73
Kerala,2007,Kidnapping And Abduction,0,0,0,52,1,53,35,0,35,10,0,10,97,1,98
Kerala,2007,Dacoity,0,0,0,75,0,75,25,0,25,15,0,15,115,0,115
Kerala,2007,Prep. And Assembly For Dacoity,0,0,0,17,0,17,6,0,6,1,0,1,24,0,24
Kerala,2007,Robbery,0,0,0,60,5,65,68,5,73,24,1,25,152,11,163
Kerala,2007,Burglary,0,0,0,34,0,34,27,3,30,8,1,9,69,4,73
Kerala,2007,Thefts,0,0,0,315,10,325,315,10,325,85,0,85,715,20,735
Kerala,2007,Extortion,0,0,0,0,0,0,0,0,0,0,0,0,0,0,0
Kerala,2007,Riots,0,0,0,15,0,15,3,0,3,2,0,2,20,0,20
Kerala,2007,Arson,0,0,0,3,0,3,4,0,4,0,0,0,7,0,7
Kerala,2007,Criminal Breach Of Trust,0,0,0,3,0,3,6,0,6,2,0,2,11,0,11
Kerala,2007,Cheating,0,0,0,9,0,9,43,7,50,10,1,11,62,8,70
Kerala,2007,Counter Feiting,0,0,0,0,0,0,6,0,6,2,0,2,8,0,8
Kerala,2007,Dowry Deaths,0,0,0,9,3,12,5,0,5,4,4,8,18,7,25
Kerala,2007,Molestation,0,0,0,2,0,2,0,0,0,1,0,1,3,0,3
Kerala,2007,Eve-Teasing,0,0,0,0,0,0,0,0,0,0,0,0,0,0,0
Kerala,2007,Cruelty By Husband Or Relative Of Husband,0,0,0,13,0,13,28,4,32,2,2,4,43,6,49
Kerala,2007,Other Ipc Crimes,0,0,0,105,1,106,184,2,186,29,2,31,318,5,323
Kerala,2008,Murder,0,0,0,301,6,307,338,23,361,200,5,205,839,34,873
Kerala,2008,Attempt To Commit Murder,0,0,0,156,2,158,158,5,163,75,0,75,389,7,396
Kerala,2008,C.H. Not Amounting To Murder,0,0,0,2,0,2,1,0,1,0,0,0,3,0,3
Kerala,2008,Rape,0,0,0,28,0,28,15,0,15,4,0,4,47,0,47
Kerala,2008,Kidnapping And Abduction,0,0,0,1,0,1,4,0,4,3,0,3,8,0,8
Kerala,2008,Dacoity,0,0,0,4,0,4,4,0,4,1,0,1,9,0,9
Kerala,2008,Prep. And Assembly For Dacoity,0,0,0,2,0,2,3,0,3,1,0,1,6,0,6
Kerala,2008,Robbery,0,0,0,151,1,152,145,6,151,54,1,55,350,8,358
Kerala,2008,Burglary,0,0,0,4,0,4,7,0,7,1,0,1,12,0,12
Kerala,2008,Thefts,0,0,0,175,16,191,265,10,275,14,2,16,454,28,482
Kerala,2008,Extortion,0,0,0,2,0,2,0,0,0,1,0,1,3,0,3
Kerala,2008,Riots,0,0,0,45,0,45,3,0,3,2,0,2,50,0,50
Kerala,2008,Arson,0,0,0,0,0,0,0,0,0,0,0,0,0,0,0
Kerala,2008,Criminal Breach Of Trust,0,0,0,2,0,2,3,0,3,0,0,0,5,0,5
Kerala,2008,Cheating,0,0,0,32,0,32,50,0,50,0,0,0,82,0,82
Kerala,2008,Counter Feiting,0,0,0,0,0,0,6,0,6,2,0,2,8,0,8
Kerala,2008,Dowry Deaths,0,0,0,7,0,7,14,0,14,3,4,7,24,4,28
Kerala,2008,Molestation,0,0,0,0,0,0,0,0,0,0,0,0,0,0,0
Kerala,2008,Eve-Teasing,0,0,0,0,0,0,0,0,0,0,0,0,0,0,0
Kerala,2008,Cruelty By Husband Or Relative Of Husband,0,0,0,3,0,3,2,0,2,1,0,1,6,0,6
Kerala,2008,Other Ipc Crimes,0,0,0,65,0,65,105,1,106,4,0,4,174,1,175
Kerala,2009,Murder,0,0,0,189,2,191,180,2,182,28,1,29,397,5,402
Kerala,2009,Attempt To Commit Murder,0,0,0,80,0,80,60,0,60,9,0,9,149,0,149
Kerala,2009,C.H. Not Amounting To Murder,0,0,0,42,0,42,26,0,26,4,0,4,72,0,72
Kerala,2009,Rape,0,0,0,43,0,43,36,0,36,11,0,11,90,0,90
Kerala,2009,Kidnapping And Abduction,0,0,0,18,1,19,16,2,18,9,1,10,43,4,47
Kerala,2009,Dacoity,0,0,0,29,0,29,35,0,35,6,0,6,70,0,70
Kerala,2009,Prep. And Assembly For Dacoity,0,0,0,6,0,6,9,0,9,3,0,3,18,0,18
Kerala,2009,Robbery,0,0,0,126,3,129,46,0,46,19,0,19,191,3,194
Kerala,2009,Burglary,0,0,0,2,0,2,6,0,6,0,0,0,8,0,8
Kerala,2009,Thefts,0,0,0,223,6,229,253,10,263,67,4,71,543,20,563
Kerala,2009,Extortion,0,0,0,8,0,8,13,0,13,1,0,1,22,0,22
Kerala,2009,Riots,0,0,0,57,0,57,19,1,20,10,0,10,86,1,87
Kerala,2009,Arson,0,0,0,3,0,3,0,0,0,0,0,0,3,0,3
Kerala,2009,Criminal Breach Of Trust,0,0,0,4,0,4,2,0,2,3,0,3,9,0,9
Kerala,2009,Cheating,0,0,0,18,2,20,38,5,43,11,1,12,67,8,75
Kerala,2009,Counter Feiting,0,0,0,2,1,3,2,1,3,3,0,3,7,2,9
Kerala,2009,Dowry Deaths,0,0,0,0,0,0,5,1,6,0,1,1,5,2,7
Kerala,2009,Molestation,0,0,0,3,0,3,5,0,5,0,0,0,8,0,8
Kerala,2009,Eve-Teasing,0,0,0,0,0,0,2,0,2,0,0,0,2,0,2
Kerala,2009,Cruelty By Husband Or Relative Of Husband,0,0,0,2,0,2,24,0,24,0,0,0,26,0,26
Kerala,2009,Other Ipc Crimes,0,0,0,289,50,339,337,9,346,173,0,173,799,59,858
Kerala,2010,Murder,0,0,0,189,2,191,290,17,307,105,14,119,584,33,617
Kerala,2010,Attempt To Commit Murder,0,0,0,80,0,80,54,0,54,25,0,25,159,0,159
Kerala,2010,C.H. Not Amounting To Murder,0,0,0,22,0,22,45,0,45,9,0,9,76,0,76
Kerala,2010,Rape,0,0,0,31,0,31,39,1,40,0,0,0,70,1,71
Kerala,2010,Kidnapping And Abduction,0,0,0,8,1,9,4,1,5,0,0,0,12,2,14
Kerala,2010,Dacoity,0,0,0,6,0,6,38,0,38,13,0,13,57,0,57
Kerala,2010,Prep. And Assembly For Dacoity,0,0,0,6,0,6,6,0,6,0,0,0,12,0,12
Kerala,2010,Robbery,0,0,0,59,3,62,51,0,51,51,0,51,161,3,164
Kerala,2010,Burglary,0,0,0,2,0,2,18,0,18,18,0,18,38,0,38
Kerala,2010,Thefts,5,0,5,264,6,270,224,10,234,18,0,18,511,16,527
Kerala,2010,Extortion,0,0,0,8,0,8,8,1,9,0,0,0,16,1,17
Kerala,2010,Riots,0,0,0,57,0,57,22,1,23,6,0,6,85,1,86
Kerala,2010,Arson,0,0,0,3,0,3,0,0,0,0,0,0,3,0,3
Kerala,2010,Criminal Breach Of Trust,0,0,0,4,0,4,1,0,1,1,0,1,6,0,6
Kerala,2010,Cheating,0,0,0,18,2,20,30,4,34,2,0,2,50,6,56
Kerala,2010,Counter Feiting,0,0,0,2,1,3,1,1,2,4,0,4,7,2,9
Kerala,2010,Dowry Deaths,0,0,0,0,0,0,6,2,8,0,0,0,6,2,8
Kerala,2010,Molestation,0,0,0,3,0,3,4,0,4,1,0,1,8,0,8
Kerala,2010,Eve-Teasing,0,0,0,0,0,0,1,0,1,0,0,0,1,0,1
Kerala,2010,Cruelty By Husband Or Relative Of Husband,0,0,0,2,0,2,25,0,25,6,0,6,33,0,33
Kerala,2010,Other Ipc Crimes,0,0,0,269,25,294,288,3,291,9,2,11,566,30,596
Kerala,2011,Murder,0,0,0,162,2,164,186,10,196,195,9,204,543,21,564
Kerala,2011,Attempt To Commit Murder,10,0,10,90,0,90,54,6,60,25,0,25,179,6,185
Kerala,2011,C.H. Not Amounting To Murder,2,0,2,22,0,22,45,0,45,21,0,21,90,0,90
Kerala,2011,Rape,10,0,10,31,0,31,49,0,49,9,0,9,99,0,99
Kerala,2011,Kidnapping And Abduction,0,0,0,8,1,9,4,1,5,0,0,0,12,2,14
Kerala,2011,Dacoity,0,0,0,6,0,6,38,0,38,13,0,13,57,0,57
Kerala,2011,Prep. And Assembly For Dacoity,0,0,0,6,0,6,6,0,6,0,0,0,12,0,12
Kerala,2011,Robbery,0,0,0,49,3,52,51,0,51,41,0,41,141,3,144
Kerala,2011,Burglary,0,0,0,2,0,2,18,0,18,18,0,18,38,0,38
Kerala,2011,Thefts,30,0,30,211,2,213,84,5,89,19,0,19,344,7,351
Kerala,2011,Extortion,0,0,0,8,0,8,16,1,17,0,0,0,24,1,25
Kerala,2011,Riots,0,0,0,47,0,47,22,1,23,6,0,6,75,1,76
Kerala,2011,Arson,0,0,0,3,0,3,0,0,0,0,0,0,3,0,3
Kerala,2011,Criminal Breach Of Trust,0,0,0,4,0,4,1,0,1,1,0,1,6,0,6
Kerala,2011,Cheating,5,0,5,28,2,30,40,4,44,2,0,2,75,6,81
Kerala,2011,Counter Feiting,0,0,0,2,1,3,1,1,2,4,0,4,7,2,9
Kerala,2011,Dowry Deaths,5,0,5,0,0,0,6,2,8,4,0,4,15,2,17
Kerala,2011,Molestation,0,0,0,3,0,3,4,0,4,1,0,1,8,0,8
Kerala,2011,Eve-Teasing,0,0,0,0,0,0,1,0,1,0,0,0,1,0,1
Kerala,2011,Cruelty By Husband Or Relative Of Husband,0,0,0,2,0,2,15,0,15,11,0,11,28,0,28
Kerala,2011,Other Ipc Crimes,0,0,0,273,9,282,257,3,260,9,2,11,539,14,553
Kerala,2012,Murder,0,0,0,165,4,169,191,11,202,496,11,507,852,26,878
Kerala,2012,Attempt To Commit Murder,11,0,11,92,0,92,42,0,42,62,0,62,207,0,207
Kerala,2012,C.H. Not Amounting To Murder,3,0,3,3,0,3,23,0,23,32,0,32,61,0,61
Kerala,2012,Rape,11,0,11,32,0,32,51,0,51,15,0,15,109,0,109
Kerala,2012,Kidnapping And Abduction,0,0,0,9,3,12,5,2,7,14,0,14,28,5,33
Kerala,2012,Dacoity,0,0,0,7,0,7,39,0,39,48,0,48,94,0,94
Kerala,2012,Prep. And Assembly For Dacoity,0,0,0,7,0,7,7,0,7,21,0,21,35,0,35
Kerala,2012,Robbery,0,0,0,51,5,56,52,0,52,22,0,22,125,5,130
Kerala,2012,Burglary,3,0,3,3,0,3,19,0,19,19,0,19,44,0,44
Kerala,2012,Thefts,15,13,28,244,4,248,85,6,91,21,0,21,365,23,388
Kerala,2012,Extortion,0,0,0,83,0,83,17,2,19,0,0,0,100,2,102
Kerala,2012,Riots,0,0,0,4,0,4,0,0,0,0,0,0,4,0,4
Kerala,2012,Arson,0,0,0,4,0,4,0,0,0,0,0,0,4,0,4
Kerala,2012,Criminal Breach Of Trust,0,0,0,5,0,5,2,0,2,4,0,4,11,0,11
Kerala,2012,Cheating,0,0,0,29,4,33,41,5,46,8,0,8,78,9,87
Kerala,2012,Counter Feiting,0,0,0,3,3,6,2,2,4,12,0,12,17,5,22
Kerala,2012,Dowry Deaths,3,0,3,0,0,0,7,3,10,8,0,8,18,3,21
Kerala,2012,Molestation,0,0,0,0,0,0,0,0,0,0,0,0,0,0,0
Kerala,2012,Eve-Teasing,0,0,0,0,0,0,2,0,2,0,0,0,2,0,2
Kerala,2012,Cruelty By Husband Or Relative Of Husband,0,0,0,3,0,3,6,0,6,18,0,18,27,0,27
Kerala,2012,Other Ipc Crimes,0,0,0,274,15,289,324,4,328,15,3,18,613,22,635
Madhya Pradesh,2001,Murder,63,0,63,2540,58,2598,1775,61,1836,387,21,408,4765,140,4905
Madhya Pradesh,2001,Attempt To Commit Murder,24,0,24,713,15,728,425,12,437,104,2,106,1266,29,1295
Madhya Pradesh,2001,C.H. Not Amounting To Murder,11,0,11,250,18,268,218,32,250,61,10,71,540,60,600
Madhya Pradesh,2001,Rape,28,0,28,595,8,603,319,9,328,51,2,53,993,19,1012
Madhya Pradesh,2001,Kidnapping And Abduction,27,0,27,180,1,181,166,3,169,14,2,16,387,6,393
Madhya Pradesh,2001,Dacoity,14,0,14,234,0,234,271,0,271,57,0,57,576,0,576
Madhya Pradesh,2001,Prep. And Assembly For Dacoity,5,0,5,135,0,135,65,0,65,7,0,7,212,0,212
Madhya Pradesh,2001,Robbery,22,0,22,220,1,221,177,2,179,48,1,49,467,4,471
Madhya Pradesh,2001,Burglary,22,0,22,295,1,296,125,2,127,16,0,16,458,3,461
Madhya Pradesh,2001,Thefts,37,0,37,611,3,614,357,4,361,65,3,68,1070,10,1080
Madhya Pradesh,2001,Extortion,0,0,0,3,0,3,2,0,2,0,0,0,5,0,5
Madhya Pradesh,2001,Riots,0,0,0,41,0,41,12,0,12,4,0,4,57,0,57
Madhya Pradesh,2001,Arson,3,0,3,23,0,23,14,0,14,4,0,4,44,0,44
Madhya Pradesh,2001,Criminal Breach Of Trust,0,0,0,12,0,12,11,0,11,3,0,3,26,0,26
Madhya Pradesh,2001,Cheating,47,0,47,59,1,60,189,2,191,19,0,19,314,3,317
Madhya Pradesh,2001,Counter Feiting,0,0,0,6,0,6,3,0,3,4,0,4,13,0,13
Madhya Pradesh,2001,Dowry Deaths,2,0,2,55,16,71,93,10,103,18,7,25,168,33,201
Madhya Pradesh,2001,Molestation,1,0,1,17,0,17,5,0,5,1,0,1,24,0,24
Madhya Pradesh,2001,Eve-Teasing,0,0,0,0,0,0,0,0,0,0,0,0,0,0,0
Madhya Pradesh,2001,Cruelty By Husband Or Relative Of Husband,0,0,0,22,0,22,6,1,7,3,1,4,31,2,33
Madhya Pradesh,2001,Other Ipc Crimes,70,0,70,980,23,1003,1011,27,1038,91,1,92,2152,51,2203
Madhya Pradesh,2002,Murder,50,0,50,1947,83,2030,2224,36,2260,239,13,252,4460,132,4592
Madhya Pradesh,2002,Attempt To Commit Murder,23,0,23,758,16,774,509,28,537,120,3,123,1410,47,1457
Madhya Pradesh,2002,C.H. Not Amounting To Murder,3,0,3,232,18,250,154,19,173,44,10,54,433,47,480
Madhya Pradesh,2002,Rape,21,0,21,625,3,628,320,9,329,21,0,21,987,12,999
Madhya Pradesh,2002,Kidnapping And Abduction,7,0,7,365,1,366,131,3,134,28,0,28,531,4,535
Madhya Pradesh,2002,Dacoity,10,0,10,375,2,377,178,0,178,26,0,26,589,2,591
Madhya Pradesh,2002,Prep. And Assembly For Dacoity,1,0,1,111,1,112,87,0,87,15,0,15,214,1,215
Madhya Pradesh,2002,Robbery,8,0,8,316,0,316,181,0,181,18,0,18,523,0,523
Madhya Pradesh,2002,Burglary,3,0,3,125,0,125,141,7,148,20,1,21,289,8,297
Madhya Pradesh,2002,Thefts,51,0,51,501,6,507,338,8,346,49,0,49,939,14,953
Madhya Pradesh,2002,Extortion,2,0,2,12,0,12,7,0,7,0,0,0,21,0,21
Madhya Pradesh,2002,Riots,0,0,0,23,0,23,15,0,15,3,0,3,41,0,41
Madhya Pradesh,2002,Arson,4,0,4,35,0,35,23,0,23,5,0,5,67,0,67
Madhya Pradesh,2002,Criminal Breach Of Trust,0,0,0,5,0,5,5,1,6,0,0,0,10,1,11
Madhya Pradesh,2002,Cheating,0,0,0,53,0,53,58,5,63,14,0,14,125,5,130
Madhya Pradesh,2002,Counter Feiting,0,0,0,12,0,12,11,0,11,0,0,0,23,0,23
Madhya Pradesh,2002,Dowry Deaths,16,0,16,193,31,224,128,37,165,73,12,85,410,80,490
Madhya Pradesh,2002,Molestation,11,0,11,45,0,45,28,0,28,18,0,18,102,0,102
Madhya Pradesh,2002,Eve-Teasing,0,0,0,0,0,0,2,0,2,0,0,0,2,0,2
Madhya Pradesh,2002,Cruelty By Husband Or Relative Of Husband,0,0,0,56,6,62,18,9,27,24,1,25,98,16,114
Madhya Pradesh,2002,Other Ipc Crimes,13,0,13,739,7,746,506,12,518,0,4,4,1258,23,1281
Madhya Pradesh,2003,Murder,14,0,14,1706,46,1752,1275,52,1327,304,18,322,3299,116,3415
Madhya Pradesh,2003,Attempt To Commit Murder,8,0,8,659,30,689,684,26,710,77,12,89,1428,68,1496
Madhya Pradesh,2003,C.H. Not Amounting To Murder,7,0,7,204,7,211,218,9,227,22,1,23,451,17,468
Madhya Pradesh,2003,Rape,8,0,8,512,13,525,405,8,413,27,2,29,952,23,975
Madhya Pradesh,2003,Kidnapping And Abduction,8,0,8,395,6,401,271,20,291,25,1,26,699,27,726
Madhya Pradesh,2003,Dacoity,0,0,0,182,0,182,131,4,135,8,1,9,321,5,326
Madhya Pradesh,2003,Prep. And Assembly For Dacoity,0,0,0,116,0,116,80,0,80,4,0,4,200,0,200
Madhya Pradesh,2003,Robbery,9,0,9,262,1,263,129,0,129,11,0,11,411,1,412
Madhya Pradesh,2003,Burglary,10,0,10,180,0,180,160,2,162,27,0,27,377,2,379
Madhya Pradesh,2003,Thefts,11,0,11,548,12,560,371,6,377,60,1,61,990,19,1009
Madhya Pradesh,2003,Extortion,0,0,0,13,0,13,10,0,10,0,0,0,23,0,23
Madhya Pradesh,2003,Riots,0,0,0,46,0,46,18,0,18,16,0,16,80,0,80
Madhya Pradesh,2003,Arson,0,0,0,19,0,19,7,0,7,2,0,2,28,0,28
Madhya Pradesh,2003,Criminal Breach Of Trust,0,0,0,12,0,12,11,0,11,1,0,1,24,0,24
Madhya Pradesh,2003,Cheating,0,0,0,52,0,52,25,2,27,9,0,9,86,2,88
Madhya Pradesh,2003,Counter Feiting,8,0,8,53,0,53,13,0,13,0,0,0,74,0,74
Madhya Pradesh,2003,Dowry Deaths,0,0,0,263,14,277,163,15,178,61,15,76,487,44,531
Madhya Pradesh,2003,Molestation,0,0,0,43,0,43,19,0,19,2,1,3,64,1,65
Madhya Pradesh,2003,Eve-Teasing,0,0,0,0,0,0,2,0,2,0,0,0,2,0,2
Madhya Pradesh,2003,Cruelty By Husband Or Relative Of Husband,0,0,0,49,8,57,32,16,48,15,3,18,96,27,123
Madhya Pradesh,2003,Other Ipc Crimes,15,0,15,717,8,725,450,0,450,147,0,147,1329,8,1337
Madhya Pradesh,2004,Murder,0,0,0,1459,57,1516,1910,64,1974,180,13,193,3549,134,3683
Madhya Pradesh,2004,Attempt To Commit Murder,0,0,0,749,11,760,724,10,734,79,0,79,1552,21,1573
Madhya Pradesh,2004,C.H. Not Amounting To Murder,0,0,0,263,14,277,142,19,161,26,8,34,431,41,472
Madhya Pradesh,2004,Rape,0,0,0,549,13,562,545,8,553,33,0,33,1127,21,1148
Madhya Pradesh,2004,Kidnapping And Abduction,0,0,0,327,7,334,254,6,260,23,1,24,604,14,618
Madhya Pradesh,2004,Dacoity,0,0,0,210,2,212,283,3,286,22,0,22,515,5,520
Madhya Pradesh,2004,Prep. And Assembly For Dacoity,0,0,0,117,0,117,83,0,83,14,0,14,214,0,214
Madhya Pradesh,2004,Robbery,0,0,0,257,2,259,327,2,329,17,0,17,601,4,605
Madhya Pradesh,2004,Burglary,0,0,0,197,2,199,174,2,176,28,0,28,399,4,403
Madhya Pradesh,2004,Thefts,0,0,0,481,4,485,605,8,613,30,0,30,1116,12,1128
Madhya Pradesh,2004,Extortion,0,0,0,3,0,3,3,0,3,0,0,0,6,0,6
Madhya Pradesh,2004,Riots,0,0,0,30,0,30,37,0,37,3,0,3,70,0,70
Madhya Pradesh,2004,Arson,0,0,0,23,0,23,21,3,24,2,0,2,46,3,49
Madhya Pradesh,2004,Criminal Breach Of Trust,0,0,0,30,0,30,26,0,26,3,0,3,59,0,59
Madhya Pradesh,2004,Cheating,0,0,0,72,2,74,94,2,96,13,0,13,179,4,183
Madhya Pradesh,2004,Counter Feiting,0,0,0,37,0,37,25,1,26,3,1,4,65,2,67
Madhya Pradesh,2004,Dowry Deaths,0,0,0,166,24,190,256,24,280,37,5,42,459,53,512
Madhya Pradesh,2004,Molestation,0,0,0,61,0,61,31,0,31,11,0,11,103,0,103
Madhya Pradesh,2004,Eve-Teasing,0,0,0,23,1,24,21,1,22,2,0,2,46,2,48
Madhya Pradesh,2004,Cruelty By Husband Or Relative Of Husband,0,0,0,81,3,84,239,6,245,12,2,14,332,11,343
Madhya Pradesh,2004,Other Ipc Crimes,0,0,0,380,12,392,389,17,406,71,2,73,840,31,871
Madhya Pradesh,2005,Murder,0,0,0,2080,57,2137,1609,77,1686,311,10,321,4000,144,4144
Madhya Pradesh,2005,Attempt To Commit Murder,0,0,0,988,16,1004,751,17,768,137,5,142,1876,38,1914
Madhya Pradesh,2005,C.H. Not Amounting To Murder,0,0,0,270,7,277,143,14,157,58,5,63,471,26,497
Madhya Pradesh,2005,Rape,0,0,0,527,0,527,399,0,399,36,0,36,962,0,962
Madhya Pradesh,2005,Kidnapping And Abduction,0,0,0,223,14,237,144,6,150,30,0,30,397,20,417
Madhya Pradesh,2005,Dacoity,0,0,0,322,2,324,187,1,188,23,0,23,532,3,535
Madhya Pradesh,2005,Prep. And Assembly For Dacoity,0,0,0,144,0,144,83,0,83,12,0,12,239,0,239
Madhya Pradesh,2005,Robbery,0,0,0,375,3,378,225,2,227,48,0,48,648,5,653
Madhya Pradesh,2005,Burglary,0,0,0,257,2,259,180,2,182,33,0,33,470,4,474
Madhya Pradesh,2005,Thefts,0,0,0,663,9,672,371,6,377,60,1,61,1094,16,1110
Madhya Pradesh,2005,Extortion,0,0,0,18,0,18,12,0,12,3,0,3,33,0,33
Madhya Pradesh,2005,Riots,0,0,0,44,0,44,21,0,21,5,0,5,70,0,70
Madhya Pradesh,2005,Arson,0,0,0,44,0,44,39,0,39,10,0,10,93,0,93
Madhya Pradesh,2005,Criminal Breach Of Trust,0,0,0,22,1,23,22,0,22,6,2,8,50,3,53
Madhya Pradesh,2005,Cheating,0,0,0,71,5,76,74,2,76,19,2,21,164,9,173
Madhya Pradesh,2005,Counter Feiting,0,0,0,43,0,43,25,0,25,6,0,6,74,0,74
Madhya Pradesh,2005,Dowry Deaths,0,0,0,157,24,181,152,30,182,53,16,69,362,70,432
Madhya Pradesh,2005,Molestation,0,0,0,75,0,75,57,0,57,10,0,10,142,0,142
Madhya Pradesh,2005,Eve-Teasing,0,0,0,17,0,17,9,0,9,3,0,3,29,0,29
Madhya Pradesh,2005,Cruelty By Husband Or Relative Of Husband,0,0,0,186,13,199,94,12,106,30,3,33,310,28,338
Madhya Pradesh,2005,Other Ipc Crimes,0,0,0,628,28,656,563,23,586,109,7,116,1300,58,1358
Madhya Pradesh,2006,Murder,0,0,0,2209,57,2266,1550,63,1613,342,12,354,4101,132,4233
Madhya Pradesh,2006,Attempt To Commit Murder,0,0,0,764,15,779,586,11,597,79,4,83,1429,30,1459
Madhya Pradesh,2006,C.H. Not Amounting To Murder,0,0,0,339,9,348,295,13,308,63,5,68,697,27,724
Madhya Pradesh,2006,Rape,0,0,0,537,0,537,307,0,307,32,0,32,876,0,876
Madhya Pradesh,2006,Kidnapping And Abduction,0,0,0,233,8,241,181,4,185,27,1,28,441,13,454
Madhya Pradesh,2006,Dacoity,0,0,0,296,2,298,158,0,158,16,0,16,470,2,472
Madhya Pradesh,2006,Prep. And Assembly For Dacoity,0,0,0,150,0,150,98,1,99,7,0,7,255,1,256
Madhya Pradesh,2006,Robbery,0,0,0,319,2,321,185,0,185,26,0,26,530,2,532
Madhya Pradesh,2006,Burglary,0,0,0,253,0,253,147,3,150,12,1,13,412,4,416
Madhya Pradesh,2006,Thefts,0,0,0,663,8,671,335,5,340,44,0,44,1042,13,1055
Madhya Pradesh,2006,Extortion,0,0,0,40,0,40,29,0,29,3,0,3,72,0,72
Madhya Pradesh,2006,Riots,0,0,0,44,0,44,22,1,23,3,0,3,69,1,70
Madhya Pradesh,2006,Arson,0,0,0,3,0,3,4,0,4,3,0,3,10,0,10
Madhya Pradesh,2006,Criminal Breach Of Trust,0,0,0,11,0,11,15,0,15,0,0,0,26,0,26
Madhya Pradesh,2006,Cheating,0,0,0,75,2,77,85,4,89,13,0,13,173,6,179
Madhya Pradesh,2006,Counter Feiting,0,0,0,14,0,14,13,0,13,7,0,7,34,0,34
Madhya Pradesh,2006,Dowry Deaths,0,0,0,193,22,215,137,32,169,41,19,60,371,73,444
Madhya Pradesh,2006,Molestation,0,0,0,28,0,28,11,0,11,0,0,0,39,0,39
Madhya Pradesh,2006,Eve-Teasing,0,0,0,12,0,12,5,0,5,1,0,1,18,0,18
Madhya Pradesh,2006,Cruelty By Husband Or Relative Of Husband,0,0,0,89,5,94,52,6,58,12,3,15,153,14,167
Madhya Pradesh,2006,Other Ipc Crimes,0,0,0,893,13,906,556,11,567,76,6,82,1525,30,1555
Madhya Pradesh,2007,Murder,0,0,0,2614,67,2681,1517,68,1585,215,10,225,4346,145,4491
Madhya Pradesh,2007,Attempt To Commit Murder,0,0,0,617,15,632,528,7,535,105,2,107,1250,24,1274
Madhya Pradesh,2007,C.H. Not Amounting To Murder,0,0,0,189,7,196,261,9,270,48,6,54,498,22,520
Madhya Pradesh,2007,Rape,0,0,0,491,6,497,291,5,296,47,1,48,829,12,841
Madhya Pradesh,2007,Kidnapping And Abduction,0,0,0,205,10,215,151,9,160,23,1,24,379,20,399
Madhya Pradesh,2007,Dacoity,0,0,0,288,4,292,180,2,182,29,0,29,497,6,503
Madhya Pradesh,2007,Prep. And Assembly For Dacoity,0,0,0,114,0,114,75,0,75,11,0,11,200,0,200
Madhya Pradesh,2007,Robbery,0,0,0,232,3,235,192,2,194,21,0,21,445,5,450
Madhya Pradesh,2007,Burglary,0,0,0,201,0,201,145,0,145,28,0,28,374,0,374
Madhya Pradesh,2007,Thefts,0,0,0,588,9,597,350,10,360,39,0,39,977,19,996
Madhya Pradesh,2007,Extortion,0,0,0,14,0,14,5,0,5,1,0,1,20,0,20
Madhya Pradesh,2007,Riots,0,0,0,22,0,22,15,0,15,1,0,1,38,0,38
Madhya Pradesh,2007,Arson,0,0,0,8,0,8,14,1,15,4,0,4,26,1,27
Madhya Pradesh,2007,Criminal Breach Of Trust,0,0,0,10,0,10,15,2,17,2,0,2,27,2,29
Madhya Pradesh,2007,Cheating,0,0,0,74,2,76,71,6,77,18,1,19,163,9,172
Madhya Pradesh,2007,Counter Feiting,0,0,0,21,0,21,27,1,28,1,0,1,49,1,50
Madhya Pradesh,2007,Dowry Deaths,0,0,0,197,22,219,142,30,172,50,14,64,389,66,455
Madhya Pradesh,2007,Molestation,0,0,0,56,0,56,28,0,28,7,0,7,91,0,91
Madhya Pradesh,2007,Eve-Teasing,0,0,0,22,0,22,10,0,10,2,0,2,34,0,34
Madhya Pradesh,2007,Cruelty By Husband Or Relative Of Husband,0,0,0,64,5,69,37,8,45,14,7,21,115,20,135
Madhya Pradesh,2007,Other Ipc Crimes,0,0,0,656,13,669,644,24,668,106,3,109,1406,40,1446
Madhya Pradesh,2008,Murder,0,0,0,2558,70,2628,1848,84,1932,357,15,372,4763,169,4932
Madhya Pradesh,2008,Attempt To Commit Murder,0,0,0,1004,15,1019,649,17,666,110,5,115,1763,37,1800
Madhya Pradesh,2008,C.H. Not Amounting To Murder,0,0,0,273,22,295,320,17,337,42,8,50,635,47,682
Madhya Pradesh,2008,Rape,0,0,0,582,6,588,310,5,315,31,1,32,923,12,935
Madhya Pradesh,2008,Kidnapping And Abduction,0,0,0,264,10,274,208,8,216,33,0,33,505,18,523
Madhya Pradesh,2008,Dacoity,0,0,0,292,4,296,155,2,157,33,0,33,480,6,486
Madhya Pradesh,2008,Prep. And Assembly For Dacoity,0,0,0,142,1,143,73,0,73,7,0,7,222,1,223
Madhya Pradesh,2008,Robbery,0,0,0,302,4,306,174,3,177,16,0,16,492,7,499
Madhya Pradesh,2008,Burglary,0,0,0,173,0,173,128,0,128,13,0,13,314,0,314
Madhya Pradesh,2008,Thefts,0,0,0,678,15,693,402,15,417,73,1,74,1153,31,1184
Madhya Pradesh,2008,Extortion,0,0,0,21,0,21,14,0,14,1,0,1,36,0,36
Madhya Pradesh,2008,Riots,0,0,0,13,0,13,16,0,16,1,0,1,30,0,30
Madhya Pradesh,2008,Arson,0,0,0,11,0,11,17,1,18,7,0,7,35,1,36
Madhya Pradesh,2008,Criminal Breach Of Trust,0,0,0,21,0,21,17,2,19,5,0,5,43,2,45
Madhya Pradesh,2008,Cheating,0,0,0,78,4,82,67,7,74,22,2,24,167,13,180
Madhya Pradesh,2008,Counter Feiting,0,0,0,51,0,51,31,0,31,11,0,11,93,0,93
Madhya Pradesh,2008,Dowry Deaths,0,0,0,247,38,285,150,49,199,56,17,73,453,104,557
Madhya Pradesh,2008,Molestation,0,0,0,40,0,40,21,0,21,8,0,8,69,0,69
Madhya Pradesh,2008,Eve-Teasing,0,0,0,7,0,7,11,0,11,6,0,6,24,0,24
Madhya Pradesh,2008,Cruelty By Husband Or Relative Of Husband,0,0,0,90,2,92,46,6,52,14,0,14,150,8,158
Madhya Pradesh,2008,Other Ipc Crimes,0,0,0,1029,19,1048,653,23,676,121,6,127,1803,48,1851
Madhya Pradesh,2009,Murder,0,0,0,2151,66,2217,2117,85,2202,340,20,360,4608,171,4779
Madhya Pradesh,2009,Attempt To Commit Murder,0,0,0,813,10,823,668,14,682,72,4,76,1553,28,1581
Madhya Pradesh,2009,C.H. Not Amounting To Murder,0,0,0,222,8,230,328,13,341,36,6,42,586,27,613
Madhya Pradesh,2009,Rape,0,0,0,536,5,541,357,2,359,22,1,23,915,8,923
Madhya Pradesh,2009,Kidnapping And Abduction,0,0,0,221,8,229,157,5,162,28,1,29,406,14,420
Madhya Pradesh,2009,Dacoity,0,0,0,322,2,324,188,3,191,33,0,33,543,5,548
Madhya Pradesh,2009,Prep. And Assembly For Dacoity,0,0,0,105,0,105,86,1,87,20,0,20,211,1,212
Madhya Pradesh,2009,Robbery,0,0,0,315,4,319,205,1,206,59,0,59,579,5,584
Madhya Pradesh,2009,Burglary,0,0,0,168,0,168,151,0,151,24,0,24,343,0,343
Madhya Pradesh,2009,Thefts,0,0,0,554,12,566,355,12,367,57,2,59,966,26,992
Madhya Pradesh,2009,Extortion,0,0,0,22,0,22,13,0,13,0,0,0,35,0,35
Madhya Pradesh,2009,Riots,0,0,0,29,0,29,28,1,29,2,0,2,59,1,60
Madhya Pradesh,2009,Arson,0,0,0,13,0,13,20,0,20,4,0,4,37,0,37
Madhya Pradesh,2009,Criminal Breach Of Trust,0,0,0,13,0,13,20,0,20,0,0,0,33,0,33
Madhya Pradesh,2009,Cheating,0,0,0,47,0,47,58,1,59,15,0,15,120,1,121
Madhya Pradesh,2009,Counter Feiting,0,0,0,14,0,14,15,3,18,4,0,4,33,3,36
Madhya Pradesh,2009,Dowry Deaths,0,0,0,232,27,259,206,36,242,49,20,69,487,83,570
Madhya Pradesh,2009,Molestation,0,0,0,30,0,30,28,0,28,3,0,3,61,0,61
Madhya Pradesh,2009,Eve-Teasing,0,0,0,17,0,17,8,0,8,3,0,3,28,0,28
Madhya Pradesh,2009,Cruelty By Husband Or Relative Of Husband,0,0,0,78,5,83,48,8,56,18,1,19,144,14,158
Madhya Pradesh,2009,Other Ipc Crimes,0,0,0,892,12,904,545,25,570,103,2,105,1540,39,1579
Madhya Pradesh,2010,Murder,0,0,0,2300,63,2363,1742,75,1817,380,19,399,4422,157,4579
Madhya Pradesh,2010,Attempt To Commit Murder,0,0,0,797,16,813,596,10,606,109,6,115,1502,32,1534
Madhya Pradesh,2010,C.H. Not Amounting To Murder,0,0,0,267,8,275,252,17,269,43,3,46,562,28,590
Madhya Pradesh,2010,Rape,0,0,0,564,16,580,392,3,395,43,0,43,999,19,1018
Madhya Pradesh,2010,Kidnapping And Abduction,0,0,0,194,10,204,124,5,129,24,1,25,342,16,358
Madhya Pradesh,2010,Dacoity,0,0,0,327,0,327,218,0,218,23,0,23,568,0,568
Madhya Pradesh,2010,Prep. And Assembly For Dacoity,0,0,0,125,0,125,74,0,74,8,0,8,207,0,207
Madhya Pradesh,2010,Robbery,0,0,0,316,0,316,184,0,184,41,0,41,541,0,541
Madhya Pradesh,2010,Burglary,0,0,0,140,1,141,105,0,105,19,0,19,264,1,265
Madhya Pradesh,2010,Thefts,0,0,0,618,12,630,345,14,359,41,1,42,1004,27,1031
Madhya Pradesh,2010,Extortion,0,0,0,17,0,17,7,0,7,0,0,0,24,0,24
Madhya Pradesh,2010,Riots,0,0,0,17,0,17,12,0,12,0,0,0,29,0,29
Madhya Pradesh,2010,Arson,0,0,0,19,1,20,18,0,18,5,0,5,42,1,43
Madhya Pradesh,2010,Criminal Breach Of Trust,0,0,0,19,0,19,18,1,19,5,0,5,42,1,43
Madhya Pradesh,2010,Cheating,0,0,0,83,5,88,53,8,61,16,1,17,152,14,166
Madhya Pradesh,2010,Counter Feiting,0,0,0,36,0,36,28,3,31,20,0,20,84,3,87
Madhya Pradesh,2010,Dowry Deaths,0,0,0,212,38,250,163,49,212,56,13,69,431,100,531
Madhya Pradesh,2010,Molestation,0,0,0,49,2,51,35,5,40,9,1,10,93,8,101
Madhya Pradesh,2010,Eve-Teasing,0,0,0,15,0,15,6,0,6,0,0,0,21,0,21
Madhya Pradesh,2010,Cruelty By Husband Or Relative Of Husband,0,0,0,81,7,88,62,7,69,20,3,23,163,17,180
Madhya Pradesh,2010,Other Ipc Crimes,0,0,0,806,16,822,297,18,315,130,8,138,1233,42,1275
Madhya Pradesh,2011,Murder,0,0,0,2557,83,2640,1659,100,1759,353,24,377,4569,207,4776
Madhya Pradesh,2011,Attempt To Commit Murder,0,0,0,847,19,866,561,25,586,109,4,113,1517,48,1565
Madhya Pradesh,2011,C.H. Not Amounting To Murder,0,0,0,380,17,397,332,16,348,36,6,42,748,39,787
Madhya Pradesh,2011,Rape,0,0,0,816,7,823,407,7,414,41,0,41,1264,14,1278
Madhya Pradesh,2011,Kidnapping And Abduction,0,0,0,300,24,324,193,23,216,33,2,35,526,49,575
Madhya Pradesh,2011,Dacoity,0,0,0,288,0,288,208,2,210,37,0,37,533,2,535
Madhya Pradesh,2011,Prep. And Assembly For Dacoity,0,0,0,159,0,159,71,1,72,4,0,4,234,1,235
Madhya Pradesh,2011,Robbery,0,0,0,350,2,352,213,0,213,22,0,22,585,2,587
Madhya Pradesh,2011,Burglary,0,0,0,145,1,146,102,0,102,21,0,21,268,1,269
Madhya Pradesh,2011,Thefts,0,0,0,631,12,643,329,10,339,47,1,48,1007,23,1030
Madhya Pradesh,2011,Extortion,0,0,0,74,0,74,37,1,38,0,0,0,111,1,112
Madhya Pradesh,2011,Riots,0,0,0,36,0,36,38,0,38,3,0,3,77,0,77
Madhya Pradesh,2011,Arson,0,0,0,20,0,20,21,0,21,2,0,2,43,0,43
Madhya Pradesh,2011,Criminal Breach Of Trust,0,0,0,33,1,34,42,1,43,7,0,7,82,2,84
Madhya Pradesh,2011,Cheating,0,0,0,78,2,80,90,6,96,16,1,17,184,9,193
Madhya Pradesh,2011,Counter Feiting,0,0,0,28,0,28,20,4,24,4,0,4,52,4,56
Madhya Pradesh,2011,Dowry Deaths,0,0,0,199,19,218,173,35,208,60,19,79,432,73,505
Madhya Pradesh,2011,Molestation,0,0,0,48,0,48,26,0,26,7,0,7,81,0,81
Madhya Pradesh,2011,Eve-Teasing,0,0,0,13,0,13,11,0,11,1,0,1,25,0,25
Madhya Pradesh,2011,Cruelty By Husband Or Relative Of Husband,0,0,0,82,1,83,47,5,52,10,3,13,139,9,148
Madhya Pradesh,2011,Other Ipc Crimes,0,0,0,597,24,621,383,34,417,106,4,110,1086,62,1148
Madhya Pradesh,2012,Murder,0,0,0,2349,87,2436,1697,139,1836,443,31,474,4489,257,4746
Madhya Pradesh,2012,Attempt To Commit Murder,0,0,0,882,12,894,607,17,624,105,8,113,1594,37,1631
Madhya Pradesh,2012,C.H. Not Amounting To Murder,0,0,0,466,12,478,384,29,413,43,7,50,893,48,941
Madhya Pradesh,2012,Rape,0,0,0,1163,23,1186,425,15,440,48,1,49,1636,39,1675
Madhya Pradesh,2012,Kidnapping And Abduction,0,0,0,368,25,393,262,21,283,34,3,37,664,49,713
Madhya Pradesh,2012,Dacoity,0,0,0,307,0,307,172,0,172,41,0,41,520,0,520
Madhya Pradesh,2012,Prep. And Assembly For Dacoity,0,0,0,152,0,152,62,0,62,4,0,4,218,0,218
Madhya Pradesh,2012,Robbery,0,0,0,462,2,464,223,2,225,18,0,18,703,4,707
Madhya Pradesh,2012,Burglary,0,0,0,209,0,209,96,0,96,3,0,3,308,0,308
Madhya Pradesh,2012,Thefts,0,0,0,672,6,678,350,8,358,32,2,34,1054,16,1070
Madhya Pradesh,2012,Extortion,0,0,0,87,1,88,55,4,59,1,0,1,143,5,148
Madhya Pradesh,2012,Riots,0,0,0,35,0,35,37,0,37,1,0,1,73,0,73
Madhya Pradesh,2012,Arson,0,0,0,8,0,8,17,0,17,2,0,2,27,0,27
Madhya Pradesh,2012,Criminal Breach Of Trust,0,0,0,15,0,15,19,0,19,1,0,1,35,0,35
Madhya Pradesh,2012,Cheating,0,0,0,87,2,89,95,5,100,26,0,26,208,7,215
Madhya Pradesh,2012,Counter Feiting,0,0,0,37,0,37,16,5,21,1,0,1,54,5,59
Madhya Pradesh,2012,Dowry Deaths,0,0,0,302,25,327,180,44,224,47,20,67,529,89,618
Madhya Pradesh,2012,Molestation,0,0,0,59,0,59,38,0,38,7,0,7,104,0,104
Madhya Pradesh,2012,Eve-Teasing,0,0,0,7,0,7,5,0,5,0,0,0,12,0,12
Madhya Pradesh,2012,Cruelty By Husband Or Relative Of Husband,0,0,0,87,6,93,59,8,67,20,3,23,166,17,183
Madhya Pradesh,2012,Other Ipc Crimes,0,0,0,576,17,593,449,24,473,105,7,112,1130,48,1178
Maharashtra,2001,Murder,5,0,5,1513,74,1587,1294,60,1354,155,9,164,2967,143,3110
Maharashtra,2001,Attempt To Commit Murder,9,0,9,549,26,575,387,15,402,69,3,72,1014,44,1058
Maharashtra,2001,C.H. Not Amounting To Murder,3,0,3,225,8,233,189,13,202,20,0,20,437,21,458
Maharashtra,2001,Rape,0,0,0,205,2,207,126,2,128,11,0,11,342,4,346
Maharashtra,2001,Kidnapping And Abduction,0,0,0,81,3,84,31,1,32,4,0,4,116,4,120
Maharashtra,2001,Dacoity,0,0,0,341,3,344,265,0,265,24,0,24,630,3,633
Maharashtra,2001,Prep. And Assembly For Dacoity,0,0,0,113,0,113,86,0,86,10,0,10,209,0,209
Maharashtra,2001,Robbery,0,0,0,171,0,171,173,0,173,8,0,8,352,0,352
Maharashtra,2001,Burglary,4,0,4,306,4,310,259,2,261,14,0,14,583,6,589
Maharashtra,2001,Thefts,35,0,35,864,20,884,629,11,640,27,1,28,1555,32,1587
Maharashtra,2001,Extortion,0,0,0,0,0,0,0,0,0,0,0,0,0,0,0
Maharashtra,2001,Riots,0,0,0,379,6,385,183,2,185,9,0,9,571,8,579
Maharashtra,2001,Arson,0,0,0,0,0,0,0,0,0,0,0,0,0,0,0
Maharashtra,2001,Criminal Breach Of Trust,0,0,0,17,0,17,29,0,29,0,0,0,46,0,46
Maharashtra,2001,Cheating,10,0,10,70,2,72,87,4,91,13,0,13,180,6,186
Maharashtra,2001,Counter Feiting,0,0,0,0,0,0,2,0,2,0,0,0,2,0,2
Maharashtra,2001,Dowry Deaths,0,0,0,0,0,0,0,0,0,0,0,0,0,0,0
Maharashtra,2001,Molestation,0,0,0,0,0,0,0,0,0,0,0,0,0,0,0
Maharashtra,2001,Eve-Teasing,0,0,0,0,0,0,0,0,0,0,0,0,0,0,0
Maharashtra,2001,Cruelty By Husband Or Relative Of Husband,0,0,0,0,0,0,0,0,0,0,0,0,0,0,0
Maharashtra,2001,Other Ipc Crimes,14,2,16,1153,20,1173,939,74,1013,59,0,59,2165,96,2261
Maharashtra,2002,Murder,1,0,1,1209,60,1269,1597,75,1672,329,12,341,3136,147,3283
Maharashtra,2002,Attempt To Commit Murder,1,0,1,472,18,490,414,23,437,104,5,109,991,46,1037
Maharashtra,2002,C.H. Not Amounting To Murder,0,0,0,90,2,92,152,10,162,75,3,78,317,15,332
Maharashtra,2002,Rape,0,0,0,192,7,199,178,12,190,25,0,25,395,19,414
Maharashtra,2002,Kidnapping And Abduction,0,0,0,60,3,63,95,8,103,38,2,40,193,13,206
Maharashtra,2002,Dacoity,0,0,0,380,4,384,408,4,412,40,4,44,828,12,840
Maharashtra,2002,Prep. And Assembly For Dacoity,0,0,0,60,0,60,60,0,60,8,0,8,128,0,128
Maharashtra,2002,Robbery,0,0,0,149,2,151,201,4,205,65,1,66,415,7,422
Maharashtra,2002,Burglary,0,0,0,290,5,295,339,9,348,62,3,65,691,17,708
Maharashtra,2002,Thefts,24,4,28,766,33,799,490,15,505,85,3,88,1365,55,1420
Maharashtra,2002,Extortion,0,0,0,6,0,6,24,0,24,0,0,0,30,0,30
Maharashtra,2002,Riots,0,0,0,53,4,57,41,3,44,9,1,10,103,8,111
Maharashtra,2002,Arson,0,0,0,44,0,44,36,0,36,6,0,6,86,0,86
Maharashtra,2002,Criminal Breach Of Trust,0,0,0,13,0,13,22,0,22,0,0,0,35,0,35
Maharashtra,2002,Cheating,0,0,0,62,7,69,111,9,120,36,1,37,209,17,226
Maharashtra,2002,Counter Feiting,0,0,0,4,0,4,7,0,7,1,0,1,12,0,12
Maharashtra,2002,Dowry Deaths,0,0,0,22,3,25,32,9,41,11,1,12,65,13,78
Maharashtra,2002,Molestation,11,0,11,76,1,77,109,2,111,5,0,5,201,3,204
Maharashtra,2002,Eve-Teasing,0,0,0,2,0,2,9,0,9,1,0,1,12,0,12
Maharashtra,2002,Cruelty By Husband Or Relative Of Husband,0,0,0,47,11,58,36,17,53,14,2,16,97,30,127
Maharashtra,2002,Other Ipc Crimes,21,2,23,916,37,953,821,78,899,149,7,156,1907,124,2031
Maharashtra,2003,Murder,0,0,0,966,44,1010,1511,63,1574,480,11,491,2957,118,3075
Maharashtra,2003,Attempt To Commit Murder,0,0,0,302,11,313,560,10,570,131,0,131,993,21,1014
Maharashtra,2003,C.H. Not Amounting To Murder,0,0,0,39,3,42,105,4,109,16,0,16,160,7,167
Maharashtra,2003,Rape,0,0,0,216,6,222,156,1,157,20,0,20,392,7,399
Maharashtra,2003,Kidnapping And Abduction,0,0,0,76,3,79,63,4,67,0,0,0,139,7,146
Maharashtra,2003,Dacoity,0,0,0,201,0,201,323,5,328,37,0,37,561,5,566
Maharashtra,2003,Prep. And Assembly For Dacoity,0,0,0,83,0,83,62,0,62,11,0,11,156,0,156
Maharashtra,2003,Robbery,0,0,0,146,2,148,230,2,232,16,0,16,392,4,396
Maharashtra,2003,Burglary,0,0,0,223,9,232,248,12,260,46,0,46,517,21,538
Maharashtra,2003,Thefts,0,0,0,499,15,514,439,13,452,74,3,77,1012,31,1043
Maharashtra,2003,Extortion,0,0,0,14,0,14,56,0,56,0,0,0,70,0,70
Maharashtra,2003,Riots,0,0,0,63,2,65,69,5,74,24,11,35,156,18,174
Maharashtra,2003,Arson,0,0,0,58,0,58,56,0,56,18,0,18,132,0,132
Maharashtra,2003,Criminal Breach Of Trust,0,0,0,18,0,18,47,0,47,3,0,3,68,0,68
Maharashtra,2003,Cheating,0,0,0,83,7,90,135,9,144,26,0,26,244,16,260
Maharashtra,2003,Counter Feiting,0,0,0,2,0,2,8,1,9,0,0,0,10,1,11
Maharashtra,2003,Dowry Deaths,0,0,0,15,0,15,17,3,20,0,0,0,32,3,35
Maharashtra,2003,Molestation,0,0,0,26,16,42,7,8,15,0,0,0,33,24,57
Maharashtra,2003,Eve-Teasing,0,0,0,8,0,8,2,0,2,0,0,0,10,0,10
Maharashtra,2003,Cruelty By Husband Or Relative Of Husband,0,0,0,89,16,105,86,25,111,33,0,33,208,41,249
Maharashtra,2003,Other Ipc Crimes,0,0,0,280,22,302,476,38,514,125,2,127,881,62,943
Maharashtra,2004,Murder,0,0,0,978,61,1039,1456,83,1539,576,19,595,3010,163,3173
Maharashtra,2004,Attempt To Commit Murder,0,0,0,397,12,409,410,23,433,120,7,127,927,42,969
Maharashtra,2004,C.H. Not Amounting To Murder,0,0,0,137,7,144,236,11,247,47,1,48,420,19,439
Maharashtra,2004,Rape,0,0,0,226,6,232,143,26,169,43,0,43,412,32,444
Maharashtra,2004,Kidnapping And Abduction,0,0,0,138,1,139,121,3,124,11,0,11,270,4,274
Maharashtra,2004,Dacoity,0,0,0,258,3,261,306,2,308,94,0,94,658,5,663
Maharashtra,2004,Prep. And Assembly For Dacoity,0,0,0,187,0,187,96,0,96,18,2,20,301,2,303
Maharashtra,2004,Robbery,0,0,0,231,0,231,258,0,258,18,0,18,507,0,507
Maharashtra,2004,Burglary,0,0,0,333,4,337,340,12,352,121,7,128,794,23,817
Maharashtra,2004,Thefts,0,0,0,450,3,453,409,25,434,69,2,71,928,30,958
Maharashtra,2004,Extortion,0,0,0,58,0,58,54,0,54,2,0,2,114,0,114
Maharashtra,2004,Riots,0,0,0,39,0,39,56,0,56,17,0,17,112,0,112
Maharashtra,2004,Arson,0,0,0,123,1,124,129,2,131,30,0,30,282,3,285
Maharashtra,2004,Criminal Breach Of Trust,0,0,0,79,2,81,137,2,139,18,0,18,234,4,238
Maharashtra,2004,Cheating,0,0,0,48,0,48,135,37,172,57,0,57,240,37,277
Maharashtra,2004,Counter Feiting,0,0,0,5,0,5,13,1,14,2,0,2,20,1,21
Maharashtra,2004,Dowry Deaths,0,0,0,73,10,83,176,11,187,53,2,55,302,23,325
Maharashtra,2004,Molestation,0,0,0,26,0,26,20,0,20,0,0,0,46,0,46
Maharashtra,2004,Eve-Teasing,0,0,0,21,0,21,10,0,10,0,0,0,31,0,31
Maharashtra,2004,Cruelty By Husband Or Relative Of Husband,0,0,0,61,2,63,118,13,131,37,6,43,216,21,237
Maharashtra,2004,Other Ipc Crimes,0,0,0,526,9,535,524,22,546,132,0,132,1182,31,1213
Maharashtra,2005,Murder,0,0,0,1229,52,1281,1413,89,1502,479,20,499,3121,161,3282
Maharashtra,2005,Attempt To Commit Murder,0,0,0,349,10,359,416,20,436,143,3,146,908,33,941
Maharashtra,2005,C.H. Not Amounting To Murder,0,0,0,122,3,125,85,10,95,38,1,39,245,14,259
Maharashtra,2005,Rape,0,0,0,217,7,224,145,7,152,19,1,20,381,15,396
Maharashtra,2005,Kidnapping And Abduction,0,0,0,81,4,85,181,10,191,11,0,11,273,14,287
Maharashtra,2005,Dacoity,0,0,0,242,1,243,245,4,249,43,0,43,530,5,535
Maharashtra,2005,Prep. And Assembly For Dacoity,0,0,0,110,0,110,129,0,129,11,0,11,250,0,250
Maharashtra,2005,Robbery,0,0,0,125,5,130,260,0,260,32,2,34,417,7,424
Maharashtra,2005,Burglary,0,0,0,270,10,280,278,6,284,77,1,78,625,17,642
Maharashtra,2005,Thefts,0,0,0,401,39,440,382,26,408,107,7,114,890,72,962
Maharashtra,2005,Extortion,0,0,0,63,0,63,57,0,57,11,0,11,131,0,131
Maharashtra,2005,Riots,0,0,0,77,2,79,75,1,76,31,0,31,183,3,186
Maharashtra,2005,Arson,0,0,0,61,0,61,67,0,67,19,0,19,147,0,147
Maharashtra,2005,Criminal Breach Of Trust,0,0,0,34,1,35,32,4,36,0,0,0,66,5,71
Maharashtra,2005,Cheating,0,0,0,77,6,83,147,12,159,35,2,37,259,20,279
Maharashtra,2005,Counter Feiting,0,0,0,3,0,3,2,0,2,0,0,0,5,0,5
Maharashtra,2005,Dowry Deaths,0,0,0,24,0,24,41,9,50,6,0,6,71,9,80
Maharashtra,2005,Molestation,0,0,0,28,0,28,10,0,10,0,0,0,38,0,38
Maharashtra,2005,Eve-Teasing,0,0,0,30,0,30,10,0,10,0,0,0,40,0,40
Maharashtra,2005,Cruelty By Husband Or Relative Of Husband,0,0,0,45,17,62,151,21,172,38,3,41,234,41,275
Maharashtra,2005,Other Ipc Crimes,0,0,0,531,22,553,616,54,670,234,14,248,1381,90,1471
Maharashtra,2006,Murder,0,0,0,1007,67,1074,1502,105,1607,452,28,480,2961,200,3161
Maharashtra,2006,Attempt To Commit Murder,0,0,0,314,11,325,369,18,387,88,1,89,771,30,801
Maharashtra,2006,C.H. Not Amounting To Murder,0,0,0,157,4,161,129,6,135,52,1,53,338,11,349
Maharashtra,2006,Rape,0,0,0,246,2,248,206,2,208,41,0,41,493,4,497
Maharashtra,2006,Kidnapping And Abduction,0,0,0,129,0,129,99,5,104,10,1,11,238,6,244
Maharashtra,2006,Dacoity,0,0,0,279,5,284,261,2,263,40,0,40,580,7,587
Maharashtra,2006,Prep. And Assembly For Dacoity,0,0,0,311,0,311,152,0,152,34,0,34,497,0,497
Maharashtra,2006,Robbery,0,0,0,138,7,145,150,0,150,27,2,29,315,9,324
Maharashtra,2006,Burglary,0,0,0,318,7,325,268,2,270,130,0,130,716,9,725
Maharashtra,2006,Thefts,0,0,0,730,11,741,405,18,423,187,2,189,1322,31,1353
Maharashtra,2006,Extortion,0,0,0,57,0,57,55,0,55,4,0,4,116,0,116
Maharashtra,2006,Riots,0,0,0,104,0,104,81,1,82,34,0,34,219,1,220
Maharashtra,2006,Arson,0,0,0,49,1,50,52,1,53,7,0,7,108,2,110
Maharashtra,2006,Criminal Breach Of Trust,0,0,0,47,0,47,27,0,27,3,0,3,77,0,77
Maharashtra,2006,Cheating,0,0,0,72,3,75,136,6,142,41,0,41,249,9,258
Maharashtra,2006,Counter Feiting,0,0,0,1,0,1,4,3,7,3,1,4,8,4,12
Maharashtra,2006,Dowry Deaths,0,0,0,31,5,36,59,8,67,23,3,26,113,16,129
Maharashtra,2006,Molestation,0,0,0,27,0,27,11,0,11,10,0,10,48,0,48
Maharashtra,2006,Eve-Teasing,0,0,0,16,0,16,9,0,9,0,0,0,25,0,25
Maharashtra,2006,Cruelty By Husband Or Relative Of Husband,0,0,0,112,11,123,110,19,129,29,7,36,251,37,288
Maharashtra,2006,Other Ipc Crimes,0,0,0,628,16,644,443,14,457,206,4,210,1277,34,1311
Maharashtra,2007,Murder,0,0,0,1156,59,1215,1478,65,1543,405,18,423,3039,142,3181
Maharashtra,2007,Attempt To Commit Murder,0,0,0,336,7,343,370,10,380,126,9,135,832,26,858
Maharashtra,2007,C.H. Not Amounting To Murder,0,0,0,112,5,117,208,10,218,32,2,34,352,17,369
Maharashtra,2007,Rape,0,0,0,223,6,229,182,8,190,29,1,30,434,15,449
Maharashtra,2007,Kidnapping And Abduction,0,0,0,67,1,68,130,5,135,22,1,23,219,7,226
Maharashtra,2007,Dacoity,0,0,0,350,6,356,409,6,415,36,0,36,795,12,807
Maharashtra,2007,Prep. And Assembly For Dacoity,0,0,0,139,0,139,277,1,278,4,0,4,420,1,421
Maharashtra,2007,Robbery,0,0,0,277,6,283,358,1,359,31,2,33,666,9,675
Maharashtra,2007,Burglary,0,0,0,417,6,423,487,3,490,106,0,106,1010,9,1019
Maharashtra,2007,Thefts,0,0,0,520,25,545,685,17,702,140,1,141,1345,43,1388
Maharashtra,2007,Extortion,0,0,0,86,0,86,145,0,145,7,0,7,238,0,238
Maharashtra,2007,Riots,0,0,0,45,2,47,65,0,65,11,0,11,121,2,123
Maharashtra,2007,Arson,0,0,0,44,0,44,52,0,52,6,0,6,102,0,102
Maharashtra,2007,Criminal Breach Of Trust,0,0,0,31,4,35,25,2,27,12,0,12,68,6,74
Maharashtra,2007,Cheating,0,0,0,99,6,105,180,5,185,43,5,48,322,16,338
Maharashtra,2007,Counter Feiting,0,0,0,23,4,27,16,0,16,0,0,0,39,4,43
Maharashtra,2007,Dowry Deaths,0,0,0,10,1,11,25,6,31,4,1,5,39,8,47
Maharashtra,2007,Molestation,0,0,0,10,0,10,7,0,7,0,0,0,17,0,17
Maharashtra,2007,Eve-Teasing,0,0,0,13,0,13,15,0,15,3,0,3,31,0,31
Maharashtra,2007,Cruelty By Husband Or Relative Of Husband,0,0,0,43,19,62,86,20,106,9,0,9,138,39,177
Maharashtra,2007,Other Ipc Crimes,0,0,0,598,36,634,759,32,791,228,19,247,1585,87,1672
Maharashtra,2008,Murder,0,0,0,1075,84,1159,1649,110,1759,442,24,466,3166,218,3384
Maharashtra,2008,Attempt To Commit Murder,0,0,0,251,7,258,442,26,468,105,2,107,798,35,833
Maharashtra,2008,C.H. Not Amounting To Murder,0,0,0,115,14,129,196,14,210,23,2,25,334,30,364
Maharashtra,2008,Rape,0,0,0,225,4,229,149,5,154,29,0,29,403,9,412
Maharashtra,2008,Kidnapping And Abduction,0,0,0,67,2,69,99,11,110,8,3,11,174,16,190
Maharashtra,2008,Dacoity,0,0,0,303,5,308,315,4,319,39,0,39,657,9,666
Maharashtra,2008,Prep. And Assembly For Dacoity,0,0,0,84,3,87,125,3,128,20,0,20,229,6,235
Maharashtra,2008,Robbery,0,0,0,225,0,225,291,0,291,63,0,63,579,0,579
Maharashtra,2008,Burglary,0,0,0,374,18,392,343,10,353,68,1,69,785,29,814
Maharashtra,2008,Thefts,0,0,0,680,62,742,780,32,812,122,1,123,1582,95,1677
Maharashtra,2008,Extortion,0,0,0,65,0,65,141,1,142,5,0,5,211,1,212
Maharashtra,2008,Riots,0,0,0,64,0,64,73,0,73,0,0,0,137,0,137
Maharashtra,2008,Arson,0,0,0,23,0,23,83,1,84,7,0,7,113,1,114
Maharashtra,2008,Criminal Breach Of Trust,0,0,0,18,7,25,43,2,45,1,2,3,62,11,73
Maharashtra,2008,Cheating,0,0,0,94,13,107,135,17,152,49,6,55,278,36,314
Maharashtra,2008,Counter Feiting,0,0,0,9,0,9,8,0,8,3,0,3,20,0,20
Maharashtra,2008,Dowry Deaths,0,0,0,23,9,32,55,5,60,15,0,15,93,14,107
Maharashtra,2008,Molestation,0,0,0,10,0,10,9,0,9,0,0,0,19,0,19
Maharashtra,2008,Eve-Teasing,0,0,0,6,0,6,6,0,6,0,0,0,12,0,12
Maharashtra,2008,Cruelty By Husband Or Relative Of Husband,0,0,0,52,11,63,157,10,167,46,14,60,255,35,290
Maharashtra,2008,Other Ipc Crimes,0,0,0,528,5,533,1099,25,1124,245,17,262,1872,47,1919
Maharashtra,2009,Murder,0,0,0,1444,126,1570,1420,112,1532,465,26,491,3329,264,3593
Maharashtra,2009,Attempt To Commit Murder,0,0,0,286,12,298,379,9,388,73,2,75,738,23,761
Maharashtra,2009,C.H. Not Amounting To Murder,0,0,0,99,4,103,140,6,146,39,3,42,278,13,291
Maharashtra,2009,Rape,0,0,0,279,9,288,216,7,223,37,3,40,532,19,551
Maharashtra,2009,Kidnapping And Abduction,0,0,0,93,8,101,119,7,126,17,0,17,229,15,244
Maharashtra,2009,Dacoity,0,0,0,363,3,366,261,0,261,164,0,164,788,3,791
Maharashtra,2009,Prep. And Assembly For Dacoity,0,0,0,129,0,129,125,0,125,4,0,4,258,0,258
Maharashtra,2009,Robbery,0,0,0,320,1,321,255,3,258,59,0,59,634,4,638
Maharashtra,2009,Burglary,0,0,0,338,2,340,287,2,289,78,0,78,703,4,707
Maharashtra,2009,Thefts,0,0,0,1079,37,1116,663,37,700,164,7,171,1906,81,1987
Maharashtra,2009,Extortion,0,0,0,105,0,105,93,0,93,6,0,6,204,0,204
Maharashtra,2009,Riots,0,0,0,60,4,64,47,3,50,2,0,2,109,7,116
Maharashtra,2009,Arson,0,0,0,27,2,29,30,2,32,3,0,3,60,4,64
Maharashtra,2009,Criminal Breach Of Trust,0,0,0,32,10,42,40,8,48,15,3,18,87,21,108
Maharashtra,2009,Cheating,0,0,0,141,6,147,118,7,125,105,2,107,364,15,379
Maharashtra,2009,Counter Feiting,0,0,0,10,4,14,9,1,10,3,1,4,22,6,28
Maharashtra,2009,Dowry Deaths,0,0,0,19,0,19,8,2,10,11,2,13,38,4,42
Maharashtra,2009,Molestation,0,0,0,11,0,11,17,0,17,2,0,2,30,0,30
Maharashtra,2009,Eve-Teasing,0,0,0,19,0,19,2,0,2,0,0,0,21,0,21
Maharashtra,2009,Cruelty By Husband Or Relative Of Husband,0,0,0,74,14,88,107,10,117,54,10,64,235,34,269
Maharashtra,2009,Other Ipc Crimes,0,0,0,475,23,498,678,48,726,261,20,281,1414,91,1505
Maharashtra,2010,Murder,0,0,0,1438,108,1546,1835,115,1950,490,27,517,3763,250,4013
Maharashtra,2010,Attempt To Commit Murder,0,0,0,267,6,273,384,14,398,109,3,112,760,23,783
Maharashtra,2010,C.H. Not Amounting To Murder,0,0,0,88,2,90,133,15,148,72,10,82,293,27,320
Maharashtra,2010,Rape,0,0,0,179,2,181,143,2,145,35,0,35,357,4,361
Maharashtra,2010,Kidnapping And Abduction,0,0,0,143,3,146,147,10,157,29,2,31,319,15,334
Maharashtra,2010,Dacoity,0,0,0,246,0,246,158,1,159,70,2,72,474,3,477
Maharashtra,2010,Prep. And Assembly For Dacoity,0,0,0,117,10,127,119,1,120,29,0,29,265,11,276
Maharashtra,2010,Robbery,0,0,0,236,0,236,217,0,217,71,0,71,524,0,524
Maharashtra,2010,Burglary,0,0,0,460,2,462,395,2,397,71,2,73,926,6,932
Maharashtra,2010,Thefts,0,0,0,833,21,854,836,29,865,148,2,150,1817,52,1869
Maharashtra,2010,Extortion,0,0,0,32,7,39,57,15,72,11,5,16,100,27,127
Maharashtra,2010,Riots,0,0,0,75,0,75,90,0,90,22,0,22,187,0,187
Maharashtra,2010,Arson,0,0,0,8,0,8,10,0,10,1,0,1,19,0,19
Maharashtra,2010,Criminal Breach Of Trust,0,0,0,24,0,24,48,1,49,5,0,5,77,1,78
Maharashtra,2010,Cheating,0,0,0,93,3,96,129,32,161,39,2,41,261,37,298
Maharashtra,2010,Counter Feiting,0,0,0,10,0,10,19,0,19,9,0,9,38,0,38
Maharashtra,2010,Dowry Deaths,0,0,0,49,4,53,41,13,54,43,4,47,133,21,154
Maharashtra,2010,Molestation,0,0,0,21,0,21,22,0,22,5,0,5,48,0,48
Maharashtra,2010,Eve-Teasing,0,0,0,0,0,0,0,0,0,0,0,0,0,0,0
Maharashtra,2010,Cruelty By Husband Or Relative Of Husband,0,0,0,92,14,106,172,22,194,77,7,84,341,43,384
Maharashtra,2010,Other Ipc Crimes,0,0,0,768,53,821,983,55,1038,201,8,209,1952,116,2068
Maharashtra,2011,Murder,0,0,0,1391,124,1515,1896,108,2004,527,21,548,3814,253,4067
Maharashtra,2011,Attempt To Commit Murder,0,0,0,439,21,460,499,21,520,124,4,128,1062,46,1108
Maharashtra,2011,C.H. Not Amounting To Murder,0,0,0,117,9,126,115,8,123,25,0,25,257,17,274
Maharashtra,2011,Rape,0,0,0,359,6,365,218,14,232,44,1,45,621,21,642
Maharashtra,2011,Kidnapping And Abduction,0,0,0,137,2,139,125,8,133,25,2,27,287,12,299
Maharashtra,2011,Dacoity,0,0,0,297,3,300,255,1,256,39,0,39,591,4,595
Maharashtra,2011,Prep. And Assembly For Dacoity,0,0,0,148,0,148,135,0,135,17,0,17,300,0,300
Maharashtra,2011,Robbery,0,0,0,243,1,244,256,13,269,99,0,99,598,14,612
Maharashtra,2011,Burglary,0,0,0,525,1,526,370,14,384,122,1,123,1017,16,1033
Maharashtra,2011,Thefts,0,0,0,835,54,889,580,39,619,216,4,220,1631,97,1728
Maharashtra,2011,Extortion,0,0,0,57,0,57,39,0,39,23,0,23,119,0,119
Maharashtra,2011,Riots,0,0,0,90,0,90,56,0,56,22,0,22,168,0,168
Maharashtra,2011,Arson,0,0,0,39,1,40,59,0,59,46,0,46,144,1,145
Maharashtra,2011,Criminal Breach Of Trust,0,0,0,28,0,28,36,0,36,5,0,5,69,0,69
Maharashtra,2011,Cheating,0,0,0,179,20,199,205,29,234,68,4,72,452,53,505
Maharashtra,2011,Counter Feiting,0,0,0,9,0,9,16,0,16,0,0,0,25,0,25
Maharashtra,2011,Dowry Deaths,0,0,0,71,16,87,72,7,79,27,2,29,170,25,195
Maharashtra,2011,Molestation,0,0,0,8,0,8,5,0,5,0,0,0,13,0,13
Maharashtra,2011,Eve-Teasing,0,0,0,15,0,15,12,0,12,0,0,0,27,0,27
Maharashtra,2011,Cruelty By Husband Or Relative Of Husband,0,0,0,98,19,117,124,19,143,20,2,22,242,40,282
Maharashtra,2011,Other Ipc Crimes,0,0,0,608,17,625,628,32,660,172,4,176,1408,53,1461
Maharashtra,2012,Murder,0,0,0,1320,104,1424,1600,118,1718,492,13,505,3412,235,3647
Maharashtra,2012,Attempt To Commit Murder,0,0,0,471,24,495,679,27,706,116,1,117,1266,52,1318
Maharashtra,2012,C.H. Not Amounting To Murder,0,0,0,126,9,135,171,3,174,30,1,31,327,13,340
Maharashtra,2012,Rape,0,0,0,315,8,323,213,1,214,58,0,58,586,9,595
Maharashtra,2012,Kidnapping And Abduction,0,0,0,121,3,124,109,11,120,71,6,77,301,20,321
Maharashtra,2012,Dacoity,0,0,0,348,2,350,421,4,425,99,0,99,868,6,874
Maharashtra,2012,Prep. And Assembly For Dacoity,0,0,0,161,0,161,167,0,167,55,0,55,383,0,383
Maharashtra,2012,Robbery,0,0,0,263,0,263,295,0,295,88,4,92,646,4,650
Maharashtra,2012,Burglary,0,0,0,293,1,294,370,3,373,142,0,142,805,4,809
Maharashtra,2012,Thefts,0,0,0,748,19,767,659,30,689,261,7,268,1668,56,1724
Maharashtra,2012,Extortion,0,0,0,71,0,71,53,0,53,18,0,18,142,0,142
Maharashtra,2012,Riots,0,0,0,86,4,90,110,12,122,12,0,12,208,16,224
Maharashtra,2012,Arson,0,0,0,105,0,105,97,0,97,27,0,27,229,0,229
Maharashtra,2012,Criminal Breach Of Trust,0,0,0,42,0,42,124,0,124,18,0,18,184,0,184
Maharashtra,2012,Cheating,0,0,0,90,13,103,119,31,150,104,7,111,313,51,364
Maharashtra,2012,Counter Feiting,0,0,0,40,0,40,39,0,39,7,0,7,86,0,86
Maharashtra,2012,Dowry Deaths,0,0,0,79,2,81,105,9,114,15,1,16,199,12,211
Maharashtra,2012,Molestation,0,0,0,50,0,50,70,2,72,11,0,11,131,2,133
Maharashtra,2012,Eve-Teasing,0,0,0,52,0,52,50,0,50,10,0,10,112,0,112
Maharashtra,2012,Cruelty By Husband Or Relative Of Husband,0,0,0,91,19,110,111,18,129,12,2,14,214,39,253
Maharashtra,2012,Other Ipc Crimes,0,0,0,422,37,459,441,45,486,300,8,308,1163,90,1253
Manipur,2001,Murder,0,0,0,7,0,7,8,0,8,2,0,2,17,0,17
Manipur,2001,Attempt To Commit Murder,0,0,0,2,0,2,1,0,1,0,0,0,3,0,3
Manipur,2001,C.H. Not Amounting To Murder,0,0,0,2,0,2,0,0,0,0,0,0,2,0,2
Manipur,2001,Rape,0,0,0,3,0,3,1,0,1,0,0,0,4,0,4
Manipur,2001,Kidnapping And Abduction,0,0,0,5,0,5,0,0,0,0,0,0,5,0,5
Manipur,2001,Dacoity,0,0,0,0,0,0,0,0,0,0,0,0,0,0,0
Manipur,2001,Prep. And Assembly For Dacoity,0,0,0,16,0,16,0,0,0,0,0,0,16,0,16
Manipur,2001,Robbery,0,0,0,0,0,0,0,0,0,0,0,0,0,0,0
Manipur,2001,Burglary,0,0,0,0,0,0,0,0,0,1,0,1,1,0,1
Manipur,2001,Thefts,0,0,0,37,0,37,22,0,22,2,0,2,61,0,61
Manipur,2001,Extortion,0,0,0,0,0,0,0,0,0,0,0,0,0,0,0
Manipur,2001,Riots,0,0,0,0,0,0,0,0,0,0,0,0,0,0,0
Manipur,2001,Arson,0,0,0,0,0,0,0,0,0,0,0,0,0,0,0
Manipur,2001,Criminal Breach Of Trust,0,0,0,0,0,0,0,0,0,0,0,0,0,0,0
Manipur,2001,Cheating,0,0,0,2,0,2,2,0,2,0,0,0,4,0,4
Manipur,2001,Counter Feiting,0,0,0,0,0,0,0,0,0,0,0,0,0,0,0
Manipur,2001,Dowry Deaths,0,0,0,0,0,0,0,0,0,0,0,0,0,0,0
Manipur,2001,Molestation,0,0,0,0,0,0,0,0,0,0,0,0,0,0,0
Manipur,2001,Eve-Teasing,0,0,0,0,0,0,0,0,0,0,0,0,0,0,0
Manipur,2001,Cruelty By Husband Or Relative Of Husband,0,0,0,0,0,0,0,0,0,0,0,0,0,0,0
Manipur,2001,Other Ipc Crimes,0,0,0,22,1,23,6,1,7,1,0,1,29,2,31
Manipur,2002,Murder,1,0,1,9,0,9,27,3,30,2,1,3,39,4,43
Manipur,2002,Attempt To Commit Murder,0,0,0,0,0,0,3,0,3,0,0,0,3,0,3
Manipur,2002,C.H. Not Amounting To Murder,0,0,0,0,0,0,0,0,0,0,0,0,0,0,0
Manipur,2002,Rape,0,0,0,1,0,1,2,0,2,1,0,1,4,0,4
Manipur,2002,Kidnapping And Abduction,1,0,1,5,0,5,0,0,0,0,0,0,6,0,6
Manipur,2002,Dacoity,0,0,0,0,0,0,0,0,0,0,0,0,0,0,0
Manipur,2002,Prep. And Assembly For Dacoity,0,0,0,9,0,9,0,0,0,0,0,0,9,0,9
Manipur,2002,Robbery,0,0,0,0,0,0,0,0,0,0,0,0,0,0,0
Manipur,2002,Burglary,0,0,0,1,0,1,0,0,0,0,0,0,1,0,1
Manipur,2002,Thefts,0,0,0,47,0,47,40,2,42,2,0,2,89,2,91
Manipur,2002,Extortion,2,0,2,9,0,9,2,0,2,0,0,0,13,0,13
Manipur,2002,Riots,0,0,0,0,0,0,0,0,0,0,0,0,0,0,0
Manipur,2002,Arson,0,0,0,5,0,5,0,0,0,0,0,0,5,0,5
Manipur,2002,Criminal Breach Of Trust,0,0,0,0,0,0,1,0,1,0,0,0,1,0,1
Manipur,2002,Cheating,0,0,0,0,0,0,0,0,0,0,0,0,0,0,0
Manipur,2002,Counter Feiting,0,0,0,1,0,1,0,0,0,0,0,0,1,0,1
Manipur,2002,Dowry Deaths,0,0,0,0,0,0,0,0,0,0,0,0,0,0,0
Manipur,2002,Molestation,0,0,0,0,0,0,3,0,3,1,0,1,4,0,4
Manipur,2002,Eve-Teasing,0,0,0,0,0,0,0,0,0,0,0,0,0,0,0
Manipur,2002,Cruelty By Husband Or Relative Of Husband,0,0,0,0,0,0,0,0,0,0,0,0,0,0,0
Manipur,2002,Other Ipc Crimes,0,0,0,32,1,33,14,0,14,3,0,3,49,1,50
Manipur,2003,Murder,0,0,0,15,0,15,18,4,22,5,1,6,38,5,43
Manipur,2003,Attempt To Commit Murder,0,0,0,4,0,4,5,0,5,0,0,0,9,0,9
Manipur,2003,C.H. Not Amounting To Murder,0,0,0,0,0,0,0,0,0,0,0,0,0,0,0
Manipur,2003,Rape,0,0,0,4,0,4,4,0,4,0,0,0,8,0,8
Manipur,2003,Kidnapping And Abduction,0,0,0,1,0,1,3,0,3,0,0,0,4,0,4
Manipur,2003,Dacoity,0,0,0,1,0,1,0,0,0,0,0,0,1,0,1
Manipur,2003,Prep. And Assembly For Dacoity,0,0,0,0,0,0,0,0,0,0,0,0,0,0,0
Manipur,2003,Robbery,0,0,0,0,0,0,0,0,0,0,0,0,0,0,0
Manipur,2003,Burglary,0,0,0,0,0,0,0,0,0,0,0,0,0,0,0
Manipur,2003,Thefts,0,0,0,80,0,80,46,1,47,4,0,4,130,1,131
Manipur,2003,Extortion,0,0,0,2,0,2,2,0,2,0,0,0,4,0,4
Manipur,2003,Riots,0,0,0,0,0,0,0,0,0,0,0,0,0,0,0
Manipur,2003,Arson,0,0,0,0,0,0,0,0,0,0,0,0,0,0,0
Manipur,2003,Criminal Breach Of Trust,0,0,0,0,0,0,0,0,0,0,0,0,0,0,0
Manipur,2003,Cheating,0,0,0,0,0,0,0,0,0,0,0,0,0,0,0
Manipur,2003,Counter Feiting,0,0,0,0,0,0,1,0,1,0,0,0,1,0,1
Manipur,2003,Dowry Deaths,0,0,0,0,0,0,0,0,0,0,0,0,0,0,0
Manipur,2003,Molestation,0,0,0,0,0,0,0,0,0,0,0,0,0,0,0
Manipur,2003,Eve-Teasing,0,0,0,0,0,0,0,0,0,0,0,0,0,0,0
Manipur,2003,Cruelty By Husband Or Relative Of Husband,0,0,0,0,0,0,0,0,0,0,0,0,0,0,0
Manipur,2003,Other Ipc Crimes,0,0,0,15,1,16,14,1,15,1,0,1,30,2,32
Manipur,2004,Murder,2,0,2,21,1,22,14,4,18,2,1,3,39,6,45
Manipur,2004,Attempt To Commit Murder,0,0,0,4,0,4,2,0,2,0,0,0,6,0,6
Manipur,2004,C.H. Not Amounting To Murder,0,0,0,2,0,2,0,0,0,0,0,0,2,0,2
Manipur,2004,Rape,0,0,0,1,0,1,0,0,0,0,0,0,1,0,1
Manipur,2004,Kidnapping And Abduction,0,0,0,0,0,0,0,0,0,0,0,0,0,0,0
Manipur,2004,Dacoity,0,0,0,8,0,8,0,0,0,0,0,0,8,0,8
Manipur,2004,Prep. And Assembly For Dacoity,0,0,0,0,0,0,0,0,0,0,0,0,0,0,0
Manipur,2004,Robbery,0,0,0,0,0,0,0,0,0,0,0,0,0,0,0
Manipur,2004,Burglary,5,0,5,20,0,20,9,0,9,0,0,0,34,0,34
Manipur,2004,Thefts,3,0,3,38,0,38,30,2,32,1,0,1,72,2,74
Manipur,2004,Extortion,2,0,2,34,0,34,14,0,14,0,0,0,50,0,50
Manipur,2004,Riots,0,0,0,0,0,0,0,0,0,0,0,0,0,0,0
Manipur,2004,Arson,0,0,0,7,0,7,6,0,6,0,0,0,13,0,13
Manipur,2004,Criminal Breach Of Trust,0,0,0,0,0,0,0,0,0,0,0,0,0,0,0
Manipur,2004,Cheating,0,0,0,0,0,0,0,0,0,0,0,0,0,0,0
Manipur,2004,Counter Feiting,0,0,0,0,0,0,0,0,0,0,0,0,0,0,0
Manipur,2004,Dowry Deaths,0,0,0,0,0,0,0,0,0,0,0,0,0,0,0
Manipur,2004,Molestation,0,0,0,0,0,0,0,0,0,1,0,1,1,0,1
Manipur,2004,Eve-Teasing,0,0,0,0,0,0,0,0,0,0,0,0,0,0,0
Manipur,2004,Cruelty By Husband Or Relative Of Husband,0,0,0,0,0,0,0,0,0,0,0,0,0,0,0
Manipur,2004,Other Ipc Crimes,0,0,0,2,0,2,1,0,1,0,0,0,3,0,3
Manipur,2005,Murder,0,0,0,14,0,14,17,2,19,3,0,3,34,2,36
Manipur,2005,Attempt To Commit Murder,0,0,0,1,0,1,6,0,6,0,0,0,7,0,7
Manipur,2005,C.H. Not Amounting To Murder,0,0,0,0,0,0,32,15,47,0,0,0,32,15,47
Manipur,2005,Rape,0,0,0,5,0,5,2,0,2,0,0,0,7,0,7
Manipur,2005,Kidnapping And Abduction,0,0,0,1,0,1,0,0,0,0,0,0,1,0,1
Manipur,2005,Dacoity,0,0,0,0,0,0,0,0,0,0,0,0,0,0,0
Manipur,2005,Prep. And Assembly For Dacoity,0,0,0,0,0,0,0,0,0,0,0,0,0,0,0
Manipur,2005,Robbery,0,0,0,14,0,14,3,0,3,0,0,0,17,0,17
Manipur,2005,Burglary,0,0,0,0,0,0,0,0,0,0,0,0,0,0,0
Manipur,2005,Thefts,0,0,0,78,0,78,64,0,64,0,1,1,142,1,143
Manipur,2005,Extortion,0,0,0,4,0,4,0,0,0,0,0,0,4,0,4
Manipur,2005,Riots,0,0,0,0,0,0,0,0,0,0,0,0,0,0,0
Manipur,2005,Arson,0,0,0,0,0,0,0,0,0,0,0,0,0,0,0
Manipur,2005,Criminal Breach Of Trust,0,0,0,2,0,2,2,0,2,0,0,0,4,0,4
Manipur,2005,Cheating,0,0,0,0,0,0,0,0,0,0,0,0,0,0,0
Manipur,2005,Counter Feiting,0,0,0,0,0,0,0,0,0,0,0,0,0,0,0
Manipur,2005,Dowry Deaths,0,0,0,0,0,0,0,0,0,0,0,0,0,0,0
Manipur,2005,Molestation,0,0,0,0,0,0,0,0,0,0,0,0,0,0,0
Manipur,2005,Eve-Teasing,0,0,0,0,0,0,0,0,0,0,0,0,0,0,0
Manipur,2005,Cruelty By Husband Or Relative Of Husband,0,0,0,0,0,0,0,0,0,0,0,0,0,0,0
Manipur,2005,Other Ipc Crimes,0,0,0,15,0,15,5,0,5,1,0,1,21,0,21
Manipur,2006,Murder,0,0,0,30,1,31,22,2,24,4,1,5,56,4,60
Manipur,2006,Attempt To Commit Murder,0,0,0,1,0,1,5,0,5,0,0,0,6,0,6
Manipur,2006,C.H. Not Amounting To Murder,0,0,0,0,0,0,1,0,1,0,0,0,1,0,1
Manipur,2006,Rape,0,0,0,7,0,7,3,0,3,0,0,0,10,0,10
Manipur,2006,Kidnapping And Abduction,0,0,0,2,0,2,1,1,2,0,0,0,3,1,4
Manipur,2006,Dacoity,0,0,0,0,0,0,0,0,0,1,0,1,1,0,1
Manipur,2006,Prep. And Assembly For Dacoity,0,0,0,3,0,3,3,0,3,0,0,0,6,0,6
Manipur,2006,Robbery,0,0,0,0,0,0,0,0,0,0,0,0,0,0,0
Manipur,2006,Burglary,0,0,0,0,0,0,0,0,0,0,0,0,0,0,0
Manipur,2006,Thefts,0,0,0,30,0,30,32,0,32,2,0,2,64,0,64
Manipur,2006,Extortion,0,0,0,20,0,20,6,0,6,0,0,0,26,0,26
Manipur,2006,Riots,0,0,0,0,0,0,0,0,0,0,0,0,0,0,0
Manipur,2006,Arson,0,0,0,1,0,1,4,0,4,0,0,0,5,0,5
Manipur,2006,Criminal Breach Of Trust,0,0,0,0,0,0,0,0,0,0,0,0,0,0,0
Manipur,2006,Cheating,0,0,0,0,0,0,0,0,0,0,0,0,0,0,0
Manipur,2006,Counter Feiting,0,0,0,0,0,0,0,0,0,0,0,0,0,0,0
Manipur,2006,Dowry Deaths,0,0,0,0,0,0,0,0,0,0,0,0,0,0,0
Manipur,2006,Molestation,0,0,0,0,0,0,0,0,0,0,0,0,0,0,0
Manipur,2006,Eve-Teasing,0,0,0,0,0,0,0,0,0,0,0,0,0,0,0
Manipur,2006,Cruelty By Husband Or Relative Of Husband,0,0,0,0,0,0,1,0,1,0,0,0,1,0,1
Manipur,2006,Other Ipc Crimes,0,0,0,5,0,5,5,8,13,1,0,1,11,8,19
Manipur,2007,Murder,0,0,0,26,0,26,13,3,16,5,0,5,44,3,47
Manipur,2007,Attempt To Commit Murder,0,0,0,7,0,7,4,0,4,0,0,0,11,0,11
Manipur,2007,C.H. Not Amounting To Murder,0,0,0,0,0,0,0,0,0,0,0,0,0,0,0
Manipur,2007,Rape,0,0,0,2,0,2,0,0,0,0,0,0,2,0,2
Manipur,2007,Kidnapping And Abduction,0,0,0,6,0,6,0,0,0,0,0,0,6,0,6
Manipur,2007,Dacoity,0,0,0,0,0,0,0,0,0,1,0,1,1,0,1
Manipur,2007,Prep. And Assembly For Dacoity,0,0,0,0,0,0,0,0,0,0,0,0,0,0,0
Manipur,2007,Robbery,0,0,0,0,0,0,0,0,0,0,0,0,0,0,0
Manipur,2007,Burglary,0,0,0,3,0,3,5,0,5,0,0,0,8,0,8
Manipur,2007,Thefts,0,0,0,29,0,29,19,1,20,2,0,2,50,1,51
Manipur,2007,Extortion,0,0,0,8,0,8,2,0,2,0,0,0,10,0,10
Manipur,2007,Riots,0,0,0,0,0,0,0,0,0,0,0,0,0,0,0
Manipur,2007,Arson,0,0,0,1,0,1,0,0,0,0,0,0,1,0,1
Manipur,2007,Criminal Breach Of Trust,0,0,0,1,0,1,0,0,0,0,0,0,1,0,1
Manipur,2007,Cheating,0,0,0,0,0,0,0,0,0,0,0,0,0,0,0
Manipur,2007,Counter Feiting,0,0,0,0,0,0,0,0,0,0,0,0,0,0,0
Manipur,2007,Dowry Deaths,0,0,0,0,0,0,0,0,0,0,0,0,0,0,0
Manipur,2007,Molestation,0,0,0,2,0,2,1,0,1,0,0,0,3,0,3
Manipur,2007,Eve-Teasing,0,0,0,0,0,0,0,0,0,0,0,0,0,0,0
Manipur,2007,Cruelty By Husband Or Relative Of Husband,0,0,0,0,0,0,1,0,1,0,0,0,1,0,1
Manipur,2007,Other Ipc Crimes,0,0,0,13,0,13,5,1,6,1,0,1,19,1,20
Manipur,2008,Murder,0,0,0,12,1,13,20,5,25,7,0,7,39,6,45
Manipur,2008,Attempt To Commit Murder,0,0,0,4,0,4,4,0,4,0,0,0,8,0,8
Manipur,2008,C.H. Not Amounting To Murder,0,0,0,1,0,1,1,0,1,0,0,0,2,0,2
Manipur,2008,Rape,0,0,0,2,0,2,2,0,2,1,0,1,5,0,5
Manipur,2008,Kidnapping And Abduction,0,0,0,2,2,4,1,0,1,0,0,0,3,2,5
Manipur,2008,Dacoity,0,0,0,0,0,0,0,0,0,0,0,0,0,0,0
Manipur,2008,Prep. And Assembly For Dacoity,0,0,0,0,0,0,0,0,0,0,0,0,0,0,0
Manipur,2008,Robbery,0,0,0,0,0,0,0,0,0,0,0,0,0,0,0
Manipur,2008,Burglary,0,0,0,8,0,8,5,0,5,1,0,1,14,0,14
Manipur,2008,Thefts,0,0,0,36,0,36,16,0,16,2,0,2,54,0,54
Manipur,2008,Extortion,0,0,0,22,0,22,5,1,6,0,0,0,27,1,28
Manipur,2008,Riots,0,0,0,0,0,0,0,0,0,0,0,0,0,0,0
Manipur,2008,Arson,0,0,0,0,0,0,0,0,0,0,0,0,0,0,0
Manipur,2008,Criminal Breach Of Trust,0,0,0,0,0,0,0,0,0,0,0,0,0,0,0
Manipur,2008,Cheating,0,0,0,0,0,0,0,0,0,0,0,0,0,0,0
Manipur,2008,Counter Feiting,0,0,0,0,0,0,0,0,0,0,0,0,0,0,0
Manipur,2008,Dowry Deaths,0,0,0,0,0,0,0,0,0,0,0,0,0,0,0
Manipur,2008,Molestation,0,0,0,0,0,0,1,0,1,1,0,1,2,0,2
Manipur,2008,Eve-Teasing,0,0,0,0,0,0,1,0,1,0,0,0,1,0,1
Manipur,2008,Cruelty By Husband Or Relative Of Husband,0,0,0,0,0,0,0,0,0,0,0,0,0,0,0
Manipur,2008,Other Ipc Crimes,0,0,0,9,0,9,9,1,10,0,0,0,18,1,19
Manipur,2009,Murder,0,0,0,19,0,19,18,4,22,1,0,1,38,4,42
Manipur,2009,Attempt To Commit Murder,0,0,0,13,2,15,4,2,6,1,0,1,18,4,22
Manipur,2009,C.H. Not Amounting To Murder,0,0,0,0,0,0,0,0,0,0,0,0,0,0,0
Manipur,2009,Rape,0,0,0,5,0,5,3,0,3,0,0,0,8,0,8
Manipur,2009,Kidnapping And Abduction,0,0,0,4,0,4,1,0,1,2,0,2,7,0,7
Manipur,2009,Dacoity,0,0,0,0,0,0,0,0,0,0,0,0,0,0,0
Manipur,2009,Prep. And Assembly For Dacoity,0,0,0,0,0,0,0,0,0,0,0,0,0,0,0
Manipur,2009,Robbery,0,0,0,0,0,0,0,0,0,0,0,0,0,0,0
Manipur,2009,Burglary,0,0,0,24,0,24,6,0,6,3,0,3,33,0,33
Manipur,2009,Thefts,0,0,0,53,0,53,24,0,24,0,0,0,77,0,77
Manipur,2009,Extortion,0,0,0,8,0,8,4,2,6,0,0,0,12,2,14
Manipur,2009,Riots,0,0,0,1,0,1,0,0,0,0,0,0,1,0,1
Manipur,2009,Arson,0,0,0,0,0,0,0,0,0,0,0,0,0,0,0
Manipur,2009,Criminal Breach Of Trust,0,0,0,0,0,0,0,0,0,0,0,0,0,0,0
Manipur,2009,Cheating,0,0,0,0,0,0,0,0,0,0,0,0,0,0,0
Manipur,2009,Counter Feiting,0,0,0,0,0,0,0,0,0,0,0,0,0,0,0
Manipur,2009,Dowry Deaths,0,0,0,0,0,0,0,0,0,0,0,0,0,0,0
Manipur,2009,Molestation,0,0,0,1,0,1,3,0,3,0,0,0,4,0,4
Manipur,2009,Eve-Teasing,0,0,0,0,0,0,0,0,0,0,0,0,0,0,0
Manipur,2009,Cruelty By Husband Or Relative Of Husband,0,0,0,0,0,0,1,0,1,1,0,1,2,0,2
Manipur,2009,Other Ipc Crimes,0,0,0,8,0,8,5,2,7,4,1,5,17,3,20
Manipur,2010,Murder,0,0,0,21,0,21,23,1,24,3,0,3,47,1,48
Manipur,2010,Attempt To Commit Murder,0,0,0,14,0,14,13,0,13,1,0,1,28,0,28
Manipur,2010,C.H. Not Amounting To Murder,0,0,0,0,0,0,0,0,0,0,0,0,0,0,0
Manipur,2010,Rape,0,0,0,3,0,3,3,0,3,0,0,0,6,0,6
Manipur,2010,Kidnapping And Abduction,0,0,0,4,0,4,3,0,3,3,0,3,10,0,10
Manipur,2010,Dacoity,0,0,0,0,0,0,0,0,0,0,0,0,0,0,0
Manipur,2010,Prep. And Assembly For Dacoity,0,0,0,5,0,5,1,0,1,0,0,0,6,0,6
Manipur,2010,Robbery,0,0,0,1,0,1,0,0,0,0,0,0,1,0,1
Manipur,2010,Burglary,0,0,0,15,0,15,11,0,11,0,0,0,26,0,26
Manipur,2010,Thefts,0,0,0,43,1,44,37,0,37,1,0,1,81,1,82
Manipur,2010,Extortion,0,0,0,13,0,13,2,1,3,0,0,0,15,1,16
Manipur,2010,Riots,0,0,0,0,0,0,0,0,0,0,0,0,0,0,0
Manipur,2010,Arson,0,0,0,0,0,0,1,0,1,0,0,0,1,0,1
Manipur,2010,Criminal Breach Of Trust,0,0,0,0,0,0,0,0,0,0,0,0,0,0,0
Manipur,2010,Cheating,0,0,0,0,0,0,0,0,0,0,0,0,0,0,0
Manipur,2010,Counter Feiting,0,0,0,0,0,0,0,0,0,1,0,1,1,0,1
Manipur,2010,Dowry Deaths,0,0,0,0,0,0,0,0,0,0,0,0,0,0,0
Manipur,2010,Molestation,0,0,0,1,0,1,2,0,2,0,0,0,3,0,3
Manipur,2010,Eve-Teasing,0,0,0,0,0,0,0,0,0,0,0,0,0,0,0
Manipur,2010,Cruelty By Husband Or Relative Of Husband,0,0,0,0,0,0,1,0,1,0,0,0,1,0,1
Manipur,2010,Other Ipc Crimes,0,0,0,4,0,4,3,1,4,0,0,0,7,1,8
Manipur,2011,Murder,0,0,0,31,1,32,25,3,28,11,0,11,67,4,71
Manipur,2011,Attempt To Commit Murder,0,0,0,18,0,18,7,0,7,2,0,2,27,0,27
Manipur,2011,C.H. Not Amounting To Murder,0,0,0,1,0,1,0,0,0,0,0,0,1,0,1
Manipur,2011,Rape,0,0,0,6,0,6,4,0,4,4,0,4,14,0,14
Manipur,2011,Kidnapping And Abduction,0,0,0,4,0,4,2,0,2,1,1,2,7,1,8
Manipur,2011,Dacoity,0,0,0,0,0,0,0,0,0,0,0,0,0,0,0
Manipur,2011,Prep. And Assembly For Dacoity,0,0,0,6,0,6,8,0,8,0,0,0,14,0,14
Manipur,2011,Robbery,0,0,0,0,0,0,0,0,0,0,0,0,0,0,0
Manipur,2011,Burglary,0,0,0,7,0,7,4,0,4,3,0,3,14,0,14
Manipur,2011,Thefts,0,0,0,37,0,37,27,0,27,4,0,4,68,0,68
Manipur,2011,Extortion,0,0,0,8,1,9,4,0,4,0,0,0,12,1,13
Manipur,2011,Riots,0,0,0,0,0,0,0,0,0,0,0,0,0,0,0
Manipur,2011,Arson,0,0,0,3,0,3,1,0,1,0,0,0,4,0,4
Manipur,2011,Criminal Breach Of Trust,0,0,0,1,0,1,1,0,1,0,0,0,2,0,2
Manipur,2011,Cheating,0,0,0,0,0,0,0,2,2,0,0,0,0,2,2
Manipur,2011,Counter Feiting,0,0,0,0,0,0,0,0,0,0,0,0,0,0,0
Manipur,2011,Dowry Deaths,0,0,0,0,0,0,0,0,0,0,0,0,0,0,0
Manipur,2011,Molestation,0,0,0,2,0,2,3,0,3,1,0,1,6,0,6
Manipur,2011,Eve-Teasing,0,0,0,0,0,0,0,0,0,0,0,0,0,0,0
Manipur,2011,Cruelty By Husband Or Relative Of Husband,0,0,0,0,0,0,1,0,1,0,0,0,1,0,1
Manipur,2011,Other Ipc Crimes,0,0,0,3,0,3,10,5,15,5,0,5,18,5,23
Manipur,2012,Murder,0,0,0,20,0,20,30,1,31,4,0,4,54,1,55
Manipur,2012,Attempt To Commit Murder,0,0,0,36,0,36,42,6,48,3,0,3,81,6,87
Manipur,2012,C.H. Not Amounting To Murder,0,0,0,0,0,0,0,0,0,0,0,0,0,0,0
Manipur,2012,Rape,0,0,0,17,0,17,13,0,13,2,0,2,32,0,32
Manipur,2012,Kidnapping And Abduction,0,0,0,10,0,10,3,0,3,0,0,0,13,0,13
Manipur,2012,Dacoity,0,0,0,0,0,0,0,0,0,0,0,0,0,0,0
Manipur,2012,Prep. And Assembly For Dacoity,0,0,0,11,0,11,7,0,7,0,0,0,18,0,18
Manipur,2012,Robbery,0,0,0,0,0,0,0,0,0,0,0,0,0,0,0
Manipur,2012,Burglary,0,0,0,7,0,7,3,0,3,0,0,0,10,0,10
Manipur,2012,Thefts,0,0,0,38,0,38,23,0,23,1,0,1,62,0,62
Manipur,2012,Extortion,0,0,0,9,0,9,4,0,4,0,0,0,13,0,13
Manipur,2012,Riots,0,0,0,0,0,0,0,0,0,0,0,0,0,0,0
Manipur,2012,Arson,0,0,0,2,0,2,2,0,2,0,0,0,4,0,4
Manipur,2012,Criminal Breach Of Trust,0,0,0,3,0,3,0,0,0,0,0,0,3,0,3
Manipur,2012,Cheating,0,0,0,0,0,0,0,0,0,0,0,0,0,0,0
Manipur,2012,Counter Feiting,0,0,0,0,0,0,2,0,2,0,0,0,2,0,2
Manipur,2012,Dowry Deaths,0,0,0,0,0,0,0,0,0,0,0,0,0,0,0
Manipur,2012,Molestation,0,0,0,1,0,1,0,0,0,2,0,2,3,0,3
Manipur,2012,Eve-Teasing,0,0,0,0,0,0,0,0,0,0,0,0,0,0,0
Manipur,2012,Cruelty By Husband Or Relative Of Husband,0,0,0,0,0,0,0,0,0,0,0,0,0,0,0
Manipur,2012,Other Ipc Crimes,0,0,0,7,0,7,9,0,9,2,0,2,18,0,18
Meghalaya,2001,Murder,0,0,0,32,0,32,25,2,27,0,0,0,57,2,59
Meghalaya,2001,Attempt To Commit Murder,0,0,0,7,0,7,7,0,7,1,0,1,15,0,15
Meghalaya,2001,C.H. Not Amounting To Murder,0,0,0,0,0,0,3,0,3,0,0,0,3,0,3
Meghalaya,2001,Rape,0,0,0,11,0,11,15,0,15,3,0,3,29,0,29
Meghalaya,2001,Kidnapping And Abduction,0,0,0,4,0,4,6,0,6,0,0,0,10,0,10
Meghalaya,2001,Dacoity,0,0,0,49,0,49,44,0,44,2,0,2,95,0,95
Meghalaya,2001,Prep. And Assembly For Dacoity,0,0,0,7,0,7,9,0,9,0,0,0,16,0,16
Meghalaya,2001,Robbery,0,0,0,26,0,26,20,0,20,0,0,0,46,0,46
Meghalaya,2001,Burglary,0,0,0,5,0,5,6,0,6,2,0,2,13,0,13
Meghalaya,2001,Thefts,2,0,2,49,0,49,65,2,67,10,0,10,126,2,128
Meghalaya,2001,Extortion,0,0,0,9,0,9,2,0,2,0,0,0,11,0,11
Meghalaya,2001,Riots,0,0,0,0,0,0,0,0,0,0,0,0,0,0,0
Meghalaya,2001,Arson,0,0,0,0,0,0,0,0,0,0,0,0,0,0,0
Meghalaya,2001,Criminal Breach Of Trust,0,0,0,0,0,0,0,0,0,0,0,0,0,0,0
Meghalaya,2001,Cheating,0,0,0,5,0,5,3,0,3,2,0,2,10,0,10
Meghalaya,2001,Counter Feiting,0,0,0,0,0,0,1,0,1,0,0,0,1,0,1
Meghalaya,2001,Dowry Deaths,0,0,0,0,0,0,0,0,0,0,0,0,0,0,0
Meghalaya,2001,Molestation,0,0,0,3,0,3,0,0,0,0,0,0,3,0,3
Meghalaya,2001,Eve-Teasing,0,0,0,0,0,0,0,0,0,0,0,0,0,0,0
Meghalaya,2001,Cruelty By Husband Or Relative Of Husband,0,0,0,0,0,0,0,0,0,0,0,0,0,0,0
Meghalaya,2001,Other Ipc Crimes,1,0,1,0,0,0,0,0,0,0,0,0,1,0,1
Meghalaya,2002,Murder,0,0,0,23,0,23,13,1,14,3,0,3,39,1,40
Meghalaya,2002,Attempt To Commit Murder,0,0,0,2,0,2,1,0,1,1,0,1,4,0,4
Meghalaya,2002,C.H. Not Amounting To Murder,1,0,1,4,0,4,0,0,0,0,0,0,5,0,5
Meghalaya,2002,Rape,0,0,0,10,0,10,2,0,2,1,0,1,13,0,13
Meghalaya,2002,Kidnapping And Abduction,0,0,0,10,0,10,5,1,6,0,0,0,15,1,16
Meghalaya,2002,Dacoity,0,0,0,51,0,51,32,0,32,0,0,0,83,0,83
Meghalaya,2002,Prep. And Assembly For Dacoity,0,0,0,2,0,2,1,0,1,0,0,0,3,0,3
Meghalaya,2002,Robbery,2,0,2,36,0,36,13,0,13,0,0,0,51,0,51
Meghalaya,2002,Burglary,2,0,2,6,0,6,1,0,1,0,0,0,9,0,9
Meghalaya,2002,Thefts,0,0,0,20,0,20,41,1,42,0,0,0,61,1,62
Meghalaya,2002,Extortion,0,0,0,15,0,15,7,0,7,0,0,0,22,0,22
Meghalaya,2002,Riots,0,0,0,0,0,0,0,0,0,0,0,0,0,0,0
Meghalaya,2002,Arson,0,0,0,0,0,0,0,0,0,0,0,0,0,0,0
Meghalaya,2002,Criminal Breach Of Trust,0,0,0,0,0,0,0,0,0,0,0,0,0,0,0
Meghalaya,2002,Cheating,0,0,0,2,0,2,0,0,0,0,0,0,2,0,2
Meghalaya,2002,Counter Feiting,0,0,0,0,0,0,0,0,0,0,0,0,0,0,0
Meghalaya,2002,Dowry Deaths,0,0,0,0,0,0,0,0,0,0,0,0,0,0,0
Meghalaya,2002,Molestation,0,0,0,0,0,0,0,0,0,0,0,0,0,0,0
Meghalaya,2002,Eve-Teasing,0,0,0,0,0,0,0,0,0,0,0,0,0,0,0
Meghalaya,2002,Cruelty By Husband Or Relative Of Husband,0,0,0,0,0,0,0,0,0,0,0,0,0,0,0
Meghalaya,2002,Other Ipc Crimes,0,0,0,13,0,13,4,0,4,0,0,0,17,0,17
Meghalaya,2003,Murder,0,0,0,19,2,21,10,0,10,0,0,0,29,2,31
Meghalaya,2003,Attempt To Commit Murder,0,0,0,11,0,11,8,0,8,1,0,1,20,0,20
Meghalaya,2003,C.H. Not Amounting To Murder,0,0,0,0,0,0,0,0,0,0,0,0,0,0,0
Meghalaya,2003,Rape,0,0,0,17,0,17,4,0,4,0,0,0,21,0,21
Meghalaya,2003,Kidnapping And Abduction,0,0,0,20,0,20,6,0,6,0,0,0,26,0,26
Meghalaya,2003,Dacoity,2,0,2,62,0,62,27,0,27,6,0,6,97,0,97
Meghalaya,2003,Prep. And Assembly For Dacoity,0,0,0,0,0,0,0,0,0,0,0,0,0,0,0
Meghalaya,2003,Robbery,0,0,0,40,0,40,31,0,31,0,0,0,71,0,71
Meghalaya,2003,Burglary,0,0,0,14,0,14,4,0,4,0,0,0,18,0,18
Meghalaya,2003,Thefts,3,0,3,26,0,26,24,0,24,0,0,0,53,0,53
Meghalaya,2003,Extortion,0,0,0,38,0,38,13,0,13,0,0,0,51,0,51
Meghalaya,2003,Riots,0,0,0,0,0,0,0,0,0,0,0,0,0,0,0
Meghalaya,2003,Arson,0,0,0,0,0,0,0,0,0,0,0,0,0,0,0
Meghalaya,2003,Criminal Breach Of Trust,0,0,0,0,0,0,0,0,0,0,0,0,0,0,0
Meghalaya,2003,Cheating,0,0,0,0,0,0,1,0,1,0,0,0,1,0,1
Meghalaya,2003,Counter Feiting,0,0,0,0,0,0,3,0,3,0,0,0,3,0,3
Meghalaya,2003,Dowry Deaths,0,0,0,0,0,0,0,0,0,0,0,0,0,0,0
Meghalaya,2003,Molestation,0,0,0,0,0,0,0,0,0,0,0,0,0,0,0
Meghalaya,2003,Eve-Teasing,0,0,0,0,0,0,0,0,0,0,0,0,0,0,0
Meghalaya,2003,Cruelty By Husband Or Relative Of Husband,0,0,0,0,0,0,0,0,0,0,0,0,0,0,0
Meghalaya,2003,Other Ipc Crimes,0,0,0,18,0,18,6,0,6,0,0,0,24,0,24
Meghalaya,2004,Murder,0,0,0,20,1,21,23,0,23,0,0,0,43,1,44
Meghalaya,2004,Attempt To Commit Murder,0,0,0,19,0,19,1,0,1,1,0,1,21,0,21
Meghalaya,2004,C.H. Not Amounting To Murder,0,0,0,2,0,2,0,0,0,0,0,0,2,0,2
Meghalaya,2004,Rape,0,0,0,7,0,7,7,0,7,1,0,1,15,0,15
Meghalaya,2004,Kidnapping And Abduction,0,0,0,6,0,6,4,0,4,0,0,0,10,0,10
Meghalaya,2004,Dacoity,2,0,2,46,0,46,26,0,26,0,0,0,74,0,74
Meghalaya,2004,Prep. And Assembly For Dacoity,0,0,0,4,0,4,0,0,0,0,0,0,4,0,4
Meghalaya,2004,Robbery,0,0,0,35,0,35,10,0,10,0,0,0,45,0,45
Meghalaya,2004,Burglary,0,0,0,12,0,12,7,0,7,2,0,2,21,0,21
Meghalaya,2004,Thefts,0,0,0,48,0,48,21,0,21,2,0,2,71,0,71
Meghalaya,2004,Extortion,0,0,0,15,0,15,4,0,4,0,0,0,19,0,19
Meghalaya,2004,Riots,0,0,0,0,0,0,0,0,0,0,0,0,0,0,0
Meghalaya,2004,Arson,0,0,0,0,0,0,1,0,1,0,0,0,1,0,1
Meghalaya,2004,Criminal Breach Of Trust,0,0,0,0,0,0,0,0,0,0,0,0,0,0,0
Meghalaya,2004,Cheating,0,0,0,0,0,0,3,0,3,0,0,0,3,0,3
Meghalaya,2004,Counter Feiting,0,0,0,0,0,0,0,0,0,0,0,0,0,0,0
Meghalaya,2004,Dowry Deaths,0,0,0,0,0,0,0,0,0,0,0,0,0,0,0
Meghalaya,2004,Molestation,0,0,0,0,0,0,0,0,0,0,0,0,0,0,0
Meghalaya,2004,Eve-Teasing,0,0,0,0,0,0,0,0,0,0,0,0,0,0,0
Meghalaya,2004,Cruelty By Husband Or Relative Of Husband,0,0,0,0,0,0,0,0,0,0,0,0,0,0,0
Meghalaya,2004,Other Ipc Crimes,0,0,0,8,0,8,7,0,7,0,0,0,15,0,15
Meghalaya,2005,Murder,0,0,0,36,3,39,15,3,18,4,0,4,55,6,61
Meghalaya,2005,Attempt To Commit Murder,0,0,0,9,0,9,5,0,5,2,0,2,16,0,16
Meghalaya,2005,C.H. Not Amounting To Murder,0,0,0,0,0,0,0,0,0,0,0,0,0,0,0
Meghalaya,2005,Rape,0,0,0,12,0,12,7,0,7,4,0,4,23,0,23
Meghalaya,2005,Kidnapping And Abduction,0,0,0,0,0,0,0,0,0,0,0,0,0,0,0
Meghalaya,2005,Dacoity,0,0,0,36,0,36,20,0,20,5,2,7,61,2,63
Meghalaya,2005,Prep. And Assembly For Dacoity,0,0,0,0,0,0,0,0,0,0,0,0,0,0,0
Meghalaya,2005,Robbery,0,0,0,28,0,28,15,0,15,2,0,2,45,0,45
Meghalaya,2005,Burglary,0,0,0,0,0,0,5,0,5,0,0,0,5,0,5
Meghalaya,2005,Thefts,7,0,7,58,0,58,30,0,30,7,0,7,102,0,102
Meghalaya,2005,Extortion,0,0,0,11,0,11,3,0,3,0,0,0,14,0,14
Meghalaya,2005,Riots,0,0,0,4,0,4,0,0,0,0,0,0,4,0,4
Meghalaya,2005,Arson,0,0,0,0,0,0,0,0,0,0,0,0,0,0,0
Meghalaya,2005,Criminal Breach Of Trust,0,0,0,0,0,0,0,0,0,0,0,0,0,0,0
Meghalaya,2005,Cheating,0,0,0,3,0,3,0,0,0,0,0,0,3,0,3
Meghalaya,2005,Counter Feiting,0,0,0,0,0,0,0,0,0,0,0,0,0,0,0
Meghalaya,2005,Dowry Deaths,0,0,0,0,0,0,0,0,0,0,0,0,0,0,0
Meghalaya,2005,Molestation,0,0,0,0,0,0,0,0,0,0,0,0,0,0,0
Meghalaya,2005,Eve-Teasing,0,0,0,0,0,0,0,0,0,0,0,0,0,0,0
Meghalaya,2005,Cruelty By Husband Or Relative Of Husband,0,0,0,0,0,0,0,0,0,0,0,0,0,0,0
Meghalaya,2005,Other Ipc Crimes,0,0,0,12,0,12,17,1,18,6,0,6,35,1,36
Meghalaya,2006,Murder,0,0,0,15,0,15,28,2,30,9,0,9,52,2,54
Meghalaya,2006,Attempt To Commit Murder,0,0,0,6,0,6,12,0,12,0,0,0,18,0,18
Meghalaya,2006,C.H. Not Amounting To Murder,0,0,0,4,0,4,0,0,0,0,0,0,4,0,4
Meghalaya,2006,Rape,0,0,0,18,0,18,25,0,25,6,0,6,49,0,49
Meghalaya,2006,Kidnapping And Abduction,0,0,0,6,0,6,16,0,16,0,0,0,22,0,22
Meghalaya,2006,Dacoity,0,0,0,28,0,28,41,0,41,0,0,0,69,0,69
Meghalaya,2006,Prep. And Assembly For Dacoity,0,0,0,14,0,14,0,0,0,4,0,4,18,0,18
Meghalaya,2006,Robbery,0,0,0,26,0,26,39,0,39,0,0,0,65,0,65
Meghalaya,2006,Burglary,0,0,0,0,0,0,0,0,0,0,0,0,0,0,0
Meghalaya,2006,Thefts,0,0,0,22,0,22,52,3,55,0,0,0,74,3,77
Meghalaya,2006,Extortion,0,0,0,20,0,20,0,0,0,0,0,0,20,0,20
Meghalaya,2006,Riots,0,0,0,0,0,0,0,0,0,0,0,0,0,0,0
Meghalaya,2006,Arson,0,0,0,4,0,4,0,0,0,0,0,0,4,0,4
Meghalaya,2006,Criminal Breach Of Trust,0,0,0,0,0,0,0,0,0,0,0,0,0,0,0
Meghalaya,2006,Cheating,0,0,0,3,0,3,4,0,4,0,0,0,7,0,7
Meghalaya,2006,Counter Feiting,0,0,0,0,0,0,0,0,0,0,0,0,0,0,0
Meghalaya,2006,Dowry Deaths,0,0,0,0,0,0,0,0,0,0,0,0,0,0,0
Meghalaya,2006,Molestation,0,0,0,2,0,2,6,0,6,0,0,0,8,0,8
Meghalaya,2006,Eve-Teasing,0,0,0,0,0,0,0,0,0,0,0,0,0,0,0
Meghalaya,2006,Cruelty By Husband Or Relative Of Husband,0,0,0,0,0,0,0,0,0,0,0,0,0,0,0
Meghalaya,2006,Other Ipc Crimes,0,0,0,12,0,12,6,0,6,0,0,0,18,0,18
Meghalaya,2007,Murder,0,0,0,5,0,5,9,0,9,5,0,5,19,0,19
Meghalaya,2007,Attempt To Commit Murder,0,0,0,14,0,14,26,0,26,6,0,6,46,0,46
Meghalaya,2007,C.H. Not Amounting To Murder,0,0,0,0,0,0,0,0,0,0,0,0,0,0,0
Meghalaya,2007,Rape,0,0,0,7,0,7,8,0,8,2,0,2,17,0,17
Meghalaya,2007,Kidnapping And Abduction,0,0,0,9,0,9,5,0,5,1,0,1,15,0,15
Meghalaya,2007,Dacoity,0,0,0,44,0,44,27,0,27,0,0,0,71,0,71
Meghalaya,2007,Prep. And Assembly For Dacoity,0,0,0,0,0,0,0,0,0,0,0,0,0,0,0
Meghalaya,2007,Robbery,0,0,0,33,0,33,17,0,17,2,0,2,52,0,52
Meghalaya,2007,Burglary,0,0,0,14,0,14,8,0,8,0,0,0,22,0,22
Meghalaya,2007,Thefts,0,0,0,74,1,75,48,0,48,0,0,0,122,1,123
Meghalaya,2007,Extortion,0,0,0,12,0,12,10,0,10,0,0,0,22,0,22
Meghalaya,2007,Riots,0,0,0,0,0,0,0,0,0,0,0,0,0,0,0
Meghalaya,2007,Arson,0,0,0,0,0,0,0,0,0,0,0,0,0,0,0
Meghalaya,2007,Criminal Breach Of Trust,0,0,0,0,0,0,0,0,0,0,0,0,0,0,0
Meghalaya,2007,Cheating,0,0,0,2,0,2,4,0,4,0,0,0,6,0,6
Meghalaya,2007,Counter Feiting,0,0,0,1,0,1,0,0,0,0,0,0,1,0,1
Meghalaya,2007,Dowry Deaths,0,0,0,0,0,0,0,0,0,0,0,0,0,0,0
Meghalaya,2007,Molestation,0,0,0,2,0,2,4,0,4,1,0,1,7,0,7
Meghalaya,2007,Eve-Teasing,0,0,0,0,0,0,0,0,0,0,0,0,0,0,0
Meghalaya,2007,Cruelty By Husband Or Relative Of Husband,0,0,0,0,0,0,0,0,0,0,0,0,0,0,0
Meghalaya,2007,Other Ipc Crimes,0,0,0,33,0,33,19,0,19,8,0,8,60,0,60
Meghalaya,2008,Murder,0,0,0,13,0,13,31,2,33,6,0,6,50,2,52
Meghalaya,2008,Attempt To Commit Murder,0,0,0,5,0,5,7,0,7,0,0,0,12,0,12
Meghalaya,2008,C.H. Not Amounting To Murder,0,0,0,0,0,0,0,0,0,1,0,1,1,0,1
Meghalaya,2008,Rape,0,0,0,11,0,11,12,0,12,2,0,2,25,0,25
Meghalaya,2008,Kidnapping And Abduction,0,0,0,9,0,9,4,0,4,1,0,1,14,0,14
Meghalaya,2008,Dacoity,0,0,0,29,0,29,18,0,18,0,0,0,47,0,47
Meghalaya,2008,Prep. And Assembly For Dacoity,0,0,0,0,0,0,0,0,0,0,0,0,0,0,0
Meghalaya,2008,Robbery,0,0,0,37,0,37,23,0,23,0,0,0,60,0,60
Meghalaya,2008,Burglary,0,0,0,4,0,4,2,0,2,0,0,0,6,0,6
Meghalaya,2008,Thefts,0,0,0,76,1,77,34,0,34,0,0,0,110,1,111
Meghalaya,2008,Extortion,0,0,0,18,0,18,11,0,11,0,0,0,29,0,29
Meghalaya,2008,Riots,0,0,0,0,0,0,0,0,0,0,0,0,0,0,0
Meghalaya,2008,Arson,0,0,0,0,0,0,0,0,0,0,0,0,0,0,0
Meghalaya,2008,Criminal Breach Of Trust,0,0,0,0,0,0,0,0,0,0,0,0,0,0,0
Meghalaya,2008,Cheating,0,0,0,0,0,0,0,0,0,0,0,0,0,0,0
Meghalaya,2008,Counter Feiting,0,0,0,0,0,0,0,0,0,0,0,0,0,0,0
Meghalaya,2008,Dowry Deaths,0,0,0,0,0,0,0,0,0,0,0,0,0,0,0
Meghalaya,2008,Molestation,0,0,0,2,0,2,1,0,1,0,0,0,3,0,3
Meghalaya,2008,Eve-Teasing,0,0,0,0,0,0,0,0,0,0,0,0,0,0,0
Meghalaya,2008,Cruelty By Husband Or Relative Of Husband,0,0,0,0,0,0,0,0,0,0,0,0,0,0,0
Meghalaya,2008,Other Ipc Crimes,0,0,0,36,0,36,16,0,16,0,0,0,52,0,52
Meghalaya,2009,Murder,0,0,0,63,1,64,37,1,38,6,0,6,106,2,108
Meghalaya,2009,Attempt To Commit Murder,0,0,0,10,0,10,2,1,3,3,0,3,15,1,16
Meghalaya,2009,C.H. Not Amounting To Murder,0,0,0,3,0,3,1,0,1,1,0,1,5,0,5
Meghalaya,2009,Rape,0,0,0,41,0,41,24,0,24,0,0,0,65,0,65
Meghalaya,2009,Kidnapping And Abduction,0,0,0,39,0,39,13,0,13,0,0,0,52,0,52
Meghalaya,2009,Dacoity,0,0,0,42,0,42,12,0,12,0,0,0,54,0,54
Meghalaya,2009,Prep. And Assembly For Dacoity,0,0,0,10,0,10,1,0,1,0,0,0,11,0,11
Meghalaya,2009,Robbery,0,0,0,4,0,4,9,0,9,0,0,0,13,0,13
Meghalaya,2009,Burglary,0,0,0,6,0,6,3,0,3,0,0,0,9,0,9
Meghalaya,2009,Thefts,0,0,0,47,2,49,30,1,31,1,0,1,78,3,81
Meghalaya,2009,Extortion,0,0,0,11,0,11,4,0,4,0,0,0,15,0,15
Meghalaya,2009,Riots,0,0,0,0,0,0,0,0,0,0,0,0,0,0,0
Meghalaya,2009,Arson,0,0,0,0,0,0,0,0,0,0,0,0,0,0,0
Meghalaya,2009,Criminal Breach Of Trust,0,0,0,3,0,3,2,0,2,0,0,0,5,0,5
Meghalaya,2009,Cheating,0,0,0,8,0,8,3,0,3,0,0,0,11,0,11
Meghalaya,2009,Counter Feiting,0,0,0,2,0,2,1,0,1,0,0,0,3,0,3
Meghalaya,2009,Dowry Deaths,0,0,0,0,0,0,0,0,0,0,0,0,0,0,0
Meghalaya,2009,Molestation,0,0,0,4,0,4,0,0,0,0,0,0,4,0,4
Meghalaya,2009,Eve-Teasing,0,0,0,0,0,0,0,0,0,0,0,0,0,0,0
Meghalaya,2009,Cruelty By Husband Or Relative Of Husband,0,0,0,0,0,0,0,0,0,0,0,0,0,0,0
Meghalaya,2009,Other Ipc Crimes,0,0,0,9,0,9,15,1,16,1,0,1,25,1,26
Meghalaya,2010,Murder,0,0,0,38,0,38,46,0,46,0,0,0,84,0,84
Meghalaya,2010,Attempt To Commit Murder,0,0,0,15,0,15,5,1,6,0,0,0,20,1,21
Meghalaya,2010,C.H. Not Amounting To Murder,0,0,0,10,0,10,0,0,0,4,0,4,14,0,14
Meghalaya,2010,Rape,0,0,0,38,0,38,4,0,4,0,0,0,42,0,42
Meghalaya,2010,Kidnapping And Abduction,0,0,0,40,0,40,15,0,15,0,0,0,55,0,55
Meghalaya,2010,Dacoity,0,0,0,51,0,51,8,0,8,0,0,0,59,0,59
Meghalaya,2010,Prep. And Assembly For Dacoity,0,0,0,0,0,0,0,0,0,0,0,0,0,0,0
Meghalaya,2010,Robbery,0,0,0,48,0,48,10,0,10,0,0,0,58,0,58
Meghalaya,2010,Burglary,0,0,0,6,0,6,0,0,0,0,0,0,6,0,6
Meghalaya,2010,Thefts,0,0,0,66,3,69,21,0,21,0,0,0,87,3,90
Meghalaya,2010,Extortion,0,0,0,5,0,5,0,0,0,0,0,0,5,0,5
Meghalaya,2010,Riots,0,0,0,0,0,0,0,0,0,0,0,0,0,0,0
Meghalaya,2010,Arson,0,0,0,0,0,0,0,0,0,0,0,0,0,0,0
Meghalaya,2010,Criminal Breach Of Trust,0,0,0,0,0,0,0,0,0,0,0,0,0,0,0
Meghalaya,2010,Cheating,0,0,0,5,0,5,2,0,2,0,0,0,7,0,7
Meghalaya,2010,Counter Feiting,0,0,0,4,0,4,1,0,1,0,0,0,5,0,5
Meghalaya,2010,Dowry Deaths,0,0,0,0,0,0,0,0,0,0,0,0,0,0,0
Meghalaya,2010,Molestation,0,0,0,2,0,2,0,0,0,0,0,0,2,0,2
Meghalaya,2010,Eve-Teasing,0,0,0,0,0,0,0,0,0,0,0,0,0,0,0
Meghalaya,2010,Cruelty By Husband Or Relative Of Husband,0,0,0,5,0,5,3,1,4,0,0,0,8,1,9
Meghalaya,2010,Other Ipc Crimes,0,0,0,5,0,5,6,1,7,0,0,0,11,1,12
Meghalaya,2011,Murder,0,0,0,53,0,53,40,0,40,7,1,8,100,1,101
Meghalaya,2011,Attempt To Commit Murder,0,0,0,12,0,12,8,0,8,0,0,0,20,0,20
Meghalaya,2011,C.H. Not Amounting To Murder,0,0,0,2,0,2,1,0,1,0,0,0,3,0,3
Meghalaya,2011,Rape,0,0,0,37,0,37,20,0,20,3,0,3,60,0,60
Meghalaya,2011,Kidnapping And Abduction,0,0,0,29,0,29,7,0,7,0,0,0,36,0,36
Meghalaya,2011,Dacoity,0,0,0,38,0,38,3,0,3,0,0,0,41,0,41
Meghalaya,2011,Prep. And Assembly For Dacoity,0,0,0,0,0,0,0,0,0,0,0,0,0,0,0
Meghalaya,2011,Robbery,0,0,0,14,2,16,1,0,1,0,0,0,15,2,17
Meghalaya,2011,Burglary,0,0,0,0,0,0,0,0,0,0,0,0,0,0,0
Meghalaya,2011,Thefts,0,0,0,59,3,62,10,0,10,6,0,6,75,3,78
Meghalaya,2011,Extortion,0,0,0,20,0,20,4,0,4,0,0,0,24,0,24
Meghalaya,2011,Riots,0,0,0,0,0,0,0,0,0,0,0,0,0,0,0
Meghalaya,2011,Arson,0,0,0,0,0,0,0,0,0,0,0,0,0,0,0
Meghalaya,2011,Criminal Breach Of Trust,0,0,0,0,0,0,0,0,0,0,0,0,0,0,0
Meghalaya,2011,Cheating,0,0,0,2,0,2,1,0,1,0,0,0,3,0,3
Meghalaya,2011,Counter Feiting,0,0,0,1,0,1,1,0,1,0,0,0,2,0,2
Meghalaya,2011,Dowry Deaths,0,0,0,0,0,0,0,0,0,0,0,0,0,0,0
Meghalaya,2011,Molestation,0,0,0,2,0,2,4,0,4,0,0,0,6,0,6
Meghalaya,2011,Eve-Teasing,0,0,0,0,0,0,0,0,0,0,0,0,0,0,0
Meghalaya,2011,Cruelty By Husband Or Relative Of Husband,0,0,0,0,0,0,0,0,0,0,0,0,0,0,0
Meghalaya,2011,Other Ipc Crimes,0,0,0,22,0,22,12,0,12,1,0,1,35,0,35
Meghalaya,2012,Murder,0,0,0,37,0,37,42,1,43,13,0,13,92,1,93
Meghalaya,2012,Attempt To Commit Murder,0,0,0,19,0,19,7,0,7,2,0,2,28,0,28
Meghalaya,2012,C.H. Not Amounting To Murder,0,0,0,6,0,6,2,0,2,2,0,2,10,0,10
Meghalaya,2012,Rape,0,0,0,41,0,41,22,0,22,5,0,5,68,0,68
Meghalaya,2012,Kidnapping And Abduction,0,0,0,41,0,41,19,0,19,0,0,0,60,0,60
Meghalaya,2012,Dacoity,0,0,0,27,0,27,15,0,15,5,0,5,47,0,47
Meghalaya,2012,Prep. And Assembly For Dacoity,0,0,0,3,0,3,1,0,1,0,0,0,4,0,4
Meghalaya,2012,Robbery,0,0,0,23,1,24,12,1,13,0,0,0,35,2,37
Meghalaya,2012,Burglary,0,0,0,7,0,7,2,0,2,0,0,0,9,0,9
Meghalaya,2012,Thefts,0,0,0,32,1,33,17,0,17,5,0,5,54,1,55
Meghalaya,2012,Extortion,0,0,0,23,0,23,4,0,4,0,0,0,27,0,27
Meghalaya,2012,Riots,0,0,0,1,0,1,1,0,1,0,0,0,2,0,2
Meghalaya,2012,Arson,0,0,0,0,0,0,0,0,0,0,0,0,0,0,0
Meghalaya,2012,Criminal Breach Of Trust,0,0,0,1,0,1,2,0,2,0,0,0,3,0,3
Meghalaya,2012,Cheating,0,0,0,9,0,9,2,0,2,1,0,1,12,0,12
Meghalaya,2012,Counter Feiting,0,0,0,4,0,4,2,1,3,0,0,0,6,1,7
Meghalaya,2012,Dowry Deaths,0,0,0,0,0,0,0,0,0,0,0,0,0,0,0
Meghalaya,2012,Molestation,0,0,0,2,0,2,4,0,4,1,0,1,7,0,7
Meghalaya,2012,Eve-Teasing,0,0,0,0,0,0,0,0,0,0,0,0,0,0,0
Meghalaya,2012,Cruelty By Husband Or Relative Of Husband,0,0,0,0,0,0,2,0,2,0,0,0,2,0,2
Meghalaya,2012,Other Ipc Crimes,0,0,0,8,0,8,5,2,7,2,0,2,15,2,17
Mizoram,2001,Murder,0,0,0,8,1,9,3,0,3,0,0,0,11,1,12
Mizoram,2001,Attempt To Commit Murder,0,0,0,5,0,5,18,0,18,0,0,0,23,0,23
Mizoram,2001,C.H. Not Amounting To Murder,0,0,0,2,0,2,0,0,0,0,0,0,2,0,2
Mizoram,2001,Rape,0,0,0,11,0,11,7,0,7,0,0,0,18,0,18
Mizoram,2001,Kidnapping And Abduction,0,0,0,0,0,0,0,0,0,0,0,0,0,0,0
Mizoram,2001,Dacoity,0,0,0,0,0,0,0,0,0,0,0,0,0,0,0
Mizoram,2001,Prep. And Assembly For Dacoity,0,0,0,0,0,0,0,0,0,0,0,0,0,0,0
Mizoram,2001,Robbery,0,0,0,4,0,4,5,0,5,0,0,0,9,0,9
Mizoram,2001,Burglary,0,0,0,7,0,7,0,0,0,0,0,0,7,0,7
Mizoram,2001,Thefts,26,0,26,78,6,84,30,21,51,0,0,0,134,27,161
Mizoram,2001,Extortion,0,0,0,0,0,0,1,0,1,0,0,0,1,0,1
Mizoram,2001,Riots,0,0,0,0,0,0,0,0,0,0,0,0,0,0,0
Mizoram,2001,Arson,0,0,0,1,0,1,0,0,0,0,0,0,1,0,1
Mizoram,2001,Criminal Breach Of Trust,0,0,0,0,0,0,1,0,1,0,0,0,1,0,1
Mizoram,2001,Cheating,7,0,7,14,0,14,6,3,9,0,0,0,27,3,30
Mizoram,2001,Counter Feiting,0,0,0,0,0,0,0,0,0,0,0,0,0,0,0
Mizoram,2001,Dowry Deaths,0,0,0,0,0,0,0,0,0,0,0,0,0,0,0
Mizoram,2001,Molestation,0,0,0,0,0,0,1,0,1,0,0,0,1,0,1
Mizoram,2001,Eve-Teasing,0,0,0,0,0,0,0,0,0,0,0,0,0,0,0
Mizoram,2001,Cruelty By Husband Or Relative Of Husband,0,0,0,0,0,0,0,0,0,0,0,0,0,0,0
Mizoram,2001,Other Ipc Crimes,0,0,0,18,2,20,2,0,2,0,0,0,20,2,22
Mizoram,2002,Murder,0,0,0,3,0,3,2,0,2,0,0,0,5,0,5
Mizoram,2002,Attempt To Commit Murder,0,0,0,5,0,5,5,0,5,0,0,0,10,0,10
Mizoram,2002,C.H. Not Amounting To Murder,0,0,0,5,0,5,5,0,5,0,0,0,10,0,10
Mizoram,2002,Rape,0,0,0,0,0,0,3,0,3,0,0,0,3,0,3
Mizoram,2002,Kidnapping And Abduction,0,0,0,0,0,0,0,0,0,0,0,0,0,0,0
Mizoram,2002,Dacoity,0,0,0,0,0,0,0,0,0,0,0,0,0,0,0
Mizoram,2002,Prep. And Assembly For Dacoity,0,0,0,0,0,0,0,0,0,0,0,0,0,0,0
Mizoram,2002,Robbery,0,0,0,10,0,10,10,0,10,0,0,0,20,0,20
Mizoram,2002,Burglary,0,0,0,10,0,10,10,0,10,5,0,5,25,0,25
Mizoram,2002,Thefts,10,10,20,85,0,85,127,0,127,0,0,0,222,10,232
Mizoram,2002,Extortion,0,0,0,0,0,0,0,0,0,0,0,0,0,0,0
Mizoram,2002,Riots,0,0,0,0,0,0,0,0,0,0,0,0,0,0,0
Mizoram,2002,Arson,0,0,0,0,0,0,0,0,0,0,0,0,0,0,0
Mizoram,2002,Criminal Breach Of Trust,0,0,0,0,0,0,0,0,0,0,0,0,0,0,0
Mizoram,2002,Cheating,3,0,3,15,5,20,5,5,10,5,0,5,28,10,38
Mizoram,2002,Counter Feiting,0,0,0,0,0,0,0,0,0,0,0,0,0,0,0
Mizoram,2002,Dowry Deaths,0,0,0,0,0,0,0,0,0,0,0,0,0,0,0
Mizoram,2002,Molestation,0,0,0,0,0,0,0,0,0,0,0,0,0,0,0
Mizoram,2002,Eve-Teasing,0,0,0,0,0,0,0,0,0,0,0,0,0,0,0
Mizoram,2002,Cruelty By Husband Or Relative Of Husband,0,0,0,0,0,0,0,0,0,0,0,0,0,0,0
Mizoram,2002,Other Ipc Crimes,0,0,0,15,5,20,6,8,14,0,0,0,21,13,34
Mizoram,2003,Murder,0,0,0,13,0,13,13,1,14,0,0,0,26,1,27
Mizoram,2003,Attempt To Commit Murder,1,0,1,4,0,4,3,0,3,0,0,0,8,0,8
Mizoram,2003,C.H. Not Amounting To Murder,0,0,0,1,0,1,0,0,0,0,0,0,1,0,1
Mizoram,2003,Rape,2,0,2,10,0,10,10,0,10,1,0,1,23,0,23
Mizoram,2003,Kidnapping And Abduction,0,0,0,0,0,0,0,0,0,0,0,0,0,0,0
Mizoram,2003,Dacoity,0,0,0,4,0,4,1,0,1,0,0,0,5,0,5
Mizoram,2003,Prep. And Assembly For Dacoity,0,0,0,0,0,0,0,0,0,0,0,0,0,0,0
Mizoram,2003,Robbery,0,0,0,0,0,0,4,0,4,0,0,0,4,0,4
Mizoram,2003,Burglary,1,0,1,2,0,2,5,0,5,0,0,0,8,0,8
Mizoram,2003,Thefts,39,0,39,95,10,105,70,7,77,3,0,3,207,17,224
Mizoram,2003,Extortion,0,0,0,2,0,2,0,0,0,0,0,0,2,0,2
Mizoram,2003,Riots,0,0,0,0,0,0,0,0,0,0,0,0,0,0,0
Mizoram,2003,Arson,0,0,0,1,0,1,0,0,0,0,0,0,1,0,1
Mizoram,2003,Criminal Breach Of Trust,0,0,0,1,0,1,0,0,0,0,0,0,1,0,1
Mizoram,2003,Cheating,0,0,0,15,4,19,8,0,8,0,0,0,23,4,27
Mizoram,2003,Counter Feiting,0,0,0,0,0,0,1,0,1,0,0,0,1,0,1
Mizoram,2003,Dowry Deaths,0,0,0,0,0,0,1,0,1,0,0,0,1,0,1
Mizoram,2003,Molestation,0,0,0,0,0,0,0,0,0,0,0,0,0,0,0
Mizoram,2003,Eve-Teasing,0,0,0,0,0,0,0,0,0,0,0,0,0,0,0
Mizoram,2003,Cruelty By Husband Or Relative Of Husband,0,0,0,0,0,0,0,0,0,0,0,0,0,0,0
Mizoram,2003,Other Ipc Crimes,2,0,2,6,0,6,13,0,13,0,0,0,21,0,21
Mizoram,2004,Murder,0,0,0,15,0,15,0,0,0,0,0,0,15,0,15
Mizoram,2004,Attempt To Commit Murder,0,0,0,6,0,6,4,0,4,0,0,0,10,0,10
Mizoram,2004,C.H. Not Amounting To Murder,0,0,0,8,1,9,5,0,5,0,0,0,13,1,14
Mizoram,2004,Rape,0,0,0,10,0,10,5,0,5,0,0,0,15,0,15
Mizoram,2004,Kidnapping And Abduction,0,0,0,0,0,0,0,0,0,0,0,0,0,0,0
Mizoram,2004,Dacoity,0,0,0,7,0,7,1,0,1,0,0,0,8,0,8
Mizoram,2004,Prep. And Assembly For Dacoity,0,0,0,0,0,0,0,0,0,0,0,0,0,0,0
Mizoram,2004,Robbery,0,0,0,11,0,11,6,0,6,0,0,0,17,0,17
Mizoram,2004,Burglary,5,0,5,50,0,50,17,0,17,0,0,0,72,0,72
Mizoram,2004,Thefts,19,7,26,112,0,112,84,0,84,0,0,0,215,7,222
Mizoram,2004,Extortion,0,0,0,0,0,0,0,0,0,0,0,0,0,0,0
Mizoram,2004,Riots,0,0,0,0,0,0,0,0,0,0,0,0,0,0,0
Mizoram,2004,Arson,0,0,0,0,0,0,0,0,0,0,0,0,0,0,0
Mizoram,2004,Criminal Breach Of Trust,0,0,0,7,0,7,4,0,4,0,0,0,11,0,11
Mizoram,2004,Cheating,8,5,13,20,0,20,4,0,4,0,0,0,32,5,37
Mizoram,2004,Counter Feiting,0,0,0,0,0,0,0,0,0,0,0,0,0,0,0
Mizoram,2004,Dowry Deaths,0,0,0,0,0,0,0,0,0,0,0,0,0,0,0
Mizoram,2004,Molestation,0,0,0,0,0,0,0,0,0,0,0,0,0,0,0
Mizoram,2004,Eve-Teasing,0,0,0,0,0,0,0,0,0,0,0,0,0,0,0
Mizoram,2004,Cruelty By Husband Or Relative Of Husband,0,0,0,0,0,0,0,0,0,0,0,0,0,0,0
Mizoram,2004,Other Ipc Crimes,0,0,0,7,0,7,4,0,4,0,0,0,11,0,11
Mizoram,2005,Murder,0,0,0,17,0,17,0,0,0,0,0,0,17,0,17
Mizoram,2005,Attempt To Commit Murder,0,0,0,8,0,8,4,0,4,0,0,0,12,0,12
Mizoram,2005,C.H. Not Amounting To Murder,0,0,0,9,0,9,6,0,6,0,0,0,15,0,15
Mizoram,2005,Rape,0,0,0,12,0,12,4,0,4,0,0,0,16,0,16
Mizoram,2005,Kidnapping And Abduction,0,0,0,0,0,0,0,0,0,0,0,0,0,0,0
Mizoram,2005,Dacoity,0,0,0,0,0,0,6,0,6,0,0,0,6,0,6
Mizoram,2005,Prep. And Assembly For Dacoity,0,0,0,0,0,0,0,0,0,0,0,0,0,0,0
Mizoram,2005,Robbery,3,0,3,0,0,0,0,0,0,0,0,0,3,0,3
Mizoram,2005,Burglary,3,0,3,10,0,10,2,0,2,0,0,0,15,0,15
Mizoram,2005,Thefts,20,0,20,36,3,39,6,4,10,0,0,0,62,7,69
Mizoram,2005,Extortion,2,0,2,18,0,18,2,0,2,0,0,0,22,0,22
Mizoram,2005,Riots,0,0,0,0,0,0,0,0,0,0,0,0,0,0,0
Mizoram,2005,Arson,0,0,0,0,0,0,0,0,0,0,0,0,0,0,0
Mizoram,2005,Criminal Breach Of Trust,0,0,0,3,0,3,2,0,2,0,0,0,5,0,5
Mizoram,2005,Cheating,7,0,7,15,0,15,2,0,2,0,0,0,24,0,24
Mizoram,2005,Counter Feiting,0,0,0,0,0,0,0,0,0,0,0,0,0,0,0
Mizoram,2005,Dowry Deaths,0,0,0,0,0,0,0,0,0,0,0,0,0,0,0
Mizoram,2005,Molestation,0,0,0,0,0,0,0,0,0,0,0,0,0,0,0
Mizoram,2005,Eve-Teasing,0,0,0,0,0,0,0,0,0,0,0,0,0,0,0
Mizoram,2005,Cruelty By Husband Or Relative Of Husband,0,0,0,0,0,0,0,0,0,0,0,0,0,0,0
Mizoram,2005,Other Ipc Crimes,0,0,0,3,0,3,2,0,2,0,0,0,5,0,5
Mizoram,2006,Murder,0,0,0,13,1,14,13,0,13,0,0,0,26,1,27
Mizoram,2006,Attempt To Commit Murder,0,0,0,4,0,4,2,0,2,0,0,0,6,0,6
Mizoram,2006,C.H. Not Amounting To Murder,0,0,0,0,0,0,0,0,0,0,0,0,0,0,0
Mizoram,2006,Rape,0,0,0,13,0,13,16,0,16,2,0,2,31,0,31
Mizoram,2006,Kidnapping And Abduction,0,0,0,2,0,2,0,0,0,0,0,0,2,0,2
Mizoram,2006,Dacoity,0,0,0,5,0,5,1,0,1,0,0,0,6,0,6
Mizoram,2006,Prep. And Assembly For Dacoity,0,0,0,0,0,0,0,0,0,0,0,0,0,0,0
Mizoram,2006,Robbery,0,0,0,6,2,8,22,3,25,0,0,0,28,5,33
Mizoram,2006,Burglary,0,0,0,4,0,4,1,0,1,0,0,0,5,0,5
Mizoram,2006,Thefts,0,0,0,52,1,53,38,1,39,0,0,0,90,2,92
Mizoram,2006,Extortion,0,0,0,0,0,0,0,0,0,0,0,0,0,0,0
Mizoram,2006,Riots,0,0,0,0,0,0,0,0,0,0,0,0,0,0,0
Mizoram,2006,Arson,0,0,0,0,0,0,0,0,0,0,0,0,0,0,0
Mizoram,2006,Criminal Breach Of Trust,0,0,0,0,0,0,0,0,0,0,0,0,0,0,0
Mizoram,2006,Cheating,0,0,0,4,5,9,3,0,3,0,0,0,7,5,12
Mizoram,2006,Counter Feiting,0,0,0,0,0,0,0,0,0,0,0,0,0,0,0
Mizoram,2006,Dowry Deaths,0,0,0,0,0,0,0,0,0,0,0,0,0,0,0
Mizoram,2006,Molestation,0,0,0,1,0,1,2,0,2,0,0,0,3,0,3
Mizoram,2006,Eve-Teasing,0,0,0,0,0,0,0,0,0,0,0,0,0,0,0
Mizoram,2006,Cruelty By Husband Or Relative Of Husband,0,0,0,0,0,0,0,0,0,0,0,0,0,0,0
Mizoram,2006,Other Ipc Crimes,0,0,0,16,0,16,5,1,6,1,0,1,22,1,23
Mizoram,2007,Murder,0,0,0,21,0,21,19,0,19,3,0,3,43,0,43
Mizoram,2007,Attempt To Commit Murder,0,0,0,10,0,10,3,0,3,1,0,1,14,0,14
Mizoram,2007,C.H. Not Amounting To Murder,0,0,0,0,0,0,3,0,3,1,0,1,4,0,4
Mizoram,2007,Rape,0,0,0,30,0,30,15,0,15,3,0,3,48,0,48
Mizoram,2007,Kidnapping And Abduction,0,0,0,0,0,0,0,0,0,0,0,0,0,0,0
Mizoram,2007,Dacoity,0,0,0,0,0,0,0,0,0,0,0,0,0,0,0
Mizoram,2007,Prep. And Assembly For Dacoity,0,0,0,0,0,0,0,0,0,0,0,0,0,0,0
Mizoram,2007,Robbery,0,0,0,4,0,4,11,0,11,0,0,0,15,0,15
Mizoram,2007,Burglary,0,0,0,0,0,0,0,0,0,0,0,0,0,0,0
Mizoram,2007,Thefts,0,0,0,116,4,120,37,0,37,0,0,0,153,4,157
Mizoram,2007,Extortion,0,0,0,3,0,3,7,0,7,0,0,0,10,0,10
Mizoram,2007,Riots,0,0,0,0,0,0,0,0,0,0,0,0,0,0,0
Mizoram,2007,Arson,0,0,0,0,0,0,0,0,0,0,0,0,0,0,0
Mizoram,2007,Criminal Breach Of Trust,0,0,0,0,0,0,0,0,0,0,0,0,0,0,0
Mizoram,2007,Cheating,0,0,0,1,1,2,3,0,3,1,0,1,5,1,6
Mizoram,2007,Counter Feiting,0,0,0,0,0,0,0,0,0,0,0,0,0,0,0
Mizoram,2007,Dowry Deaths,0,0,0,0,0,0,0,0,0,0,0,0,0,0,0
Mizoram,2007,Molestation,0,0,0,0,0,0,0,0,0,0,0,0,0,0,0
Mizoram,2007,Eve-Teasing,0,0,0,0,0,0,0,0,0,0,0,0,0,0,0
Mizoram,2007,Cruelty By Husband Or Relative Of Husband,0,0,0,0,0,0,0,0,0,0,0,0,0,0,0
Mizoram,2007,Other Ipc Crimes,0,0,0,21,1,22,25,0,25,0,0,0,46,1,47
Mizoram,2008,Murder,0,0,0,25,0,25,19,0,19,5,0,5,49,0,49
Mizoram,2008,Attempt To Commit Murder,0,0,0,12,0,12,9,0,9,0,0,0,21,0,21
Mizoram,2008,C.H. Not Amounting To Murder,0,0,0,0,0,0,0,0,0,0,0,0,0,0,0
Mizoram,2008,Rape,0,0,0,26,0,26,27,0,27,0,0,0,53,0,53
Mizoram,2008,Kidnapping And Abduction,0,0,0,0,0,0,1,0,1,0,0,0,1,0,1
Mizoram,2008,Dacoity,0,0,0,0,0,0,0,0,0,0,0,0,0,0,0
Mizoram,2008,Prep. And Assembly For Dacoity,0,0,0,0,0,0,0,0,0,0,0,0,0,0,0
Mizoram,2008,Robbery,0,0,0,0,0,0,0,0,0,0,0,0,0,0,0
Mizoram,2008,Burglary,0,0,0,6,0,6,0,0,0,0,0,0,6,0,6
Mizoram,2008,Thefts,0,0,0,67,3,70,35,3,38,6,0,6,108,6,114
Mizoram,2008,Extortion,0,0,0,5,0,5,1,0,1,0,0,0,6,0,6
Mizoram,2008,Riots,0,0,0,0,0,0,0,0,0,0,0,0,0,0,0
Mizoram,2008,Arson,0,0,0,0,0,0,0,0,0,0,0,0,0,0,0
Mizoram,2008,Criminal Breach Of Trust,0,0,0,1,0,1,0,0,0,0,0,0,1,0,1
Mizoram,2008,Cheating,0,0,0,0,0,0,0,0,0,0,0,0,0,0,0
Mizoram,2008,Counter Feiting,0,0,0,1,0,1,0,0,0,0,0,0,1,0,1
Mizoram,2008,Dowry Deaths,0,0,0,0,0,0,0,0,0,0,0,0,0,0,0
Mizoram,2008,Molestation,0,0,0,1,0,1,0,0,0,0,0,0,1,0,1
Mizoram,2008,Eve-Teasing,0,0,0,0,0,0,0,0,0,0,0,0,0,0,0
Mizoram,2008,Cruelty By Husband Or Relative Of Husband,0,0,0,0,0,0,0,0,0,0,0,0,0,0,0
Mizoram,2008,Other Ipc Crimes,0,0,0,10,2,12,4,1,5,0,0,0,14,3,17
Mizoram,2009,Murder,0,0,0,7,0,7,9,0,9,1,0,1,17,0,17
Mizoram,2009,Attempt To Commit Murder,0,0,0,8,0,8,5,0,5,0,0,0,13,0,13
Mizoram,2009,C.H. Not Amounting To Murder,0,0,0,0,0,0,0,0,0,0,0,0,0,0,0
Mizoram,2009,Rape,0,0,0,10,0,10,24,0,24,1,0,1,35,0,35
Mizoram,2009,Kidnapping And Abduction,0,0,0,3,0,3,0,0,0,0,0,0,3,0,3
Mizoram,2009,Dacoity,0,0,0,0,0,0,0,0,0,0,0,0,0,0,0
Mizoram,2009,Prep. And Assembly For Dacoity,0,0,0,0,0,0,0,0,0,0,0,0,0,0,0
Mizoram,2009,Robbery,0,0,0,4,0,4,0,0,0,0,0,0,4,0,4
Mizoram,2009,Burglary,0,0,0,14,0,14,0,0,0,0,0,0,14,0,14
Mizoram,2009,Thefts,0,0,0,15,3,18,69,0,69,1,0,1,85,3,88
Mizoram,2009,Extortion,0,0,0,0,0,0,0,0,0,0,0,0,0,0,0
Mizoram,2009,Riots,0,0,0,0,0,0,0,0,0,0,0,0,0,0,0
Mizoram,2009,Arson,0,0,0,4,0,4,0,0,0,0,0,0,4,0,4
Mizoram,2009,Criminal Breach Of Trust,0,0,0,0,0,0,0,0,0,0,0,0,0,0,0
Mizoram,2009,Cheating,0,0,0,1,0,1,0,0,0,0,0,0,1,0,1
Mizoram,2009,Counter Feiting,0,0,0,0,0,0,0,0,0,0,0,0,0,0,0
Mizoram,2009,Dowry Deaths,0,0,0,0,0,0,0,0,0,0,0,0,0,0,0
Mizoram,2009,Molestation,0,0,0,1,0,1,0,0,0,0,0,0,1,0,1
Mizoram,2009,Eve-Teasing,0,0,0,0,0,0,0,0,0,0,0,0,0,0,0
Mizoram,2009,Cruelty By Husband Or Relative Of Husband,0,0,0,0,0,0,0,0,0,0,0,0,0,0,0
Mizoram,2009,Other Ipc Crimes,0,0,0,9,0,9,4,0,4,0,0,0,13,0,13
Mizoram,2010,Murder,0,0,0,14,2,16,14,0,14,0,0,0,28,2,30
Mizoram,2010,Attempt To Commit Murder,0,0,0,10,0,10,13,0,13,0,0,0,23,0,23
Mizoram,2010,C.H. Not Amounting To Murder,0,0,0,0,0,0,0,0,0,0,0,0,0,0,0
Mizoram,2010,Rape,0,0,0,24,0,24,21,0,21,5,0,5,50,0,50
Mizoram,2010,Kidnapping And Abduction,0,0,0,0,0,0,0,0,0,0,0,0,0,0,0
Mizoram,2010,Dacoity,0,0,0,3,0,3,0,0,0,0,0,0,3,0,3
Mizoram,2010,Prep. And Assembly For Dacoity,0,0,0,0,0,0,0,0,0,0,0,0,0,0,0
Mizoram,2010,Robbery,0,0,0,0,0,0,0,0,0,0,0,0,0,0,0
Mizoram,2010,Burglary,0,0,0,5,0,5,0,0,0,0,0,0,5,0,5
Mizoram,2010,Thefts,0,0,0,95,3,98,24,1,25,5,0,5,124,4,128
Mizoram,2010,Extortion,0,0,0,0,0,0,0,0,0,0,0,0,0,0,0
Mizoram,2010,Riots,0,0,0,0,0,0,0,0,0,0,0,0,0,0,0
Mizoram,2010,Arson,0,0,0,0,0,0,0,0,0,0,0,0,0,0,0
Mizoram,2010,Criminal Breach Of Trust,0,0,0,0,0,0,0,0,0,0,0,0,0,0,0
Mizoram,2010,Cheating,0,0,0,0,1,1,0,3,3,0,0,0,0,4,4
Mizoram,2010,Counter Feiting,0,0,0,0,0,0,0,0,0,0,0,0,0,0,0
Mizoram,2010,Dowry Deaths,0,0,0,0,0,0,0,0,0,0,0,0,0,0,0
Mizoram,2010,Molestation,0,0,0,7,0,7,8,0,8,0,0,0,15,0,15
Mizoram,2010,Eve-Teasing,0,0,0,0,0,0,0,0,0,0,0,0,0,0,0
Mizoram,2010,Cruelty By Husband Or Relative Of Husband,0,0,0,0,0,0,0,0,0,0,0,0,0,0,0
Mizoram,2010,Other Ipc Crimes,0,0,0,1,1,2,0,0,0,0,0,0,1,1,2
Mizoram,2011,Murder,0,0,0,19,0,19,15,0,15,4,0,4,38,0,38
Mizoram,2011,Attempt To Commit Murder,0,0,0,2,1,3,4,0,4,0,0,0,6,1,7
Mizoram,2011,C.H. Not Amounting To Murder,0,0,0,0,0,0,0,0,0,0,0,0,0,0,0
Mizoram,2011,Rape,0,0,0,17,0,17,20,0,20,4,0,4,41,0,41
Mizoram,2011,Kidnapping And Abduction,0,0,0,2,0,2,0,0,0,0,0,0,2,0,2
Mizoram,2011,Dacoity,0,0,0,0,0,0,0,0,0,0,0,0,0,0,0
Mizoram,2011,Prep. And Assembly For Dacoity,0,0,0,0,0,0,0,0,0,0,0,0,0,0,0
Mizoram,2011,Robbery,0,0,0,0,0,0,0,0,0,0,0,0,0,0,0
Mizoram,2011,Burglary,0,0,0,10,0,10,0,0,0,0,0,0,10,0,10
Mizoram,2011,Thefts,0,0,0,84,4,88,47,1,48,6,0,6,137,5,142
Mizoram,2011,Extortion,0,0,0,1,0,1,0,0,0,0,0,0,1,0,1
Mizoram,2011,Riots,0,0,0,0,0,0,0,0,0,0,0,0,0,0,0
Mizoram,2011,Arson,0,0,0,0,0,0,0,0,0,0,0,0,0,0,0
Mizoram,2011,Criminal Breach Of Trust,0,0,0,0,0,0,0,0,0,0,0,0,0,0,0
Mizoram,2011,Cheating,0,0,0,0,0,0,1,0,1,0,0,0,1,0,1
Mizoram,2011,Counter Feiting,0,0,0,0,0,0,0,0,0,0,0,0,0,0,0
Mizoram,2011,Dowry Deaths,0,0,0,0,0,0,0,0,0,0,0,0,0,0,0
Mizoram,2011,Molestation,0,0,0,1,0,1,1,0,1,0,0,0,2,0,2
Mizoram,2011,Eve-Teasing,0,0,0,0,0,0,0,0,0,0,0,0,0,0,0
Mizoram,2011,Cruelty By Husband Or Relative Of Husband,0,0,0,0,0,0,0,0,0,0,0,0,0,0,0
Mizoram,2011,Other Ipc Crimes,0,0,0,7,0,7,2,0,2,0,0,0,9,0,9
Mizoram,2012,Murder,0,0,0,10,1,11,14,0,14,3,0,3,27,1,28
Mizoram,2012,Attempt To Commit Murder,0,0,0,3,0,3,4,0,4,0,0,0,7,0,7
Mizoram,2012,C.H. Not Amounting To Murder,0,0,0,1,0,1,1,0,1,0,0,0,2,0,2
Mizoram,2012,Rape,0,0,0,19,0,19,26,0,26,5,0,5,50,0,50
Mizoram,2012,Kidnapping And Abduction,0,0,0,1,0,1,3,0,3,0,0,0,4,0,4
Mizoram,2012,Dacoity,0,0,0,0,0,0,0,0,0,0,0,0,0,0,0
Mizoram,2012,Prep. And Assembly For Dacoity,0,0,0,0,0,0,0,0,0,0,0,0,0,0,0
Mizoram,2012,Robbery,0,0,0,0,0,0,0,0,0,0,0,0,0,0,0
Mizoram,2012,Burglary,0,0,0,20,0,20,4,0,4,1,0,1,25,0,25
Mizoram,2012,Thefts,0,0,0,65,4,69,27,4,31,0,0,0,92,8,100
Mizoram,2012,Extortion,0,0,0,2,0,2,0,0,0,0,0,0,2,0,2
Mizoram,2012,Riots,0,0,0,0,0,0,0,0,0,0,0,0,0,0,0
Mizoram,2012,Arson,0,0,0,1,0,1,0,0,0,0,0,0,1,0,1
Mizoram,2012,Criminal Breach Of Trust,0,0,0,0,0,0,0,0,0,0,0,0,0,0,0
Mizoram,2012,Cheating,0,0,0,0,0,0,1,0,1,0,0,0,1,0,1
Mizoram,2012,Counter Feiting,0,0,0,0,0,0,0,0,0,0,0,0,0,0,0
Mizoram,2012,Dowry Deaths,0,0,0,0,0,0,0,0,0,0,0,0,0,0,0
Mizoram,2012,Molestation,0,0,0,1,0,1,5,0,5,1,0,1,7,0,7
Mizoram,2012,Eve-Teasing,0,0,0,0,0,0,0,0,0,0,0,0,0,0,0
Mizoram,2012,Cruelty By Husband Or Relative Of Husband,0,0,0,0,0,0,1,0,1,1,0,1,2,0,2
Mizoram,2012,Other Ipc Crimes,0,0,0,18,0,18,7,0,7,0,1,1,25,1,26
Nagaland,2001,Murder,0,0,0,7,0,7,2,0,2,0,0,0,9,0,9
Nagaland,2001,Attempt To Commit Murder,0,0,0,10,0,10,21,0,21,5,0,5,36,0,36
Nagaland,2001,C.H. Not Amounting To Murder,0,0,0,4,0,4,8,0,8,0,0,0,12,0,12
Nagaland,2001,Rape,0,0,0,1,0,1,2,0,2,0,0,0,3,0,3
Nagaland,2001,Kidnapping And Abduction,0,0,0,5,0,5,11,0,11,0,0,0,16,0,16
Nagaland,2001,Dacoity,0,0,0,11,0,11,17,0,17,0,0,0,28,0,28
Nagaland,2001,Prep. And Assembly For Dacoity,0,0,0,0,0,0,0,0,0,0,0,0,0,0,0
Nagaland,2001,Robbery,0,0,0,4,0,4,12,0,12,0,0,0,16,0,16
Nagaland,2001,Burglary,0,0,0,0,0,0,0,0,0,0,0,0,0,0,0
Nagaland,2001,Thefts,0,0,0,14,2,16,15,0,15,0,0,0,29,2,31
Nagaland,2001,Extortion,0,0,0,10,0,10,8,0,8,2,0,2,20,0,20
Nagaland,2001,Riots,0,0,0,0,0,0,0,0,0,0,0,0,0,0,0
Nagaland,2001,Arson,0,0,0,0,0,0,0,0,0,0,0,0,0,0,0
Nagaland,2001,Criminal Breach Of Trust,0,0,0,0,0,0,0,0,0,0,0,0,0,0,0
Nagaland,2001,Cheating,0,0,0,6,0,6,24,2,26,0,0,0,30,2,32
Nagaland,2001,Counter Feiting,0,0,0,0,0,0,0,0,0,0,0,0,0,0,0
Nagaland,2001,Dowry Deaths,0,0,0,0,0,0,0,0,0,0,0,0,0,0,0
Nagaland,2001,Molestation,0,0,0,0,0,0,0,0,0,0,0,0,0,0,0
Nagaland,2001,Eve-Teasing,0,0,0,0,0,0,0,0,0,0,0,0,0,0,0
Nagaland,2001,Cruelty By Husband Or Relative Of Husband,0,0,0,0,0,0,0,0,0,0,0,0,0,0,0
Nagaland,2001,Other Ipc Crimes,0,0,0,0,0,0,20,0,20,17,0,17,37,0,37
Nagaland,2002,Murder,0,0,0,5,0,5,2,0,2,0,0,0,7,0,7
Nagaland,2002,Attempt To Commit Murder,0,0,0,6,0,6,17,0,17,3,0,3,26,0,26
Nagaland,2002,C.H. Not Amounting To Murder,0,0,0,2,0,2,4,0,4,0,0,0,6,0,6
Nagaland,2002,Rape,0,0,0,1,0,1,0,0,0,0,0,0,1,0,1
Nagaland,2002,Kidnapping And Abduction,0,0,0,8,0,8,6,0,6,8,0,8,22,0,22
Nagaland,2002,Dacoity,0,0,0,12,0,12,13,0,13,16,0,16,41,0,41
Nagaland,2002,Prep. And Assembly For Dacoity,0,0,0,0,0,0,0,0,0,0,0,0,0,0,0
Nagaland,2002,Robbery,0,0,0,10,0,10,8,0,8,7,0,7,25,0,25
Nagaland,2002,Burglary,0,0,0,0,0,0,0,0,0,0,0,0,0,0,0
Nagaland,2002,Thefts,0,0,0,11,2,13,51,1,52,0,0,0,62,3,65
Nagaland,2002,Extortion,0,0,0,16,1,17,70,0,70,20,0,20,106,1,107
Nagaland,2002,Riots,0,0,0,0,0,0,0,0,0,0,0,0,0,0,0
Nagaland,2002,Arson,0,0,0,0,0,0,0,0,0,0,0,0,0,0,0
Nagaland,2002,Criminal Breach Of Trust,0,0,0,0,0,0,0,0,0,0,0,0,0,0,0
Nagaland,2002,Cheating,0,0,0,5,0,5,11,1,12,8,0,8,24,1,25
Nagaland,2002,Counter Feiting,0,0,0,0,0,0,0,0,0,0,0,0,0,0,0
Nagaland,2002,Dowry Deaths,0,0,0,0,0,0,0,0,0,0,0,0,0,0,0
Nagaland,2002,Molestation,0,0,0,0,0,0,0,0,0,0,0,0,0,0,0
Nagaland,2002,Eve-Teasing,0,0,0,0,0,0,0,0,0,0,0,0,0,0,0
Nagaland,2002,Cruelty By Husband Or Relative Of Husband,0,0,0,0,0,0,0,0,0,0,0,0,0,0,0
Nagaland,2002,Other Ipc Crimes,0,0,0,0,0,0,0,0,0,0,0,0,0,0,0
Nagaland,2003,Murder,1,0,1,6,0,6,2,0,2,0,0,0,9,0,9
Nagaland,2003,Attempt To Commit Murder,0,0,0,8,0,8,15,0,15,0,0,0,23,0,23
Nagaland,2003,C.H. Not Amounting To Murder,0,0,0,2,0,2,3,0,3,0,0,0,5,0,5
Nagaland,2003,Rape,0,0,0,1,0,1,0,0,0,0,0,0,1,0,1
Nagaland,2003,Kidnapping And Abduction,0,0,0,6,0,6,4,0,4,0,0,0,10,0,10
Nagaland,2003,Dacoity,0,0,0,14,0,14,9,0,9,0,0,0,23,0,23
Nagaland,2003,Prep. And Assembly For Dacoity,0,0,0,0,0,0,0,0,0,0,0,0,0,0,0
Nagaland,2003,Robbery,0,0,0,9,0,9,4,0,4,0,0,0,13,0,13
Nagaland,2003,Burglary,0,0,0,0,0,0,0,0,0,0,0,0,0,0,0
Nagaland,2003,Thefts,0,0,0,10,2,12,39,2,41,0,0,0,49,4,53
Nagaland,2003,Extortion,3,0,3,27,3,30,32,1,33,7,0,7,69,4,73
Nagaland,2003,Riots,0,0,0,0,0,0,0,0,0,0,0,0,0,0,0
Nagaland,2003,Arson,0,0,0,0,0,0,0,0,0,0,0,0,0,0,0
Nagaland,2003,Criminal Breach Of Trust,0,0,0,0,0,0,0,0,0,0,0,0,0,0,0
Nagaland,2003,Cheating,1,0,1,9,0,9,8,0,8,0,0,0,18,0,18
Nagaland,2003,Counter Feiting,0,0,0,0,0,0,0,0,0,0,0,0,0,0,0
Nagaland,2003,Dowry Deaths,0,0,0,0,0,0,0,0,0,0,0,0,0,0,0
Nagaland,2003,Molestation,0,0,0,0,0,0,0,0,0,0,0,0,0,0,0
Nagaland,2003,Eve-Teasing,0,0,0,0,0,0,0,0,0,0,0,0,0,0,0
Nagaland,2003,Cruelty By Husband Or Relative Of Husband,0,0,0,0,0,0,0,0,0,0,0,0,0,0,0
Nagaland,2003,Other Ipc Crimes,4,0,4,33,0,33,10,0,10,4,0,4,51,0,51
Nagaland,2004,Murder,0,0,0,4,0,4,2,0,2,3,0,3,9,0,9
Nagaland,2004,Attempt To Commit Murder,0,0,0,6,0,6,5,0,5,2,0,2,13,0,13
Nagaland,2004,C.H. Not Amounting To Murder,0,0,0,0,0,0,0,0,0,0,0,0,0,0,0
Nagaland,2004,Rape,0,0,0,2,0,2,6,0,6,0,0,0,8,0,8
Nagaland,2004,Kidnapping And Abduction,0,0,0,5,0,5,2,0,2,0,0,0,7,0,7
Nagaland,2004,Dacoity,0,0,0,17,0,17,22,0,22,0,0,0,39,0,39
Nagaland,2004,Prep. And Assembly For Dacoity,0,0,0,0,0,0,0,0,0,0,0,0,0,0,0
Nagaland,2004,Robbery,0,0,0,5,0,5,5,0,5,4,0,4,14,0,14
Nagaland,2004,Burglary,0,0,0,0,0,0,0,0,0,0,0,0,0,0,0
Nagaland,2004,Thefts,2,0,2,6,0,6,37,0,37,0,0,0,45,0,45
Nagaland,2004,Extortion,0,0,0,13,3,16,0,0,0,0,0,0,13,3,16
Nagaland,2004,Riots,0,0,0,0,0,0,0,0,0,0,0,0,0,0,0
Nagaland,2004,Arson,0,0,0,5,0,5,0,0,0,0,0,0,5,0,5
Nagaland,2004,Criminal Breach Of Trust,0,0,0,0,0,0,0,0,0,0,0,0,0,0,0
Nagaland,2004,Cheating,0,0,0,5,0,5,8,0,8,0,0,0,13,0,13
Nagaland,2004,Counter Feiting,0,0,0,0,0,0,0,0,0,0,0,0,0,0,0
Nagaland,2004,Dowry Deaths,0,0,0,0,0,0,0,0,0,0,0,0,0,0,0
Nagaland,2004,Molestation,0,0,0,0,0,0,0,0,0,0,0,0,0,0,0
Nagaland,2004,Eve-Teasing,0,0,0,0,0,0,0,0,0,0,0,0,0,0,0
Nagaland,2004,Cruelty By Husband Or Relative Of Husband,0,0,0,0,0,0,0,0,0,0,0,0,0,0,0
Nagaland,2004,Other Ipc Crimes,0,0,0,20,4,24,53,3,56,25,0,25,98,7,105
Nagaland,2005,Murder,0,0,0,4,0,4,3,0,3,2,0,2,9,0,9
Nagaland,2005,Attempt To Commit Murder,0,0,0,7,2,9,5,0,5,0,0,0,12,2,14
Nagaland,2005,C.H. Not Amounting To Murder,0,0,0,0,0,0,0,0,0,0,0,0,0,0,0
Nagaland,2005,Rape,0,0,0,0,0,0,0,0,0,0,0,0,0,0,0
Nagaland,2005,Kidnapping And Abduction,0,0,0,12,0,12,7,0,7,0,0,0,19,0,19
Nagaland,2005,Dacoity,0,0,0,0,0,0,0,0,0,0,0,0,0,0,0
Nagaland,2005,Prep. And Assembly For Dacoity,0,0,0,0,0,0,0,0,0,0,0,0,0,0,0
Nagaland,2005,Robbery,0,0,0,31,0,31,70,0,70,4,0,4,105,0,105
Nagaland,2005,Burglary,0,0,0,0,0,0,0,0,0,0,0,0,0,0,0
Nagaland,2005,Thefts,0,0,0,9,0,9,17,2,19,0,0,0,26,2,28
Nagaland,2005,Extortion,0,0,0,27,0,27,38,0,38,0,0,0,65,0,65
Nagaland,2005,Riots,0,0,0,0,0,0,0,0,0,0,0,0,0,0,0
Nagaland,2005,Arson,0,0,0,0,0,0,0,0,0,0,0,0,0,0,0
Nagaland,2005,Criminal Breach Of Trust,0,0,0,0,0,0,0,0,0,0,0,0,0,0,0
Nagaland,2005,Cheating,0,0,0,20,2,22,17,0,17,0,0,0,37,2,39
Nagaland,2005,Counter Feiting,0,0,0,0,0,0,0,0,0,0,0,0,0,0,0
Nagaland,2005,Dowry Deaths,0,0,0,0,0,0,0,0,0,0,0,0,0,0,0
Nagaland,2005,Molestation,0,0,0,0,0,0,0,0,0,0,0,0,0,0,0
Nagaland,2005,Eve-Teasing,0,0,0,0,0,0,0,0,0,0,0,0,0,0,0
Nagaland,2005,Cruelty By Husband Or Relative Of Husband,0,0,0,0,0,0,0,0,0,0,0,0,0,0,0
Nagaland,2005,Other Ipc Crimes,0,0,0,0,0,0,83,6,89,48,0,48,131,6,137
Nagaland,2006,Murder,0,0,0,3,0,3,12,3,15,1,0,1,16,3,19
Nagaland,2006,Attempt To Commit Murder,0,0,0,0,0,0,47,0,47,8,0,8,55,0,55
Nagaland,2006,C.H. Not Amounting To Murder,0,0,0,0,0,0,0,0,0,0,0,0,0,0,0
Nagaland,2006,Rape,0,0,0,0,0,0,0,0,0,0,0,0,0,0,0
Nagaland,2006,Kidnapping And Abduction,0,0,0,0,0,0,11,0,11,0,0,0,11,0,11
Nagaland,2006,Dacoity,0,0,0,7,0,7,0,0,0,0,0,0,7,0,7
Nagaland,2006,Prep. And Assembly For Dacoity,0,0,0,0,0,0,0,0,0,0,0,0,0,0,0
Nagaland,2006,Robbery,0,0,0,0,0,0,0,0,0,10,0,10,10,0,10
Nagaland,2006,Burglary,0,0,0,0,0,0,0,0,0,0,0,0,0,0,0
Nagaland,2006,Thefts,0,0,0,31,2,33,22,0,22,0,0,0,53,2,55
Nagaland,2006,Extortion,0,0,0,43,2,45,14,0,14,0,0,0,57,2,59
Nagaland,2006,Riots,0,0,0,0,0,0,0,0,0,0,0,0,0,0,0
Nagaland,2006,Arson,0,0,0,0,0,0,0,0,0,0,0,0,0,0,0
Nagaland,2006,Criminal Breach Of Trust,0,0,0,0,0,0,0,0,0,0,0,0,0,0,0
Nagaland,2006,Cheating,0,0,0,0,0,0,0,0,0,14,0,14,14,0,14
Nagaland,2006,Counter Feiting,0,0,0,0,0,0,0,0,0,0,0,0,0,0,0
Nagaland,2006,Dowry Deaths,0,0,0,0,0,0,0,0,0,0,0,0,0,0,0
Nagaland,2006,Molestation,0,0,0,0,0,0,0,0,0,0,0,0,0,0,0
Nagaland,2006,Eve-Teasing,0,0,0,0,0,0,0,0,0,0,0,0,0,0,0
Nagaland,2006,Cruelty By Husband Or Relative Of Husband,0,0,0,0,0,0,0,0,0,0,0,0,0,0,0
Nagaland,2006,Other Ipc Crimes,0,0,0,0,0,0,0,0,0,0,0,0,0,0,0
Nagaland,2007,Murder,0,0,0,2,0,2,4,0,4,3,0,3,9,0,9
Nagaland,2007,Attempt To Commit Murder,0,0,0,10,0,10,5,0,5,0,0,0,15,0,15
Nagaland,2007,C.H. Not Amounting To Murder,0,0,0,7,0,7,0,0,0,7,0,7,14,0,14
Nagaland,2007,Rape,0,0,0,4,0,4,2,0,2,0,0,0,6,0,6
Nagaland,2007,Kidnapping And Abduction,0,0,0,2,0,2,8,0,8,0,0,0,10,0,10
Nagaland,2007,Dacoity,0,0,0,0,0,0,0,0,0,0,0,0,0,0,0
Nagaland,2007,Prep. And Assembly For Dacoity,0,0,0,0,0,0,0,0,0,0,0,0,0,0,0
Nagaland,2007,Robbery,0,0,0,0,0,0,11,0,11,0,0,0,11,0,11
Nagaland,2007,Burglary,0,0,0,0,0,0,0,0,0,0,0,0,0,0,0
Nagaland,2007,Thefts,0,0,0,14,0,14,27,2,29,0,0,0,41,2,43
Nagaland,2007,Extortion,2,0,2,21,0,21,25,0,25,19,0,19,67,0,67
Nagaland,2007,Riots,0,0,0,0,0,0,0,0,0,0,0,0,0,0,0
Nagaland,2007,Arson,0,0,0,0,0,0,0,0,0,0,0,0,0,0,0
Nagaland,2007,Criminal Breach Of Trust,0,0,0,0,0,0,0,0,0,0,0,0,0,0,0
Nagaland,2007,Cheating,0,0,0,0,0,0,17,0,17,0,0,0,17,0,17
Nagaland,2007,Counter Feiting,0,0,0,0,0,0,0,0,0,0,0,0,0,0,0
Nagaland,2007,Dowry Deaths,0,0,0,0,0,0,0,0,0,0,0,0,0,0,0
Nagaland,2007,Molestation,0,0,0,0,0,0,0,0,0,0,0,0,0,0,0
Nagaland,2007,Eve-Teasing,0,0,0,0,0,0,0,0,0,0,0,0,0,0,0
Nagaland,2007,Cruelty By Husband Or Relative Of Husband,0,0,0,0,0,0,0,0,0,0,0,0,0,0,0
Nagaland,2007,Other Ipc Crimes,4,0,4,0,0,0,28,0,28,20,0,20,52,0,52
Nagaland,2008,Murder,0,0,0,4,0,4,10,0,10,3,0,3,17,0,17
Nagaland,2008,Attempt To Commit Murder,0,0,0,11,0,11,5,0,5,7,0,7,23,0,23
Nagaland,2008,C.H. Not Amounting To Murder,0,0,0,7,0,7,16,0,16,0,0,0,23,0,23
Nagaland,2008,Rape,0,0,0,4,0,4,2,0,2,1,0,1,7,0,7
Nagaland,2008,Kidnapping And Abduction,0,0,0,10,0,10,20,0,20,0,0,0,30,0,30
Nagaland,2008,Dacoity,0,0,0,0,0,0,0,0,0,0,0,0,0,0,0
Nagaland,2008,Prep. And Assembly For Dacoity,0,0,0,0,0,0,0,0,0,0,0,0,0,0,0
Nagaland,2008,Robbery,0,0,0,17,0,17,0,0,0,13,0,13,30,0,30
Nagaland,2008,Burglary,0,0,0,0,0,0,0,0,0,0,0,0,0,0,0
Nagaland,2008,Thefts,2,0,2,6,0,6,31,2,33,15,0,15,54,2,56
Nagaland,2008,Extortion,0,0,0,21,0,21,29,0,29,0,0,0,50,0,50
Nagaland,2008,Riots,0,0,0,0,0,0,0,0,0,0,0,0,0,0,0
Nagaland,2008,Arson,0,0,0,0,0,0,0,0,0,0,0,0,0,0,0
Nagaland,2008,Criminal Breach Of Trust,0,0,0,0,0,0,0,0,0,0,0,0,0,0,0
Nagaland,2008,Cheating,0,0,0,4,0,4,30,0,30,0,0,0,34,0,34
Nagaland,2008,Counter Feiting,0,0,0,0,0,0,0,0,0,0,0,0,0,0,0
Nagaland,2008,Dowry Deaths,0,0,0,0,0,0,0,0,0,0,0,0,0,0,0
Nagaland,2008,Molestation,0,0,0,0,0,0,0,0,0,0,0,0,0,0,0
Nagaland,2008,Eve-Teasing,0,0,0,0,0,0,0,0,0,0,0,0,0,0,0
Nagaland,2008,Cruelty By Husband Or Relative Of Husband,0,0,0,0,0,0,0,0,0,0,0,0,0,0,0
Nagaland,2008,Other Ipc Crimes,0,0,0,0,0,0,0,0,0,13,0,13,13,0,13
Nagaland,2009,Murder,0,0,0,7,0,7,10,2,12,0,0,0,17,2,19
Nagaland,2009,Attempt To Commit Murder,0,0,0,8,0,8,5,3,8,0,0,0,13,3,16
Nagaland,2009,C.H. Not Amounting To Murder,0,0,0,4,2,6,11,1,12,0,0,0,15,3,18
Nagaland,2009,Rape,0,0,0,6,0,6,2,0,2,0,0,0,8,0,8
Nagaland,2009,Kidnapping And Abduction,0,0,0,11,0,11,6,0,6,2,0,2,19,0,19
Nagaland,2009,Dacoity,0,0,0,4,0,4,5,0,5,0,0,0,9,0,9
Nagaland,2009,Prep. And Assembly For Dacoity,0,0,0,0,0,0,0,0,0,0,0,0,0,0,0
Nagaland,2009,Robbery,0,0,0,19,0,19,13,0,13,2,0,2,34,0,34
Nagaland,2009,Burglary,0,0,0,10,0,10,13,0,13,2,0,2,25,0,25
Nagaland,2009,Thefts,2,0,2,39,2,41,45,0,45,10,0,10,96,2,98
Nagaland,2009,Extortion,0,0,0,10,0,10,15,0,15,3,0,3,28,0,28
Nagaland,2009,Riots,0,0,0,0,0,0,0,0,0,0,0,0,0,0,0
Nagaland,2009,Arson,0,0,0,0,0,0,0,0,0,0,0,0,0,0,0
Nagaland,2009,Criminal Breach Of Trust,0,0,0,0,0,0,0,0,0,0,0,0,0,0,0
Nagaland,2009,Cheating,0,0,0,0,0,0,0,0,0,0,0,0,0,0,0
Nagaland,2009,Counter Feiting,0,0,0,0,0,0,0,0,0,0,0,0,0,0,0
Nagaland,2009,Dowry Deaths,0,0,0,0,0,0,0,0,0,0,0,0,0,0,0
Nagaland,2009,Molestation,0,0,0,0,0,0,0,0,0,0,0,0,0,0,0
Nagaland,2009,Eve-Teasing,0,0,0,0,0,0,0,0,0,0,0,0,0,0,0
Nagaland,2009,Cruelty By Husband Or Relative Of Husband,0,0,0,0,0,0,0,0,0,0,0,0,0,0,0
Nagaland,2009,Other Ipc Crimes,0,0,0,32,1,33,16,1,17,12,0,12,60,2,62
Nagaland,2010,Murder,0,0,0,6,0,6,5,0,5,2,0,2,13,0,13
Nagaland,2010,Attempt To Commit Murder,0,0,0,4,0,4,8,0,8,3,0,3,15,0,15
Nagaland,2010,C.H. Not Amounting To Murder,0,0,0,4,0,4,7,0,7,7,0,7,18,0,18
Nagaland,2010,Rape,0,0,0,6,0,6,5,0,5,4,0,4,15,0,15
Nagaland,2010,Kidnapping And Abduction,0,0,0,7,0,7,6,0,6,5,0,5,18,0,18
Nagaland,2010,Dacoity,0,0,0,2,0,2,3,0,3,0,0,0,5,0,5
Nagaland,2010,Prep. And Assembly For Dacoity,0,0,0,0,0,0,0,0,0,0,0,0,0,0,0
Nagaland,2010,Robbery,0,0,0,15,0,15,8,0,8,12,0,12,35,0,35
Nagaland,2010,Burglary,0,0,0,0,0,0,4,0,4,3,0,3,7,0,7
Nagaland,2010,Thefts,0,0,0,8,1,9,10,0,10,6,0,6,24,1,25
Nagaland,2010,Extortion,0,0,0,12,0,12,10,0,10,7,0,7,29,0,29
Nagaland,2010,Riots,0,0,0,0,0,0,0,0,0,0,0,0,0,0,0
Nagaland,2010,Arson,0,0,0,0,0,0,0,0,0,0,0,0,0,0,0
Nagaland,2010,Criminal Breach Of Trust,0,0,0,0,0,0,0,0,0,0,0,0,0,0,0
Nagaland,2010,Cheating,0,0,0,6,0,6,3,0,3,4,0,4,13,0,13
Nagaland,2010,Counter Feiting,0,0,0,0,0,0,0,0,0,0,0,0,0,0,0
Nagaland,2010,Dowry Deaths,0,0,0,0,0,0,0,0,0,0,0,0,0,0,0
Nagaland,2010,Molestation,0,0,0,4,0,4,0,0,0,0,0,0,4,0,4
Nagaland,2010,Eve-Teasing,0,0,0,0,0,0,0,0,0,0,0,0,0,0,0
Nagaland,2010,Cruelty By Husband Or Relative Of Husband,0,0,0,0,0,0,0,0,0,0,0,0,0,0,0
Nagaland,2010,Other Ipc Crimes,0,0,0,6,0,6,4,0,4,0,0,0,10,0,10
Nagaland,2011,Murder,0,0,0,20,1,21,11,1,12,3,1,4,34,3,37
Nagaland,2011,Attempt To Commit Murder,0,0,0,6,2,8,11,0,11,0,0,0,17,2,19
Nagaland,2011,C.H. Not Amounting To Murder,0,0,0,4,0,4,2,0,2,0,0,0,6,0,6
Nagaland,2011,Rape,0,0,0,8,0,8,12,0,12,1,0,1,21,0,21
Nagaland,2011,Kidnapping And Abduction,0,0,0,9,0,9,11,0,11,1,0,1,21,0,21
Nagaland,2011,Dacoity,0,0,0,1,0,1,0,0,0,0,0,0,1,0,1
Nagaland,2011,Prep. And Assembly For Dacoity,0,0,0,0,0,0,0,0,0,0,0,0,0,0,0
Nagaland,2011,Robbery,0,0,0,7,0,7,6,0,6,0,0,0,13,0,13
Nagaland,2011,Burglary,0,0,0,5,0,5,2,0,2,0,0,0,7,0,7
Nagaland,2011,Thefts,0,0,0,53,2,55,23,0,23,1,0,1,77,2,79
Nagaland,2011,Extortion,0,0,0,17,0,17,8,0,8,0,0,0,25,0,25
Nagaland,2011,Riots,0,0,0,0,0,0,0,0,0,0,0,0,0,0,0
Nagaland,2011,Arson,0,0,0,0,0,0,2,0,2,0,0,0,2,0,2
Nagaland,2011,Criminal Breach Of Trust,0,0,0,0,0,0,1,0,1,0,0,0,1,0,1
Nagaland,2011,Cheating,0,0,0,3,0,3,2,0,2,0,0,0,5,0,5
Nagaland,2011,Counter Feiting,0,0,0,0,0,0,0,0,0,0,0,0,0,0,0
Nagaland,2011,Dowry Deaths,0,0,0,0,0,0,0,0,0,0,0,0,0,0,0
Nagaland,2011,Molestation,0,0,0,1,0,1,1,0,1,1,0,1,3,0,3
Nagaland,2011,Eve-Teasing,0,0,0,0,0,0,0,0,0,0,0,0,0,0,0
Nagaland,2011,Cruelty By Husband Or Relative Of Husband,0,0,0,3,0,3,3,0,3,0,0,0,6,0,6
Nagaland,2011,Other Ipc Crimes,0,0,0,18,0,18,7,1,8,1,0,1,26,1,27
Nagaland,2012,Murder,0,0,0,21,2,23,15,1,16,1,1,2,37,4,41
Nagaland,2012,Attempt To Commit Murder,0,0,0,8,1,9,13,0,13,0,0,0,21,1,22
Nagaland,2012,C.H. Not Amounting To Murder,0,0,0,1,0,1,0,0,0,0,0,0,1,0,1
Nagaland,2012,Rape,0,0,0,12,0,12,8,0,8,1,0,1,21,0,21
Nagaland,2012,Kidnapping And Abduction,0,0,0,6,1,7,6,0,6,0,0,0,12,1,13
Nagaland,2012,Dacoity,0,0,0,2,0,2,2,0,2,0,0,0,4,0,4
Nagaland,2012,Prep. And Assembly For Dacoity,0,0,0,0,0,0,0,0,0,0,0,0,0,0,0
Nagaland,2012,Robbery,0,0,0,7,0,7,11,0,11,0,0,0,18,0,18
Nagaland,2012,Burglary,0,0,0,5,0,5,2,0,2,0,0,0,7,0,7
Nagaland,2012,Thefts,0,0,0,35,2,37,14,0,14,0,0,0,49,2,51
Nagaland,2012,Extortion,0,0,0,12,0,12,3,0,3,0,0,0,15,0,15
Nagaland,2012,Riots,0,0,0,0,0,0,0,0,0,0,0,0,0,0,0
Nagaland,2012,Arson,0,0,0,0,0,0,1,0,1,0,0,0,1,0,1
Nagaland,2012,Criminal Breach Of Trust,0,0,0,0,0,0,1,0,1,0,0,0,1,0,1
Nagaland,2012,Cheating,0,0,0,2,0,2,0,0,0,0,0,0,2,0,2
Nagaland,2012,Counter Feiting,0,0,0,0,0,0,0,0,0,0,0,0,0,0,0
Nagaland,2012,Dowry Deaths,0,0,0,0,0,0,0,0,0,0,0,0,0,0,0
Nagaland,2012,Molestation,0,0,0,1,0,1,0,0,0,2,0,2,3,0,3
Nagaland,2012,Eve-Teasing,0,0,0,0,0,0,0,0,0,0,0,0,0,0,0
Nagaland,2012,Cruelty By Husband Or Relative Of Husband,0,0,0,0,0,0,1,0,1,0,0,0,1,0,1
Nagaland,2012,Other Ipc Crimes,0,0,0,17,1,18,10,1,11,4,0,4,31,2,33
Orissa,2001,Murder,12,0,12,478,6,484,899,43,942,213,11,224,1602,60,1662
Orissa,2001,Attempt To Commit Murder,5,0,5,192,4,196,379,5,384,44,2,46,620,11,631
Orissa,2001,C.H. Not Amounting To Murder,0,0,0,47,0,47,39,3,42,13,0,13,99,3,102
Orissa,2001,Rape,12,0,12,125,0,125,185,0,185,12,0,12,334,0,334
Orissa,2001,Kidnapping And Abduction,0,0,0,120,0,120,89,0,89,9,0,9,218,0,218
Orissa,2001,Dacoity,3,0,3,141,5,146,203,9,212,21,0,21,368,14,382
Orissa,2001,Prep. And Assembly For Dacoity,0,0,0,70,0,70,40,0,40,6,0,6,116,0,116
Orissa,2001,Robbery,3,0,3,136,0,136,94,0,94,15,0,15,248,0,248
Orissa,2001,Burglary,7,0,7,225,0,225,167,0,167,42,0,42,441,0,441
Orissa,2001,Thefts,32,0,32,342,5,347,479,12,491,98,0,98,951,17,968
Orissa,2001,Extortion,0,0,0,35,0,35,28,0,28,7,0,7,70,0,70
Orissa,2001,Riots,1,0,1,180,4,184,329,9,338,72,0,72,582,13,595
Orissa,2001,Arson,0,0,0,19,0,19,15,0,15,7,0,7,41,0,41
Orissa,2001,Criminal Breach Of Trust,0,0,0,28,0,28,6,0,6,4,0,4,38,0,38
Orissa,2001,Cheating,0,0,0,44,3,47,25,1,26,1,0,1,70,4,74
Orissa,2001,Counter Feiting,0,0,0,10,0,10,0,0,0,1,0,1,11,0,11
Orissa,2001,Dowry Deaths,0,0,0,33,2,35,84,10,94,24,5,29,141,17,158
Orissa,2001,Molestation,0,0,0,40,0,40,33,0,33,0,0,0,73,0,73
Orissa,2001,Eve-Teasing,0,0,0,0,0,0,4,0,4,0,0,0,4,0,4
Orissa,2001,Cruelty By Husband Or Relative Of Husband,0,0,0,90,0,90,40,0,40,13,0,13,143,0,143
Orissa,2001,Other Ipc Crimes,4,0,4,15,0,15,214,45,259,143,16,159,376,61,437
Orissa,2002,Murder,15,0,15,515,28,543,918,31,949,146,14,160,1594,73,1667
Orissa,2002,Attempt To Commit Murder,2,0,2,406,5,411,541,18,559,57,3,60,1006,26,1032
Orissa,2002,C.H. Not Amounting To Murder,0,0,0,51,3,54,39,5,44,18,1,19,108,9,117
Orissa,2002,Rape,4,0,4,185,0,185,163,0,163,14,0,14,366,0,366
Orissa,2002,Kidnapping And Abduction,0,0,0,120,0,120,98,1,99,13,0,13,231,1,232
Orissa,2002,Dacoity,0,0,0,163,0,163,293,0,293,34,0,34,490,0,490
Orissa,2002,Prep. And Assembly For Dacoity,1,0,1,68,2,70,42,0,42,5,0,5,116,2,118
Orissa,2002,Robbery,0,0,0,128,0,128,141,0,141,29,0,29,298,0,298
Orissa,2002,Burglary,1,0,1,243,0,243,135,0,135,66,0,66,445,0,445
Orissa,2002,Thefts,24,2,26,312,17,329,631,13,644,95,5,100,1062,37,1099
Orissa,2002,Extortion,0,0,0,28,0,28,37,0,37,6,0,6,71,0,71
Orissa,2002,Riots,0,0,0,181,13,194,317,0,317,65,0,65,563,13,576
Orissa,2002,Arson,0,0,0,21,0,21,18,0,18,9,0,9,48,0,48
Orissa,2002,Criminal Breach Of Trust,0,0,0,28,0,28,18,0,18,3,0,3,49,0,49
Orissa,2002,Cheating,0,0,0,61,3,64,83,3,86,2,0,2,146,6,152
Orissa,2002,Counter Feiting,0,0,0,13,0,13,3,0,3,0,0,0,16,0,16
Orissa,2002,Dowry Deaths,0,0,0,44,7,51,73,16,89,33,4,37,150,27,177
Orissa,2002,Molestation,0,0,0,36,0,36,28,0,28,0,0,0,64,0,64
Orissa,2002,Eve-Teasing,0,0,0,0,0,0,7,0,7,0,0,0,7,0,7
Orissa,2002,Cruelty By Husband Or Relative Of Husband,0,0,0,83,0,83,37,0,37,8,0,8,128,0,128
Orissa,2002,Other Ipc Crimes,0,0,0,48,14,62,353,34,387,148,0,148,549,48,597
Orissa,2003,Murder,12,0,12,815,22,837,1021,42,1063,173,16,189,2021,80,2101
Orissa,2003,Attempt To Commit Murder,3,0,3,541,9,550,612,21,633,59,4,63,1215,34,1249
Orissa,2003,C.H. Not Amounting To Murder,0,0,0,107,3,110,41,6,47,22,2,24,170,11,181
Orissa,2003,Rape,5,0,5,193,0,193,213,0,213,16,0,16,427,0,427
Orissa,2003,Kidnapping And Abduction,0,0,0,167,0,167,104,8,112,18,0,18,289,8,297
Orissa,2003,Dacoity,0,0,0,204,0,204,281,0,281,46,0,46,531,0,531
Orissa,2003,Prep. And Assembly For Dacoity,1,0,1,88,0,88,57,0,57,16,0,16,162,0,162
Orissa,2003,Robbery,0,0,0,161,0,161,139,0,139,36,0,36,336,0,336
Orissa,2003,Burglary,1,0,1,146,0,146,185,0,185,93,0,93,425,0,425
Orissa,2003,Thefts,17,2,19,220,51,271,638,17,655,143,15,158,1018,85,1103
Orissa,2003,Extortion,0,0,0,48,0,48,51,1,52,10,0,10,109,1,110
Orissa,2003,Riots,0,0,0,92,0,92,317,0,317,112,0,112,521,0,521
Orissa,2003,Arson,0,0,0,36,0,36,28,0,28,10,0,10,74,0,74
Orissa,2003,Criminal Breach Of Trust,0,0,0,31,0,31,21,0,21,4,0,4,56,0,56
Orissa,2003,Cheating,0,0,0,87,13,100,124,12,136,92,2,94,303,27,330
Orissa,2003,Counter Feiting,0,0,0,20,0,20,14,0,14,0,0,0,34,0,34
Orissa,2003,Dowry Deaths,0,0,0,84,5,89,93,2,95,30,2,32,207,9,216
Orissa,2003,Molestation,0,0,0,56,0,56,37,0,37,7,0,7,100,0,100
Orissa,2003,Eve-Teasing,0,0,0,7,0,7,16,0,16,4,0,4,27,0,27
Orissa,2003,Cruelty By Husband Or Relative Of Husband,0,0,0,81,0,81,59,2,61,12,0,12,152,2,154
Orissa,2003,Other Ipc Crimes,0,0,0,57,0,57,132,0,132,82,0,82,271,0,271
Orissa,2004,Murder,2,0,2,885,23,908,1348,40,1388,276,9,285,2511,72,2583
Orissa,2004,Attempt To Commit Murder,0,0,0,339,7,346,381,16,397,25,0,25,745,23,768
Orissa,2004,C.H. Not Amounting To Murder,0,0,0,47,3,50,81,3,84,15,1,16,143,7,150
Orissa,2004,Rape,0,0,0,369,0,369,483,0,483,31,0,31,883,0,883
Orissa,2004,Kidnapping And Abduction,0,0,0,70,3,73,87,2,89,7,0,7,164,5,169
Orissa,2004,Dacoity,0,0,0,361,0,361,218,0,218,17,0,17,596,0,596
Orissa,2004,Prep. And Assembly For Dacoity,0,0,0,124,0,124,65,0,65,18,0,18,207,0,207
Orissa,2004,Robbery,0,0,0,215,0,215,127,0,127,9,0,9,351,0,351
Orissa,2004,Burglary,0,0,0,249,0,249,102,0,102,17,0,17,368,0,368
Orissa,2004,Thefts,0,0,0,395,16,411,445,25,470,181,0,181,1021,41,1062
Orissa,2004,Extortion,0,0,0,15,0,15,25,0,25,2,0,2,42,0,42
Orissa,2004,Riots,0,0,0,120,0,120,145,12,157,14,1,15,279,13,292
Orissa,2004,Arson,0,0,0,25,0,25,6,0,6,4,0,4,35,0,35
Orissa,2004,Criminal Breach Of Trust,0,0,0,19,0,19,24,0,24,4,0,4,47,0,47
Orissa,2004,Cheating,0,0,0,30,0,30,53,3,56,13,0,13,96,3,99
Orissa,2004,Counter Feiting,0,0,0,5,0,5,8,0,8,2,0,2,15,0,15
Orissa,2004,Dowry Deaths,0,0,0,72,4,76,97,28,125,42,12,54,211,44,255
Orissa,2004,Molestation,0,0,0,31,0,31,24,0,24,3,0,3,58,0,58
Orissa,2004,Eve-Teasing,0,0,0,11,0,11,16,0,16,0,0,0,27,0,27
Orissa,2004,Cruelty By Husband Or Relative Of Husband,0,0,0,63,7,70,74,8,82,30,5,35,167,20,187
Orissa,2004,Other Ipc Crimes,0,0,0,136,0,136,286,18,304,39,0,39,461,18,479
Orissa,2005,Murder,0,0,0,993,26,1019,1429,183,1612,499,25,524,2921,234,3155
Orissa,2005,Attempt To Commit Murder,0,0,0,373,0,373,318,2,320,27,0,27,718,2,720
Orissa,2005,C.H. Not Amounting To Murder,0,0,0,46,0,46,22,4,26,4,3,7,72,7,79
Orissa,2005,Rape,0,0,0,330,0,330,131,2,133,14,1,15,475,3,478
Orissa,2005,Kidnapping And Abduction,0,0,0,113,0,113,54,0,54,1,6,7,168,6,174
Orissa,2005,Dacoity,0,0,0,487,0,487,251,0,251,16,0,16,754,0,754
Orissa,2005,Prep. And Assembly For Dacoity,0,0,0,77,0,77,53,0,53,5,0,5,135,0,135
Orissa,2005,Robbery,0,0,0,321,0,321,229,0,229,12,0,12,562,0,562
Orissa,2005,Burglary,0,0,0,149,0,149,103,5,108,6,1,7,258,6,264
Orissa,2005,Thefts,0,0,0,410,0,410,390,4,394,63,3,66,863,7,870
Orissa,2005,Extortion,0,0,0,37,0,37,26,0,26,0,0,0,63,0,63
Orissa,2005,Riots,0,0,0,132,0,132,89,1,90,4,0,4,225,1,226
Orissa,2005,Arson,0,0,0,32,0,32,14,0,14,3,0,3,49,0,49
Orissa,2005,Criminal Breach Of Trust,0,0,0,3,0,3,3,0,3,0,0,0,6,0,6
Orissa,2005,Cheating,0,0,0,39,0,39,138,0,138,3,1,4,180,1,181
Orissa,2005,Counter Feiting,0,0,0,8,0,8,26,0,26,3,0,3,37,0,37
Orissa,2005,Dowry Deaths,0,0,0,184,0,184,99,19,118,35,9,44,318,28,346
Orissa,2005,Molestation,0,0,0,32,0,32,24,0,24,1,0,1,57,0,57
Orissa,2005,Eve-Teasing,0,0,0,0,0,0,0,0,0,0,0,0,0,0,0
Orissa,2005,Cruelty By Husband Or Relative Of Husband,0,0,0,47,0,47,45,2,47,10,1,11,102,3,105
Orissa,2005,Other Ipc Crimes,0,0,0,297,4,301,266,1,267,24,0,24,587,5,592
Orissa,2006,Murder,0,0,0,1393,18,1411,1428,198,1626,512,28,540,3333,244,3577
Orissa,2006,Attempt To Commit Murder,0,0,0,381,5,386,340,13,353,18,3,21,739,21,760
Orissa,2006,C.H. Not Amounting To Murder,0,0,0,48,0,48,27,3,30,4,0,4,79,3,82
Orissa,2006,Rape,0,0,0,311,0,311,112,0,112,10,0,10,433,0,433
Orissa,2006,Kidnapping And Abduction,0,0,0,98,0,98,72,0,72,3,0,3,173,0,173
Orissa,2006,Dacoity,0,0,0,432,0,432,180,0,180,12,0,12,624,0,624
Orissa,2006,Prep. And Assembly For Dacoity,0,0,0,68,0,68,45,0,45,3,0,3,116,0,116
Orissa,2006,Robbery,0,0,0,203,0,203,285,0,285,21,0,21,509,0,509
Orissa,2006,Burglary,0,0,0,131,0,131,94,0,94,8,0,8,233,0,233
Orissa,2006,Thefts,0,0,0,411,3,414,362,16,378,45,3,48,818,22,840
Orissa,2006,Extortion,0,0,0,33,0,33,22,0,22,4,0,4,59,0,59
Orissa,2006,Riots,0,0,0,94,0,94,121,0,121,0,0,0,215,0,215
Orissa,2006,Arson,0,0,0,28,0,28,15,0,15,2,0,2,45,0,45
Orissa,2006,Criminal Breach Of Trust,0,0,0,2,0,2,3,0,3,0,0,0,5,0,5
Orissa,2006,Cheating,0,0,0,46,0,46,149,2,151,6,0,6,201,2,203
Orissa,2006,Counter Feiting,0,0,0,9,0,9,23,0,23,2,0,2,34,0,34
Orissa,2006,Dowry Deaths,0,0,0,159,3,162,138,9,147,12,1,13,309,13,322
Orissa,2006,Molestation,0,0,0,35,0,35,21,0,21,1,0,1,57,0,57
Orissa,2006,Eve-Teasing,0,0,0,0,0,0,2,0,2,0,0,0,2,0,2
Orissa,2006,Cruelty By Husband Or Relative Of Husband,0,0,0,84,4,88,63,8,71,11,0,11,158,12,170
Orissa,2006,Other Ipc Crimes,0,0,0,376,1,377,293,28,321,49,7,56,718,36,754
Orissa,2007,Murder,0,0,0,1634,29,1663,1537,243,1780,512,28,540,3683,300,3983
Orissa,2007,Attempt To Commit Murder,0,0,0,396,6,402,345,18,363,18,3,21,759,27,786
Orissa,2007,C.H. Not Amounting To Murder,0,0,0,52,0,52,27,3,30,4,0,4,83,3,86
Orissa,2007,Rape,0,0,0,325,0,325,119,0,119,10,0,10,454,0,454
Orissa,2007,Kidnapping And Abduction,0,0,0,104,0,104,72,0,72,3,0,3,179,0,179
Orissa,2007,Dacoity,0,0,0,511,0,511,185,0,185,12,0,12,708,0,708
Orissa,2007,Prep. And Assembly For Dacoity,0,0,0,72,0,72,45,0,45,3,0,3,120,0,120
Orissa,2007,Robbery,0,0,0,223,0,223,286,0,286,21,0,21,530,0,530
Orissa,2007,Burglary,0,0,0,135,0,135,94,0,94,8,0,8,237,0,237
Orissa,2007,Thefts,0,0,0,481,8,489,385,25,410,45,3,48,911,36,947
Orissa,2007,Extortion,0,0,0,35,0,35,22,0,22,4,0,4,61,0,61
Orissa,2007,Riots,0,0,0,94,0,94,121,0,121,0,0,0,215,0,215
Orissa,2007,Arson,0,0,0,28,0,28,15,0,15,2,0,2,45,0,45
Orissa,2007,Criminal Breach Of Trust,0,0,0,2,0,2,3,0,3,0,0,0,5,0,5
Orissa,2007,Cheating,0,0,0,52,0,52,151,6,157,6,0,6,209,6,215
Orissa,2007,Counter Feiting,0,0,0,10,0,10,23,0,23,2,0,2,35,0,35
Orissa,2007,Dowry Deaths,0,0,0,184,12,196,165,33,198,12,1,13,361,46,407
Orissa,2007,Molestation,0,0,0,35,0,35,21,0,21,1,0,1,57,0,57
Orissa,2007,Eve-Teasing,0,0,0,0,0,0,2,0,2,0,0,0,2,0,2
Orissa,2007,Cruelty By Husband Or Relative Of Husband,0,0,0,96,4,100,63,12,75,11,0,11,170,16,186
Orissa,2007,Other Ipc Crimes,0,0,0,385,2,387,188,37,225,41,7,48,614,46,660
Orissa,2008,Murder,0,0,0,1531,28,1559,1732,226,1958,498,14,512,3761,268,4029
Orissa,2008,Attempt To Commit Murder,0,0,0,239,5,244,364,18,382,12,1,13,615,24,639
Orissa,2008,C.H. Not Amounting To Murder,0,0,0,32,0,32,28,2,30,3,0,3,63,2,65
Orissa,2008,Rape,0,0,0,303,0,303,121,0,121,8,0,8,432,0,432
Orissa,2008,Kidnapping And Abduction,0,0,0,85,0,85,69,0,69,2,0,2,156,0,156
Orissa,2008,Dacoity,0,0,0,452,0,452,181,0,181,10,0,10,643,0,643
Orissa,2008,Prep. And Assembly For Dacoity,0,0,0,69,0,69,40,0,40,3,0,3,112,0,112
Orissa,2008,Robbery,0,0,0,175,0,175,271,0,271,19,0,19,465,0,465
Orissa,2008,Burglary,0,0,0,102,0,102,86,0,86,8,0,8,196,0,196
Orissa,2008,Thefts,0,0,0,467,5,472,365,18,383,41,2,43,873,25,898
Orissa,2008,Extortion,0,0,0,30,0,30,18,0,18,2,0,2,50,0,50
Orissa,2008,Riots,0,0,0,74,0,74,110,0,110,0,0,0,184,0,184
Orissa,2008,Arson,0,0,0,22,0,22,15,0,15,1,0,1,38,0,38
Orissa,2008,Criminal Breach Of Trust,0,0,0,1,0,1,3,0,3,0,0,0,4,0,4
Orissa,2008,Cheating,0,0,0,48,0,48,129,4,133,5,0,5,182,4,186
Orissa,2008,Counter Feiting,0,0,0,9,0,9,21,0,21,1,0,1,31,0,31
Orissa,2008,Dowry Deaths,0,0,0,172,5,177,155,20,175,8,1,9,335,26,361
Orissa,2008,Molestation,0,0,0,32,0,32,18,0,18,1,0,1,51,0,51
Orissa,2008,Eve-Teasing,0,0,0,0,0,0,2,0,2,0,0,0,2,0,2
Orissa,2008,Cruelty By Husband Or Relative Of Husband,0,0,0,91,1,92,45,10,55,11,0,11,147,11,158
Orissa,2008,Other Ipc Crimes,0,0,0,257,1,258,190,26,216,19,1,20,466,28,494
Orissa,2009,Murder,0,0,0,1398,105,1503,1609,187,1796,377,11,388,3384,303,3687
Orissa,2009,Attempt To Commit Murder,0,0,0,216,4,220,361,12,373,11,1,12,588,17,605
Orissa,2009,C.H. Not Amounting To Murder,0,0,0,32,0,32,28,0,28,3,0,3,63,0,63
Orissa,2009,Rape,0,0,0,271,0,271,151,0,151,9,0,9,431,0,431
Orissa,2009,Kidnapping And Abduction,0,0,0,73,0,73,69,0,69,2,0,2,144,0,144
Orissa,2009,Dacoity,0,0,0,419,0,419,201,0,201,14,0,14,634,0,634
Orissa,2009,Prep. And Assembly For Dacoity,0,0,0,57,0,57,42,0,42,3,0,3,102,0,102
Orissa,2009,Robbery,0,0,0,162,0,162,277,0,277,22,0,22,461,0,461
Orissa,2009,Burglary,0,0,0,92,0,92,80,0,80,43,0,43,215,0,215
Orissa,2009,Thefts,0,0,0,483,3,486,389,8,397,42,2,44,914,13,927
Orissa,2009,Extortion,0,0,0,21,0,21,16,0,16,2,0,2,39,0,39
Orissa,2009,Riots,0,0,0,29,0,29,118,0,118,0,0,0,147,0,147
Orissa,2009,Arson,0,0,0,12,0,12,15,0,15,1,0,1,28,0,28
Orissa,2009,Criminal Breach Of Trust,0,0,0,1,0,1,3,0,3,0,0,0,4,0,4
Orissa,2009,Cheating,0,0,0,45,0,45,139,2,141,5,0,5,189,2,191
Orissa,2009,Counter Feiting,0,0,0,8,0,8,23,0,23,1,0,1,32,0,32
Orissa,2009,Dowry Deaths,0,0,0,148,6,154,159,10,169,13,1,14,320,17,337
Orissa,2009,Molestation,0,0,0,29,0,29,18,0,18,1,0,1,48,0,48
Orissa,2009,Eve-Teasing,0,0,0,0,0,0,2,0,2,0,0,0,2,0,2
Orissa,2009,Cruelty By Husband Or Relative Of Husband,0,0,0,91,1,92,45,6,51,11,0,11,147,7,154
Orissa,2009,Other Ipc Crimes,0,0,0,251,1,252,190,21,211,19,1,20,460,23,483
Orissa,2010,Murder,0,0,0,1270,101,1371,1412,182,1594,211,9,220,2893,292,3185
Orissa,2010,Attempt To Commit Murder,0,0,0,207,2,209,319,10,329,6,1,7,532,13,545
Orissa,2010,C.H. Not Amounting To Murder,0,0,0,30,0,30,25,0,25,1,0,1,56,0,56
Orissa,2010,Rape,0,0,0,265,0,265,135,0,135,6,0,6,406,0,406
Orissa,2010,Kidnapping And Abduction,0,0,0,71,0,71,62,0,62,1,0,1,134,0,134
Orissa,2010,Dacoity,0,0,0,416,0,416,185,0,185,10,0,10,611,0,611
Orissa,2010,Prep. And Assembly For Dacoity,0,0,0,53,0,53,34,0,34,1,0,1,88,0,88
Orissa,2010,Robbery,0,0,0,160,0,160,241,0,241,19,0,19,420,0,420
Orissa,2010,Burglary,0,0,0,92,0,92,72,0,72,35,0,35,199,0,199
Orissa,2010,Thefts,0,0,0,461,3,464,359,8,367,34,2,36,854,13,867
Orissa,2010,Extortion,0,0,0,20,0,20,12,0,12,1,0,1,33,0,33
Orissa,2010,Riots,0,0,0,29,0,29,111,0,111,0,0,0,140,0,140
Orissa,2010,Arson,0,0,0,10,0,10,3,0,3,1,0,1,14,0,14
Orissa,2010,Criminal Breach Of Trust,0,0,0,1,0,1,2,0,2,0,0,0,3,0,3
Orissa,2010,Cheating,0,0,0,45,0,45,102,2,104,2,0,2,149,2,151
Orissa,2010,Counter Feiting,0,0,0,8,0,8,15,0,15,1,0,1,24,0,24
Orissa,2010,Dowry Deaths,0,0,0,145,6,151,131,10,141,7,1,8,283,17,300
Orissa,2010,Molestation,0,0,0,28,0,28,12,0,12,1,0,1,41,0,41
Orissa,2010,Eve-Teasing,0,0,0,0,0,0,1,0,1,0,0,0,1,0,1
Orissa,2010,Cruelty By Husband Or Relative Of Husband,0,0,0,86,1,87,41,6,47,11,0,11,138,7,145
Orissa,2010,Other Ipc Crimes,0,0,0,249,1,250,165,21,186,19,1,20,433,23,456
Orissa,2011,Murder,0,0,0,1227,102,1329,1622,160,1782,193,13,206,3042,275,3317
Orissa,2011,Attempt To Commit Murder,0,0,0,189,2,191,282,7,289,120,0,120,591,9,600
Orissa,2011,C.H. Not Amounting To Murder,0,0,0,45,0,45,37,0,37,1,0,1,83,0,83
Orissa,2011,Rape,0,0,0,258,0,258,147,0,147,15,0,15,420,0,420
Orissa,2011,Kidnapping And Abduction,0,0,0,89,0,89,67,0,67,9,0,9,165,0,165
Orissa,2011,Dacoity,0,0,0,537,0,537,297,0,297,17,0,17,851,0,851
Orissa,2011,Prep. And Assembly For Dacoity,0,0,0,53,0,53,35,0,35,0,0,0,88,0,88
Orissa,2011,Robbery,0,0,0,211,0,211,237,0,237,23,0,23,471,0,471
Orissa,2011,Burglary,0,0,0,87,0,87,75,0,75,37,0,37,199,0,199
Orissa,2011,Thefts,0,0,0,479,0,479,369,0,369,37,0,37,885,0,885
Orissa,2011,Extortion,0,0,0,19,0,19,13,0,13,1,0,1,33,0,33
Orissa,2011,Riots,0,0,0,111,0,111,29,0,29,0,0,0,140,0,140
Orissa,2011,Arson,0,0,0,13,0,13,7,0,7,0,0,0,20,0,20
Orissa,2011,Criminal Breach Of Trust,0,0,0,3,0,3,2,0,2,0,0,0,5,0,5
Orissa,2011,Cheating,0,0,0,15,0,15,9,0,9,0,0,0,24,0,24
Orissa,2011,Counter Feiting,0,0,0,147,7,154,127,10,137,9,0,9,283,17,300
Orissa,2011,Dowry Deaths,0,0,0,23,0,23,17,0,17,7,0,7,47,0,47
Orissa,2011,Molestation,0,0,0,0,0,0,0,0,0,0,0,0,0,0,0
Orissa,2011,Eve-Teasing,0,0,0,0,0,0,0,0,0,0,0,0,0,0,0
Orissa,2011,Cruelty By Husband Or Relative Of Husband,0,0,0,79,3,82,47,6,53,13,0,13,139,9,148
Orissa,2011,Other Ipc Crimes,0,0,0,346,2,348,179,7,186,37,1,38,562,10,572
Orissa,2012,Murder,0,0,0,1300,113,1413,1689,180,1869,303,23,326,3292,316,3608
Orissa,2012,Attempt To Commit Murder,0,0,0,189,2,191,282,7,289,15,0,15,486,9,495
Orissa,2012,C.H. Not Amounting To Murder,0,0,0,40,0,40,42,0,42,1,0,1,83,0,83
Orissa,2012,Rape,0,0,0,263,0,263,142,0,142,13,0,13,418,0,418
Orissa,2012,Kidnapping And Abduction,0,0,0,99,0,99,87,0,87,11,0,11,197,0,197
Orissa,2012,Dacoity,0,0,0,600,0,600,329,0,329,21,0,21,950,0,950
Orissa,2012,Prep. And Assembly For Dacoity,0,0,0,93,0,93,45,0,45,0,0,0,138,0,138
Orissa,2012,Robbery,0,0,0,191,0,191,279,0,279,24,0,24,494,0,494
Orissa,2012,Burglary,0,0,0,107,0,107,82,0,82,32,0,32,221,0,221
Orissa,2012,Thefts,0,0,0,459,0,459,295,0,295,42,0,42,796,0,796
Orissa,2012,Extortion,0,0,0,21,0,21,13,0,13,1,0,1,35,0,35
Orissa,2012,Riots,0,0,0,109,0,109,24,0,24,0,0,0,133,0,133
Orissa,2012,Arson,0,0,0,11,0,11,7,0,7,0,0,0,18,0,18
Orissa,2012,Criminal Breach Of Trust,0,0,0,5,0,5,7,0,7,0,0,0,12,0,12
Orissa,2012,Cheating,0,0,0,25,0,25,19,0,19,0,0,0,44,0,44
Orissa,2012,Counter Feiting,0,0,0,137,7,144,117,10,127,7,0,7,261,17,278
Orissa,2012,Dowry Deaths,0,0,0,43,0,43,17,0,17,9,0,9,69,0,69
Orissa,2012,Molestation,0,0,0,0,0,0,0,0,0,0,0,0,0,0,0
Orissa,2012,Eve-Teasing,0,0,0,0,0,0,0,0,0,0,0,0,0,0,0
Orissa,2012,Cruelty By Husband Or Relative Of Husband,0,0,0,59,3,62,57,6,63,18,0,18,134,9,143
Orissa,2012,Other Ipc Crimes,0,0,0,253,2,255,169,7,176,27,1,28,449,10,459
Punjab,2001,Murder,0,0,0,1650,33,1683,1105,18,1123,450,26,476,3205,77,3282
Punjab,2001,Attempt To Commit Murder,0,0,0,804,25,829,248,7,255,85,0,85,1137,32,1169
Punjab,2001,C.H. Not Amounting To Murder,0,0,0,201,2,203,45,0,45,0,0,0,246,2,248
Punjab,2001,Rape,0,0,0,70,34,104,29,0,29,0,0,0,99,34,133
Punjab,2001,Kidnapping And Abduction,0,0,0,18,4,22,22,0,22,0,0,0,40,4,44
Punjab,2001,Dacoity,0,0,0,15,0,15,27,0,27,38,0,38,80,0,80
Punjab,2001,Prep. And Assembly For Dacoity,0,0,0,66,2,68,56,12,68,46,24,70,168,38,206
Punjab,2001,Robbery,0,0,0,52,0,52,16,0,16,0,0,0,68,0,68
Punjab,2001,Burglary,0,0,0,35,26,61,12,15,27,8,10,18,55,51,106
Punjab,2001,Thefts,0,0,0,101,5,106,43,0,43,0,0,0,144,5,149
Punjab,2001,Extortion,0,0,0,18,0,18,18,0,18,45,0,45,81,0,81
Punjab,2001,Riots,0,0,0,112,0,112,0,0,0,0,0,0,112,0,112
Punjab,2001,Arson,0,0,0,106,0,106,55,0,55,18,0,18,179,0,179
Punjab,2001,Criminal Breach Of Trust,0,0,0,10,0,10,8,0,8,15,9,24,33,9,42
Punjab,2001,Cheating,0,0,0,25,3,28,21,2,23,18,4,22,64,9,73
Punjab,2001,Counter Feiting,0,0,0,0,0,0,10,0,10,16,0,16,26,0,26
Punjab,2001,Dowry Deaths,0,0,0,15,0,15,12,0,12,19,0,19,46,0,46
Punjab,2001,Molestation,0,0,0,8,2,10,9,5,14,22,7,29,39,14,53
Punjab,2001,Eve-Teasing,0,0,0,12,0,12,8,0,8,14,0,14,34,0,34
Punjab,2001,Cruelty By Husband Or Relative Of Husband,0,0,0,9,3,12,15,0,15,17,2,19,41,5,46
Punjab,2001,Other Ipc Crimes,0,0,0,70,4,74,23,0,23,25,6,31,118,10,128
Punjab,2002,Murder,0,0,0,521,52,573,570,34,604,242,23,265,1333,109,1442
Punjab,2002,Attempt To Commit Murder,0,0,0,455,17,472,430,8,438,165,3,168,1050,28,1078
Punjab,2002,C.H. Not Amounting To Murder,0,0,0,142,11,153,53,8,61,0,0,0,195,19,214
Punjab,2002,Rape,0,0,0,0,0,0,0,0,0,0,0,0,0,0,0
Punjab,2002,Kidnapping And Abduction,0,0,0,127,3,130,75,1,76,11,2,13,213,6,219
Punjab,2002,Dacoity,0,0,0,150,0,150,26,0,26,5,0,5,181,0,181
Punjab,2002,Prep. And Assembly For Dacoity,0,0,0,61,0,61,14,1,15,2,0,2,77,1,78
Punjab,2002,Robbery,0,0,0,166,0,166,42,0,42,2,0,2,210,0,210
Punjab,2002,Burglary,0,0,0,44,0,44,11,0,11,0,0,0,55,0,55
Punjab,2002,Thefts,0,0,0,538,23,561,303,8,311,19,2,21,860,33,893
Punjab,2002,Extortion,0,0,0,0,0,0,0,0,0,0,0,0,0,0,0
Punjab,2002,Riots,0,0,0,0,0,0,0,0,0,0,0,0,0,0,0
Punjab,2002,Arson,0,0,0,0,0,0,0,0,0,0,0,0,0,0,0
Punjab,2002,Criminal Breach Of Trust,0,0,0,60,0,60,26,0,26,6,0,6,92,0,92
Punjab,2002,Cheating,0,0,0,55,0,55,39,0,39,0,0,0,94,0,94
Punjab,2002,Counter Feiting,0,0,0,8,0,8,6,0,6,1,0,1,15,0,15
Punjab,2002,Dowry Deaths,0,0,0,0,0,0,0,0,0,0,0,0,0,0,0
Punjab,2002,Molestation,0,0,0,0,0,0,0,0,0,0,0,0,0,0,0
Punjab,2002,Eve-Teasing,0,0,0,0,0,0,0,0,0,0,0,0,0,0,0
Punjab,2002,Cruelty By Husband Or Relative Of Husband,0,0,0,0,0,0,0,0,0,0,0,0,0,0,0
Punjab,2002,Other Ipc Crimes,0,0,0,8,0,8,12,2,14,14,1,15,34,3,37
Punjab,2003,Murder,0,0,0,472,53,525,581,37,618,260,25,285,1313,115,1428
Punjab,2003,Attempt To Commit Murder,0,0,0,427,18,445,328,9,337,85,5,90,840,32,872
Punjab,2003,C.H. Not Amounting To Murder,0,0,0,252,13,265,473,55,528,24,7,31,749,75,824
Punjab,2003,Rape,0,0,0,0,0,0,0,0,0,0,0,0,0,0,0
Punjab,2003,Kidnapping And Abduction,0,0,0,195,5,200,83,4,87,31,3,34,309,12,321
Punjab,2003,Dacoity,0,0,0,193,1,194,51,0,51,6,2,8,250,3,253
Punjab,2003,Prep. And Assembly For Dacoity,0,0,0,137,0,137,72,0,72,11,0,11,220,0,220
Punjab,2003,Robbery,0,0,0,145,0,145,47,0,47,4,0,4,196,0,196
Punjab,2003,Burglary,0,0,0,92,0,92,44,0,44,9,0,9,145,0,145
Punjab,2003,Thefts,0,0,0,534,36,570,300,6,306,21,4,25,855,46,901
Punjab,2003,Extortion,0,0,0,0,0,0,0,0,0,0,0,0,0,0,0
Punjab,2003,Riots,0,0,0,27,0,27,0,0,0,0,0,0,27,0,27
Punjab,2003,Arson,0,0,0,0,0,0,0,0,0,0,0,0,0,0,0
Punjab,2003,Criminal Breach Of Trust,0,0,0,102,6,108,143,2,145,94,0,94,339,8,347
Punjab,2003,Cheating,0,0,0,104,5,109,24,3,27,89,0,89,217,8,225
Punjab,2003,Counter Feiting,0,0,0,13,0,13,22,0,22,35,0,35,70,0,70
Punjab,2003,Dowry Deaths,0,0,0,0,0,0,0,0,0,0,0,0,0,0,0
Punjab,2003,Molestation,0,0,0,0,0,0,0,0,0,0,0,0,0,0,0
Punjab,2003,Eve-Teasing,0,0,0,0,0,0,0,0,0,0,0,0,0,0,0
Punjab,2003,Cruelty By Husband Or Relative Of Husband,0,0,0,0,0,0,0,0,0,0,0,0,0,0,0
Punjab,2003,Other Ipc Crimes,0,0,0,200,10,210,124,10,134,78,1,79,402,21,423
Punjab,2004,Murder,0,0,0,525,50,575,695,40,735,275,21,296,1495,111,1606
Punjab,2004,Attempt To Commit Murder,0,0,0,456,20,476,335,11,346,129,5,134,920,36,956
Punjab,2004,C.H. Not Amounting To Murder,0,0,0,360,15,375,480,51,531,34,7,41,874,73,947
Punjab,2004,Rape,0,0,0,0,0,0,0,0,0,0,0,0,0,0,0
Punjab,2004,Kidnapping And Abduction,0,0,0,215,6,221,91,5,96,39,4,43,345,15,360
Punjab,2004,Dacoity,0,0,0,198,1,199,62,0,62,10,3,13,270,4,274
Punjab,2004,Prep. And Assembly For Dacoity,0,0,0,145,0,145,89,0,89,21,0,21,255,0,255
Punjab,2004,Robbery,0,0,0,152,0,152,60,0,60,5,0,5,217,0,217
Punjab,2004,Burglary,0,0,0,98,0,98,55,0,55,12,0,12,165,0,165
Punjab,2004,Thefts,0,0,0,564,38,602,350,7,357,25,4,29,939,49,988
Punjab,2004,Extortion,0,0,0,0,0,0,0,0,0,0,0,0,0,0,0
Punjab,2004,Riots,0,0,0,37,0,37,0,0,0,0,0,0,37,0,37
Punjab,2004,Arson,0,0,0,0,0,0,0,0,0,0,0,0,0,0,0
Punjab,2004,Criminal Breach Of Trust,0,0,0,122,7,129,152,2,154,105,0,105,379,9,388
Punjab,2004,Cheating,0,0,0,110,4,114,35,3,38,125,0,125,270,7,277
Punjab,2004,Counter Feiting,0,0,0,16,0,16,26,0,26,82,0,82,124,0,124
Punjab,2004,Dowry Deaths,0,0,0,0,0,0,0,0,0,0,0,0,0,0,0
Punjab,2004,Molestation,0,0,0,0,0,0,0,0,0,0,0,0,0,0,0
Punjab,2004,Eve-Teasing,0,0,0,0,0,0,0,0,0,0,0,0,0,0,0
Punjab,2004,Cruelty By Husband Or Relative Of Husband,0,0,0,0,0,0,0,0,0,0,0,0,0,0,0
Punjab,2004,Other Ipc Crimes,0,0,0,250,8,258,135,10,145,95,1,96,480,19,499
Punjab,2005,Murder,0,0,0,535,38,573,688,43,731,105,32,137,1328,113,1441
Punjab,2005,Attempt To Commit Murder,0,0,0,452,22,474,366,13,379,86,25,111,904,60,964
Punjab,2005,C.H. Not Amounting To Murder,0,0,0,306,15,321,480,53,533,25,15,40,811,83,894
Punjab,2005,Rape,0,0,0,0,0,0,0,0,0,0,0,0,0,0,0
Punjab,2005,Kidnapping And Abduction,0,0,0,206,5,211,198,7,205,35,7,42,439,19,458
Punjab,2005,Dacoity,0,0,0,145,1,146,183,0,183,5,19,24,333,20,353
Punjab,2005,Prep. And Assembly For Dacoity,0,0,0,140,0,140,145,0,145,10,0,10,295,0,295
Punjab,2005,Robbery,0,0,0,135,0,135,82,0,82,3,0,3,220,0,220
Punjab,2005,Burglary,0,0,0,85,0,85,90,0,90,20,0,20,195,0,195
Punjab,2005,Thefts,0,0,0,425,26,451,378,10,388,9,8,17,812,44,856
Punjab,2005,Extortion,0,0,0,0,0,0,0,0,0,0,0,0,0,0,0
Punjab,2005,Riots,0,0,0,32,0,32,0,0,0,0,0,0,32,0,32
Punjab,2005,Arson,0,0,0,0,0,0,0,0,0,0,0,0,0,0,0
Punjab,2005,Criminal Breach Of Trust,0,0,0,129,4,133,185,5,190,79,0,79,393,9,402
Punjab,2005,Cheating,0,0,0,108,3,111,78,6,84,60,0,60,246,9,255
Punjab,2005,Counter Feiting,0,0,0,16,0,16,36,0,36,58,0,58,110,0,110
Punjab,2005,Dowry Deaths,0,0,0,5,0,5,7,0,7,0,0,0,12,0,12
Punjab,2005,Molestation,0,0,0,0,0,0,0,0,0,0,0,0,0,0,0
Punjab,2005,Eve-Teasing,0,0,0,0,0,0,0,0,0,0,0,0,0,0,0
Punjab,2005,Cruelty By Husband Or Relative Of Husband,0,0,0,0,0,0,0,0,0,0,0,0,0,0,0
Punjab,2005,Other Ipc Crimes,0,0,0,240,4,244,182,14,196,45,3,48,467,21,488
Punjab,2006,Murder,0,0,0,527,38,565,832,7,839,83,17,100,1442,62,1504
Punjab,2006,Attempt To Commit Murder,0,0,0,462,18,480,375,38,413,48,33,81,885,89,974
Punjab,2006,C.H. Not Amounting To Murder,0,0,0,375,15,390,459,45,504,82,11,93,916,71,987
Punjab,2006,Rape,0,0,0,0,0,0,0,0,0,0,0,0,0,0,0
Punjab,2006,Kidnapping And Abduction,0,0,0,220,4,224,212,7,219,2,0,2,434,11,445
Punjab,2006,Dacoity,0,0,0,224,0,224,47,7,54,15,0,15,286,7,293
Punjab,2006,Prep. And Assembly For Dacoity,0,0,0,153,0,153,84,0,84,17,0,17,254,0,254
Punjab,2006,Robbery,0,0,0,167,0,167,43,0,43,1,0,1,211,0,211
Punjab,2006,Burglary,0,0,0,103,0,103,59,0,59,13,0,13,175,0,175
Punjab,2006,Thefts,0,0,0,497,29,526,310,26,336,48,13,61,855,68,923
Punjab,2006,Extortion,0,0,0,0,0,0,0,0,0,0,0,0,0,0,0
Punjab,2006,Riots,0,0,0,11,0,11,0,0,0,0,0,0,11,0,11
Punjab,2006,Arson,0,0,0,0,0,0,0,0,0,0,0,0,0,0,0
Punjab,2006,Criminal Breach Of Trust,0,0,0,105,0,105,246,0,246,3,0,3,354,0,354
Punjab,2006,Cheating,0,0,0,91,5,96,179,17,196,24,0,24,294,22,316
Punjab,2006,Counter Feiting,0,0,0,18,0,18,96,0,96,5,0,5,119,0,119
Punjab,2006,Dowry Deaths,0,0,0,7,0,7,20,0,20,0,0,0,27,0,27
Punjab,2006,Molestation,0,0,0,0,0,0,0,0,0,0,0,0,0,0,0
Punjab,2006,Eve-Teasing,0,0,0,0,0,0,0,0,0,0,0,0,0,0,0
Punjab,2006,Cruelty By Husband Or Relative Of Husband,0,0,0,0,0,0,0,0,0,0,0,0,0,0,0
Punjab,2006,Other Ipc Crimes,0,0,0,163,22,185,275,7,282,6,3,9,444,32,476
Punjab,2007,Murder,0,0,0,536,36,572,841,9,850,95,21,116,1472,66,1538
Punjab,2007,Attempt To Commit Murder,0,0,0,471,17,488,387,41,428,129,34,163,987,92,1079
Punjab,2007,C.H. Not Amounting To Murder,0,0,0,305,14,319,467,36,503,127,14,141,899,64,963
Punjab,2007,Rape,0,0,0,0,0,0,0,0,0,0,0,0,0,0,0
Punjab,2007,Kidnapping And Abduction,0,0,0,202,7,209,64,5,69,11,0,11,277,12,289
Punjab,2007,Dacoity,0,0,0,232,0,232,57,6,63,27,0,27,316,6,322
Punjab,2007,Prep. And Assembly For Dacoity,0,0,0,161,0,161,93,0,93,26,0,26,280,0,280
Punjab,2007,Robbery,0,0,0,176,0,176,51,0,51,3,0,3,230,0,230
Punjab,2007,Burglary,0,0,0,110,0,110,67,0,67,38,0,38,215,0,215
Punjab,2007,Thefts,0,0,0,506,27,533,341,31,372,87,16,103,934,74,1008
Punjab,2007,Extortion,0,0,0,0,0,0,0,0,0,0,0,0,0,0,0
Punjab,2007,Riots,0,0,0,19,0,19,0,0,0,0,0,0,19,0,19
Punjab,2007,Arson,0,0,0,0,0,0,0,0,0,0,0,0,0,0,0
Punjab,2007,Criminal Breach Of Trust,0,0,0,113,0,113,257,0,257,5,0,5,375,0,375
Punjab,2007,Cheating,0,0,0,99,13,112,197,23,220,37,0,37,333,36,369
Punjab,2007,Counter Feiting,0,0,0,27,0,27,104,0,104,13,0,13,144,0,144
Punjab,2007,Dowry Deaths,0,0,0,17,0,17,49,0,49,0,0,0,66,0,66
Punjab,2007,Molestation,0,0,0,0,0,0,0,0,0,0,0,0,0,0,0
Punjab,2007,Eve-Teasing,0,0,0,0,0,0,0,0,0,0,0,0,0,0,0
Punjab,2007,Cruelty By Husband Or Relative Of Husband,0,0,0,0,0,0,0,0,0,0,0,0,0,0,0
Punjab,2007,Other Ipc Crimes,0,0,0,179,19,198,293,13,306,252,31,283,724,63,787
Punjab,2008,Murder,0,0,0,445,34,479,896,8,904,82,21,103,1423,63,1486
Punjab,2008,Attempt To Commit Murder,0,0,0,425,16,441,425,38,463,119,34,153,969,88,1057
Punjab,2008,C.H. Not Amounting To Murder,0,0,0,316,12,328,498,34,532,109,14,123,923,60,983
Punjab,2008,Rape,0,0,0,0,0,0,0,0,0,0,0,0,0,0,0
Punjab,2008,Kidnapping And Abduction,0,0,0,161,5,166,59,5,64,7,0,7,227,10,237
Punjab,2008,Dacoity,0,0,0,193,0,193,63,6,69,19,0,19,275,6,281
Punjab,2008,Prep. And Assembly For Dacoity,0,0,0,103,0,103,81,0,81,20,0,20,204,0,204
Punjab,2008,Robbery,0,0,0,121,0,121,64,0,64,1,0,1,186,0,186
Punjab,2008,Burglary,0,0,0,96,0,96,79,0,79,29,0,29,204,0,204
Punjab,2008,Thefts,0,0,0,464,24,488,384,30,414,79,16,95,927,70,997
Punjab,2008,Extortion,0,0,0,0,0,0,0,0,0,0,0,0,0,0,0
Punjab,2008,Riots,0,0,0,9,0,9,0,0,0,0,0,0,9,0,9
Punjab,2008,Arson,0,0,0,0,0,0,0,0,0,0,0,0,0,0,0
Punjab,2008,Criminal Breach Of Trust,0,0,0,94,0,94,281,0,281,3,0,3,378,0,378
Punjab,2008,Cheating,0,0,0,73,12,85,219,21,240,29,0,29,321,33,354
Punjab,2008,Counter Feiting,0,0,0,15,0,15,117,0,117,9,0,9,141,0,141
Punjab,2008,Dowry Deaths,0,0,0,12,0,12,58,0,58,0,0,0,70,0,70
Punjab,2008,Molestation,0,0,0,0,0,0,0,0,0,0,0,0,0,0,0
Punjab,2008,Eve-Teasing,0,0,0,0,0,0,0,0,0,0,0,0,0,0,0
Punjab,2008,Cruelty By Husband Or Relative Of Husband,0,0,0,0,0,0,0,0,0,0,0,0,0,0,0
Punjab,2008,Other Ipc Crimes,0,0,0,226,17,243,344,12,356,247,30,277,817,59,876
Punjab,2009,Murder,0,0,0,520,56,576,710,23,733,110,12,122,1340,91,1431
Punjab,2009,Attempt To Commit Murder,0,0,0,501,19,520,350,18,368,122,14,136,973,51,1024
Punjab,2009,C.H. Not Amounting To Murder,0,0,0,360,17,377,388,14,402,130,10,140,878,41,919
Punjab,2009,Rape,0,0,0,67,0,67,0,0,0,0,0,0,67,0,67
Punjab,2009,Kidnapping And Abduction,0,0,0,165,13,178,50,12,62,18,4,22,233,29,262
Punjab,2009,Dacoity,0,0,0,220,0,220,51,0,51,11,0,11,282,0,282
Punjab,2009,Prep. And Assembly For Dacoity,0,0,0,190,0,190,70,0,70,12,0,12,272,0,272
Punjab,2009,Robbery,0,0,0,230,0,230,80,0,80,3,0,3,313,0,313
Punjab,2009,Burglary,0,0,0,82,0,82,75,0,75,18,0,18,175,0,175
Punjab,2009,Thefts,0,0,0,526,27,553,201,17,218,48,4,52,775,48,823
Punjab,2009,Extortion,0,0,0,59,0,59,0,0,0,0,0,0,59,0,59
Punjab,2009,Riots,0,0,0,65,0,65,0,0,0,0,0,0,65,0,65
Punjab,2009,Arson,0,0,0,59,0,59,0,0,0,0,0,0,59,0,59
Punjab,2009,Criminal Breach Of Trust,0,0,0,0,0,0,0,0,0,0,0,0,0,0,0
Punjab,2009,Cheating,0,0,0,62,0,62,210,12,222,57,0,57,329,12,341
Punjab,2009,Counter Feiting,0,0,0,0,0,0,50,0,50,3,0,3,53,0,53
Punjab,2009,Dowry Deaths,0,0,0,80,17,97,75,8,83,17,0,17,172,25,197
Punjab,2009,Molestation,0,0,0,0,0,0,0,0,0,0,0,0,0,0,0
Punjab,2009,Eve-Teasing,0,0,0,0,0,0,0,0,0,0,0,0,0,0,0
Punjab,2009,Cruelty By Husband Or Relative Of Husband,0,0,0,98,0,98,20,0,20,3,0,3,121,0,121
Punjab,2009,Other Ipc Crimes,0,0,0,520,19,539,105,4,109,18,11,29,643,34,677
Punjab,2010,Murder,0,0,0,518,58,576,730,25,755,72,10,82,1320,93,1413
Punjab,2010,Attempt To Commit Murder,0,0,0,502,22,524,378,21,399,78,11,89,958,54,1012
Punjab,2010,C.H. Not Amounting To Murder,0,0,0,340,19,359,393,12,405,92,8,100,825,39,864
Punjab,2010,Rape,0,0,0,63,0,63,0,0,0,0,0,0,63,0,63
Punjab,2010,Kidnapping And Abduction,0,0,0,157,18,175,87,15,102,14,2,16,258,35,293
Punjab,2010,Dacoity,0,0,0,215,0,215,74,0,74,6,0,6,295,0,295
Punjab,2010,Prep. And Assembly For Dacoity,0,0,0,183,0,183,92,0,92,6,0,6,281,0,281
Punjab,2010,Robbery,0,0,0,226,0,226,85,0,85,2,0,2,313,0,313
Punjab,2010,Burglary,0,0,0,75,0,75,88,0,88,13,0,13,176,0,176
Punjab,2010,Thefts,0,0,0,522,33,555,245,19,264,20,2,22,787,54,841
Punjab,2010,Extortion,0,0,0,57,0,57,0,0,0,0,0,0,57,0,57
Punjab,2010,Riots,0,0,0,64,0,64,16,0,16,0,0,0,80,0,80
Punjab,2010,Arson,0,0,0,58,0,58,0,0,0,0,0,0,58,0,58
Punjab,2010,Criminal Breach Of Trust,0,0,0,0,0,0,0,0,0,0,0,0,0,0,0
Punjab,2010,Cheating,0,0,0,60,2,62,250,13,263,18,0,18,328,15,343
Punjab,2010,Counter Feiting,0,0,0,0,0,0,60,0,60,2,0,2,62,0,62
Punjab,2010,Dowry Deaths,0,0,0,80,20,100,91,9,100,9,0,9,180,29,209
Punjab,2010,Molestation,0,0,0,0,0,0,0,0,0,0,0,0,0,0,0
Punjab,2010,Eve-Teasing,0,0,0,0,0,0,0,0,0,0,0,0,0,0,0
Punjab,2010,Cruelty By Husband Or Relative Of Husband,0,0,0,97,0,97,32,0,32,1,0,1,130,0,130
Punjab,2010,Other Ipc Crimes,0,0,0,519,21,540,114,4,118,7,5,12,640,30,670
Punjab,2011,Murder,0,0,0,618,60,678,735,30,765,50,2,52,1403,92,1495
Punjab,2011,Attempt To Commit Murder,0,0,0,505,25,530,380,20,400,50,2,52,935,47,982
Punjab,2011,C.H. Not Amounting To Murder,0,0,0,45,24,69,395,10,405,42,5,47,482,39,521
Punjab,2011,Rape,0,0,0,82,0,82,0,0,0,0,0,0,82,0,82
Punjab,2011,Kidnapping And Abduction,0,0,0,160,18,178,89,20,109,15,5,20,264,43,307
Punjab,2011,Dacoity,0,0,0,315,0,315,75,0,75,10,0,10,400,0,400
Punjab,2011,Prep. And Assembly For Dacoity,0,0,0,185,0,185,95,0,95,10,0,10,290,0,290
Punjab,2011,Robbery,0,0,0,228,0,228,87,0,87,5,0,5,320,0,320
Punjab,2011,Burglary,0,0,0,40,0,40,247,0,247,15,0,15,302,0,302
Punjab,2011,Thefts,0,0,0,500,35,535,0,13,13,25,0,25,525,48,573
Punjab,2011,Extortion,0,0,0,60,0,60,16,0,16,0,0,0,76,0,76
Punjab,2011,Riots,0,0,0,65,0,65,0,0,0,0,0,0,65,0,65
Punjab,2011,Arson,0,0,0,60,0,60,0,0,0,0,0,0,60,0,60
Punjab,2011,Criminal Breach Of Trust,0,0,0,0,0,0,0,0,0,0,0,0,0,0,0
Punjab,2011,Cheating,0,0,0,0,5,5,300,10,310,0,2,2,300,17,317
Punjab,2011,Counter Feiting,0,0,0,80,0,80,65,0,65,4,0,4,149,0,149
Punjab,2011,Dowry Deaths,0,0,0,0,30,30,95,10,105,10,2,12,105,42,147
Punjab,2011,Molestation,0,0,0,0,0,0,0,0,0,0,0,0,0,0,0
Punjab,2011,Eve-Teasing,0,0,0,0,0,0,0,0,0,0,0,0,0,0,0
Punjab,2011,Cruelty By Husband Or Relative Of Husband,0,0,0,90,25,115,47,0,47,35,0,35,172,25,197
Punjab,2011,Other Ipc Crimes,0,0,0,650,21,671,104,5,109,65,1,66,819,27,846
Punjab,2012,Murder,0,0,0,681,42,723,657,38,695,315,31,346,1653,111,1764
Punjab,2012,Attempt To Commit Murder,0,0,0,462,18,480,336,19,355,191,13,204,989,50,1039
Punjab,2012,C.H. Not Amounting To Murder,0,0,0,153,7,160,172,7,179,86,11,97,411,25,436
Punjab,2012,Rape,0,0,0,413,22,435,189,18,207,71,0,71,673,40,713
Punjab,2012,Kidnapping And Abduction,0,0,0,296,17,313,191,16,207,76,8,84,563,41,604
Punjab,2012,Dacoity,0,0,0,195,1,196,174,1,175,86,2,88,455,4,459
Punjab,2012,Prep. And Assembly For Dacoity,0,0,0,171,2,173,102,1,103,24,0,24,297,3,300
Punjab,2012,Robbery,0,0,0,74,0,74,94,0,94,23,0,23,191,0,191
Punjab,2012,Burglary,0,0,0,247,8,255,204,7,211,93,7,100,544,22,566
Punjab,2012,Thefts,0,0,0,311,12,323,246,11,257,74,17,91,631,40,671
Punjab,2012,Extortion,0,0,0,49,2,51,98,1,99,27,0,27,174,3,177
Punjab,2012,Riots,0,0,0,10,3,13,16,2,18,4,0,4,30,5,35
Punjab,2012,Arson,0,0,0,95,0,95,58,8,66,15,0,15,168,8,176
Punjab,2012,Criminal Breach Of Trust,0,0,0,38,0,38,63,0,63,17,0,17,118,0,118
Punjab,2012,Cheating,0,0,0,117,10,127,199,10,209,77,2,79,393,22,415
Punjab,2012,Counter Feiting,0,0,0,97,5,102,147,6,153,56,2,58,300,13,313
Punjab,2012,Dowry Deaths,0,0,0,161,22,183,233,42,275,132,18,150,526,82,608
Punjab,2012,Molestation,0,0,0,24,0,24,19,0,19,6,0,6,49,0,49
Punjab,2012,Eve-Teasing,0,0,0,12,0,12,8,0,8,5,0,5,25,0,25
Punjab,2012,Cruelty By Husband Or Relative Of Husband,0,0,0,31,0,31,57,14,71,42,4,46,130,18,148
Punjab,2012,Other Ipc Crimes,0,0,0,80,0,80,37,24,61,62,1,63,179,25,204
Rajasthan,2001,Murder,19,0,19,1094,18,1112,1129,46,1175,281,5,286,2523,69,2592
Rajasthan,2001,Attempt To Commit Murder,10,0,10,471,2,473,319,19,338,98,0,98,898,21,919
Rajasthan,2001,C.H. Not Amounting To Murder,1,0,1,124,3,127,118,15,133,31,2,33,274,20,294
Rajasthan,2001,Rape,16,0,16,396,0,396,189,4,193,13,0,13,614,4,618
Rajasthan,2001,Kidnapping And Abduction,0,0,0,59,2,61,47,1,48,1,0,1,107,3,110
Rajasthan,2001,Dacoity,8,0,8,223,0,223,121,0,121,4,0,4,356,0,356
Rajasthan,2001,Prep. And Assembly For Dacoity,0,0,0,22,0,22,8,0,8,0,0,0,30,0,30
Rajasthan,2001,Robbery,0,0,0,71,0,71,46,0,46,1,0,1,118,0,118
Rajasthan,2001,Burglary,0,0,0,46,0,46,18,3,21,0,0,0,64,3,67
Rajasthan,2001,Thefts,16,0,16,415,0,415,222,2,224,34,0,34,687,2,689
Rajasthan,2001,Extortion,0,0,0,25,0,25,24,0,24,0,0,0,49,0,49
Rajasthan,2001,Riots,2,0,2,118,0,118,58,0,58,9,0,9,187,0,187
Rajasthan,2001,Arson,0,0,0,14,0,14,13,0,13,2,0,2,29,0,29
Rajasthan,2001,Criminal Breach Of Trust,1,0,1,34,0,34,23,0,23,0,0,0,58,0,58
Rajasthan,2001,Cheating,2,0,2,45,1,46,53,0,53,8,0,8,108,1,109
Rajasthan,2001,Counter Feiting,0,0,0,1,0,1,8,1,9,0,0,0,9,1,10
Rajasthan,2001,Dowry Deaths,0,0,0,113,3,116,137,47,184,37,14,51,287,64,351
Rajasthan,2001,Molestation,0,0,0,5,0,5,4,0,4,0,0,0,9,0,9
Rajasthan,2001,Eve-Teasing,0,0,0,4,0,4,0,0,0,0,0,0,4,0,4
Rajasthan,2001,Cruelty By Husband Or Relative Of Husband,0,0,0,68,0,68,58,5,63,22,2,24,148,7,155
Rajasthan,2001,Other Ipc Crimes,5,0,5,32,1,33,33,0,33,25,0,25,95,1,96
Rajasthan,2002,Murder,5,0,5,1016,37,1053,695,37,732,207,6,213,1923,80,2003
Rajasthan,2002,Attempt To Commit Murder,0,0,0,368,1,369,284,3,287,53,0,53,705,4,709
Rajasthan,2002,C.H. Not Amounting To Murder,0,0,0,96,7,103,51,1,52,11,1,12,158,9,167
Rajasthan,2002,Rape,1,0,1,361,4,365,155,1,156,10,0,10,527,5,532
Rajasthan,2002,Kidnapping And Abduction,0,0,0,54,2,56,48,1,49,1,0,1,103,3,106
Rajasthan,2002,Dacoity,0,0,0,155,2,157,117,1,118,11,0,11,283,3,286
Rajasthan,2002,Prep. And Assembly For Dacoity,0,0,0,32,0,32,5,0,5,0,0,0,37,0,37
Rajasthan,2002,Robbery,0,0,0,66,0,66,53,0,53,1,0,1,120,0,120
Rajasthan,2002,Burglary,0,0,0,67,1,68,25,1,26,1,0,1,93,2,95
Rajasthan,2002,Thefts,7,0,7,450,4,454,246,0,246,31,0,31,734,4,738
Rajasthan,2002,Extortion,0,0,0,5,0,5,0,0,0,0,0,0,5,0,5
Rajasthan,2002,Riots,0,0,0,46,0,46,44,0,44,9,0,9,99,0,99
Rajasthan,2002,Arson,0,0,0,3,0,3,2,0,2,0,0,0,5,0,5
Rajasthan,2002,Criminal Breach Of Trust,0,0,0,7,1,8,12,0,12,7,0,7,26,1,27
Rajasthan,2002,Cheating,0,0,0,46,2,48,41,4,45,16,1,17,103,7,110
Rajasthan,2002,Counter Feiting,0,0,0,18,0,18,20,0,20,0,0,0,38,0,38
Rajasthan,2002,Dowry Deaths,0,0,0,114,12,126,68,13,81,37,11,48,219,36,255
Rajasthan,2002,Molestation,0,0,0,5,0,5,0,0,0,0,0,0,5,0,5
Rajasthan,2002,Eve-Teasing,0,0,0,0,0,0,4,0,4,1,0,1,5,0,5
Rajasthan,2002,Cruelty By Husband Or Relative Of Husband,0,0,0,23,3,26,23,5,28,10,0,10,56,8,64
Rajasthan,2002,Other Ipc Crimes,3,0,3,230,4,234,256,1,257,88,1,89,577,6,583
Rajasthan,2003,Murder,0,0,0,911,39,950,653,46,699,205,8,213,1769,93,1862
Rajasthan,2003,Attempt To Commit Murder,0,0,0,255,5,260,208,7,215,44,0,44,507,12,519
Rajasthan,2003,C.H. Not Amounting To Murder,0,0,0,81,0,81,58,5,63,16,0,16,155,5,160
Rajasthan,2003,Rape,0,0,0,322,0,322,142,2,144,14,1,15,478,3,481
Rajasthan,2003,Kidnapping And Abduction,0,0,0,71,4,75,81,4,85,5,1,6,157,9,166
Rajasthan,2003,Dacoity,0,0,0,128,0,128,84,1,85,6,0,6,218,1,219
Rajasthan,2003,Prep. And Assembly For Dacoity,0,0,0,28,0,28,32,0,32,2,0,2,62,0,62
Rajasthan,2003,Robbery,0,0,0,86,0,86,80,0,80,5,0,5,171,0,171
Rajasthan,2003,Burglary,0,0,0,74,0,74,97,0,97,0,0,0,171,0,171
Rajasthan,2003,Thefts,0,0,0,382,3,385,225,1,226,49,0,49,656,4,660
Rajasthan,2003,Extortion,0,0,0,12,2,14,11,0,11,10,0,10,33,2,35
Rajasthan,2003,Riots,0,0,0,61,0,61,16,0,16,11,0,11,88,0,88
Rajasthan,2003,Arson,0,0,0,5,0,5,0,0,0,0,0,0,5,0,5
Rajasthan,2003,Criminal Breach Of Trust,0,0,0,6,1,7,5,0,5,0,0,0,11,1,12
Rajasthan,2003,Cheating,0,0,0,46,0,46,46,2,48,14,0,14,106,2,108
Rajasthan,2003,Counter Feiting,0,0,0,10,0,10,9,0,9,1,0,1,20,0,20
Rajasthan,2003,Dowry Deaths,0,0,0,47,10,57,42,15,57,32,14,46,121,39,160
Rajasthan,2003,Molestation,0,0,0,2,0,2,8,0,8,0,0,0,10,0,10
Rajasthan,2003,Eve-Teasing,0,0,0,2,0,2,1,0,1,0,0,0,3,0,3
Rajasthan,2003,Cruelty By Husband Or Relative Of Husband,0,0,0,26,2,28,40,6,46,7,0,7,73,8,81
Rajasthan,2003,Other Ipc Crimes,0,0,0,223,6,229,242,4,246,81,2,83,546,12,558
Rajasthan,2004,Murder,0,0,0,689,29,718,658,38,696,208,14,222,1555,81,1636
Rajasthan,2004,Attempt To Commit Murder,0,0,0,306,3,309,189,13,202,50,0,50,545,16,561
Rajasthan,2004,C.H. Not Amounting To Murder,0,0,0,133,5,138,108,5,113,24,4,28,265,14,279
Rajasthan,2004,Rape,0,0,0,307,6,313,172,0,172,19,0,19,498,6,504
Rajasthan,2004,Kidnapping And Abduction,0,0,0,116,3,119,68,2,70,12,0,12,196,5,201
Rajasthan,2004,Dacoity,0,0,0,140,3,143,130,1,131,21,0,21,291,4,295
Rajasthan,2004,Prep. And Assembly For Dacoity,0,0,0,14,0,14,27,0,27,3,0,3,44,0,44
Rajasthan,2004,Robbery,0,0,0,107,1,108,111,1,112,18,0,18,236,2,238
Rajasthan,2004,Burglary,0,0,0,62,2,64,32,1,33,4,0,4,98,3,101
Rajasthan,2004,Thefts,0,0,0,556,7,563,281,4,285,48,1,49,885,12,897
Rajasthan,2004,Extortion,0,0,0,7,2,9,27,1,28,3,1,4,37,4,41
Rajasthan,2004,Riots,0,0,0,66,0,66,64,0,64,18,0,18,148,0,148
Rajasthan,2004,Arson,0,0,0,4,0,4,3,0,3,0,0,0,7,0,7
Rajasthan,2004,Criminal Breach Of Trust,0,0,0,4,0,4,10,1,11,2,0,2,16,1,17
Rajasthan,2004,Cheating,0,0,0,53,2,55,66,3,69,15,0,15,134,5,139
Rajasthan,2004,Counter Feiting,0,0,0,1,1,2,2,0,2,0,0,0,3,1,4
Rajasthan,2004,Dowry Deaths,0,0,0,91,14,105,93,24,117,30,4,34,214,42,256
Rajasthan,2004,Molestation,0,0,0,4,1,5,2,1,3,0,0,0,6,2,8
Rajasthan,2004,Eve-Teasing,0,0,0,4,1,5,2,1,3,0,0,0,6,2,8
Rajasthan,2004,Cruelty By Husband Or Relative Of Husband,0,0,0,30,2,32,37,4,41,5,1,6,72,7,79
Rajasthan,2004,Other Ipc Crimes,0,0,0,178,1,179,158,3,161,46,0,46,382,4,386
Rajasthan,2005,Murder,0,0,0,777,27,804,601,52,653,192,10,202,1570,89,1659
Rajasthan,2005,Attempt To Commit Murder,0,0,0,309,4,313,208,3,211,61,0,61,578,7,585
Rajasthan,2005,C.H. Not Amounting To Murder,0,0,0,85,5,90,55,5,60,25,1,26,165,11,176
Rajasthan,2005,Rape,0,0,0,309,2,311,152,3,155,17,0,17,478,5,483
Rajasthan,2005,Kidnapping And Abduction,0,0,0,82,2,84,39,0,39,10,0,10,131,2,133
Rajasthan,2005,Dacoity,0,0,0,111,1,112,76,0,76,6,0,6,193,1,194
Rajasthan,2005,Prep. And Assembly For Dacoity,0,0,0,68,0,68,29,0,29,5,0,5,102,0,102
Rajasthan,2005,Robbery,0,0,0,114,1,115,62,0,62,7,0,7,183,1,184
Rajasthan,2005,Burglary,0,0,0,108,0,108,49,2,51,5,0,5,162,2,164
Rajasthan,2005,Thefts,0,0,0,576,5,581,340,3,343,63,0,63,979,8,987
Rajasthan,2005,Extortion,0,0,0,2,0,2,4,0,4,0,0,0,6,0,6
Rajasthan,2005,Riots,0,0,0,52,0,52,25,0,25,3,0,3,80,0,80
Rajasthan,2005,Arson,0,0,0,6,0,6,2,0,2,12,0,12,20,0,20
Rajasthan,2005,Criminal Breach Of Trust,0,0,0,8,2,10,7,0,7,2,0,2,17,2,19
Rajasthan,2005,Cheating,0,0,0,73,0,73,58,0,58,22,0,22,153,0,153
Rajasthan,2005,Counter Feiting,0,0,0,19,0,19,7,0,7,0,0,0,26,0,26
Rajasthan,2005,Dowry Deaths,0,0,0,111,20,131,61,27,88,19,6,25,191,53,244
Rajasthan,2005,Molestation,0,0,0,4,0,4,2,0,2,2,0,2,8,0,8
Rajasthan,2005,Eve-Teasing,0,0,0,1,0,1,0,0,0,0,0,0,1,0,1
Rajasthan,2005,Cruelty By Husband Or Relative Of Husband,0,0,0,56,4,60,46,2,48,21,2,23,123,8,131
Rajasthan,2005,Other Ipc Crimes,0,0,0,233,2,235,94,7,101,22,0,22,349,9,358
Rajasthan,2006,Murder,0,0,0,739,41,780,609,36,645,132,5,137,1480,82,1562
Rajasthan,2006,Attempt To Commit Murder,0,0,0,319,9,328,218,6,224,40,0,40,577,15,592
Rajasthan,2006,C.H. Not Amounting To Murder,0,0,0,56,2,58,73,2,75,11,1,12,140,5,145
Rajasthan,2006,Rape,0,0,0,283,9,292,196,4,200,14,0,14,493,13,506
Rajasthan,2006,Kidnapping And Abduction,0,0,0,98,4,102,57,3,60,5,0,5,160,7,167
Rajasthan,2006,Dacoity,0,0,0,181,0,181,118,0,118,19,0,19,318,0,318
Rajasthan,2006,Prep. And Assembly For Dacoity,0,0,0,34,2,36,15,0,15,0,0,0,49,2,51
Rajasthan,2006,Robbery,0,0,0,84,0,84,72,0,72,9,0,9,165,0,165
Rajasthan,2006,Burglary,0,0,0,61,0,61,34,2,36,1,0,1,96,2,98
Rajasthan,2006,Thefts,0,0,0,874,7,881,414,4,418,80,1,81,1368,12,1380
Rajasthan,2006,Extortion,0,0,0,9,0,9,4,0,4,0,0,0,13,0,13
Rajasthan,2006,Riots,0,0,0,57,0,57,41,0,41,12,0,12,110,0,110
Rajasthan,2006,Arson,0,0,0,7,0,7,11,0,11,0,0,0,18,0,18
Rajasthan,2006,Criminal Breach Of Trust,0,0,0,6,0,6,7,0,7,3,0,3,16,0,16
Rajasthan,2006,Cheating,0,0,0,99,2,101,100,3,103,9,0,9,208,5,213
Rajasthan,2006,Counter Feiting,0,0,0,21,0,21,8,0,8,0,0,0,29,0,29
Rajasthan,2006,Dowry Deaths,0,0,0,125,9,134,70,26,96,12,11,23,207,46,253
Rajasthan,2006,Molestation,0,0,0,9,0,9,1,0,1,0,0,0,10,0,10
Rajasthan,2006,Eve-Teasing,0,0,0,1,0,1,0,0,0,0,0,0,1,0,1
Rajasthan,2006,Cruelty By Husband Or Relative Of Husband,0,0,0,33,2,35,21,2,23,8,1,9,62,5,67
Rajasthan,2006,Other Ipc Crimes,0,0,0,207,14,221,159,13,172,24,0,24,390,27,417
Rajasthan,2007,Murder,8,0,8,822,52,874,621,48,669,145,3,148,1596,103,1699
Rajasthan,2007,Attempt To Commit Murder,0,0,0,359,11,370,244,9,253,68,5,73,671,25,696
Rajasthan,2007,C.H. Not Amounting To Murder,0,0,0,111,3,114,65,4,69,24,0,24,200,7,207
Rajasthan,2007,Rape,0,0,0,415,10,425,163,1,164,16,0,16,594,11,605
Rajasthan,2007,Kidnapping And Abduction,0,0,0,107,3,110,57,3,60,6,1,7,170,7,177
Rajasthan,2007,Dacoity,0,0,0,157,2,159,95,2,97,20,0,20,272,4,276
Rajasthan,2007,Prep. And Assembly For Dacoity,0,0,0,50,0,50,28,0,28,3,0,3,81,0,81
Rajasthan,2007,Robbery,0,0,0,195,7,202,68,0,68,7,0,7,270,7,277
Rajasthan,2007,Burglary,0,0,0,56,1,57,22,1,23,4,0,4,82,2,84
Rajasthan,2007,Thefts,0,0,0,832,13,845,359,4,363,59,1,60,1250,18,1268
Rajasthan,2007,Extortion,0,0,0,16,0,16,11,0,11,0,0,0,27,0,27
Rajasthan,2007,Riots,0,0,0,98,2,100,51,1,52,8,0,8,157,3,160
Rajasthan,2007,Arson,0,0,0,17,0,17,12,0,12,3,0,3,32,0,32
Rajasthan,2007,Criminal Breach Of Trust,0,0,0,42,1,43,42,1,43,21,0,21,105,2,107
Rajasthan,2007,Cheating,0,0,0,137,3,140,89,5,94,14,2,16,240,10,250
Rajasthan,2007,Counter Feiting,0,0,0,7,0,7,2,0,2,4,0,4,13,0,13
Rajasthan,2007,Dowry Deaths,0,0,0,116,28,144,67,30,97,12,11,23,195,69,264
Rajasthan,2007,Molestation,0,0,0,21,0,21,2,0,2,0,0,0,23,0,23
Rajasthan,2007,Eve-Teasing,0,0,0,6,0,6,0,0,0,0,0,0,6,0,6
Rajasthan,2007,Cruelty By Husband Or Relative Of Husband,0,0,0,46,2,48,24,2,26,5,1,6,75,5,80
Rajasthan,2007,Other Ipc Crimes,0,0,0,227,7,234,145,23,168,29,5,34,401,35,436
Rajasthan,2008,Murder,0,0,0,765,42,807,633,63,696,180,11,191,1578,116,1694
Rajasthan,2008,Attempt To Commit Murder,0,0,0,399,8,407,273,18,291,73,0,73,745,26,771
Rajasthan,2008,C.H. Not Amounting To Murder,0,0,0,86,4,90,92,9,101,19,2,21,197,15,212
Rajasthan,2008,Rape,0,0,0,441,0,441,204,9,213,25,0,25,670,9,679
Rajasthan,2008,Kidnapping And Abduction,0,0,0,151,0,151,110,4,114,24,0,24,285,4,289
Rajasthan,2008,Dacoity,0,0,0,198,0,198,94,1,95,15,0,15,307,1,308
Rajasthan,2008,Prep. And Assembly For Dacoity,0,0,0,36,0,36,45,0,45,6,0,6,87,0,87
Rajasthan,2008,Robbery,0,0,0,116,0,116,68,0,68,12,4,16,196,4,200
Rajasthan,2008,Burglary,0,0,0,58,0,58,46,4,50,16,0,16,120,4,124
Rajasthan,2008,Thefts,0,0,0,786,7,793,357,11,368,60,1,61,1203,19,1222
Rajasthan,2008,Extortion,0,0,0,50,1,51,20,0,20,0,2,2,70,3,73
Rajasthan,2008,Riots,0,0,0,39,3,42,46,2,48,12,0,12,97,5,102
Rajasthan,2008,Arson,0,0,0,12,0,12,4,0,4,2,0,2,18,0,18
Rajasthan,2008,Criminal Breach Of Trust,0,0,0,27,0,27,19,0,19,6,0,6,52,0,52
Rajasthan,2008,Cheating,0,0,0,122,3,125,147,2,149,26,0,26,295,5,300
Rajasthan,2008,Counter Feiting,0,0,0,9,0,9,7,0,7,3,0,3,19,0,19
Rajasthan,2008,Dowry Deaths,0,0,0,190,12,202,101,29,130,32,20,52,323,61,384
Rajasthan,2008,Molestation,0,0,0,25,0,25,1,0,1,0,0,0,26,0,26
Rajasthan,2008,Eve-Teasing,0,0,0,13,0,13,9,0,9,3,0,3,25,0,25
Rajasthan,2008,Cruelty By Husband Or Relative Of Husband,0,0,0,34,7,41,20,3,23,7,0,7,61,10,71
Rajasthan,2008,Other Ipc Crimes,0,0,0,258,5,263,182,11,193,43,0,43,483,16,499
Rajasthan,2009,Murder,0,0,0,1065,53,1118,844,88,932,164,13,177,2073,154,2227
Rajasthan,2009,Attempt To Commit Murder,0,0,0,574,20,594,404,14,418,95,1,96,1073,35,1108
Rajasthan,2009,C.H. Not Amounting To Murder,0,0,0,100,3,103,167,10,177,43,3,46,310,16,326
Rajasthan,2009,Rape,0,0,0,462,6,468,326,10,336,55,0,55,843,16,859
Rajasthan,2009,Kidnapping And Abduction,0,0,0,177,7,184,101,7,108,9,0,9,287,14,301
Rajasthan,2009,Dacoity,0,0,0,223,2,225,152,1,153,25,0,25,400,3,403
Rajasthan,2009,Prep. And Assembly For Dacoity,0,0,0,79,0,79,31,0,31,3,0,3,113,0,113
Rajasthan,2009,Robbery,0,0,0,133,0,133,104,1,105,12,0,12,249,1,250
Rajasthan,2009,Burglary,0,0,0,113,2,115,74,1,75,18,0,18,205,3,208
Rajasthan,2009,Thefts,0,0,0,929,10,939,454,11,465,67,0,67,1450,21,1471
Rajasthan,2009,Extortion,0,0,0,21,0,21,3,0,3,0,0,0,24,0,24
Rajasthan,2009,Riots,0,0,0,57,0,57,67,1,68,22,0,22,146,1,147
Rajasthan,2009,Arson,0,0,0,4,0,4,7,0,7,0,0,0,11,0,11
Rajasthan,2009,Criminal Breach Of Trust,0,0,0,31,0,31,11,1,12,0,0,0,42,1,43
Rajasthan,2009,Cheating,0,0,0,185,3,188,174,12,186,40,1,41,399,16,415
Rajasthan,2009,Counter Feiting,0,0,0,12,0,12,10,0,10,6,0,6,28,0,28
Rajasthan,2009,Dowry Deaths,0,0,0,155,4,159,140,21,161,28,14,42,323,39,362
Rajasthan,2009,Molestation,0,0,0,11,0,11,3,0,3,0,0,0,14,0,14
Rajasthan,2009,Eve-Teasing,0,0,0,15,0,15,3,0,3,0,0,0,18,0,18
Rajasthan,2009,Cruelty By Husband Or Relative Of Husband,0,0,0,63,4,67,55,6,61,11,4,15,129,14,143
Rajasthan,2009,Other Ipc Crimes,0,0,0,369,3,372,228,2,230,46,2,48,643,7,650
Rajasthan,2010,Murder,0,0,0,1077,37,1114,856,95,951,258,22,280,2191,154,2345
Rajasthan,2010,Attempt To Commit Murder,0,0,0,405,8,413,315,8,323,72,2,74,792,18,810
Rajasthan,2010,C.H. Not Amounting To Murder,0,0,0,171,3,174,109,7,116,25,3,28,305,13,318
Rajasthan,2010,Rape,0,0,0,588,6,594,307,9,316,44,2,46,939,17,956
Rajasthan,2010,Kidnapping And Abduction,0,0,0,167,3,170,95,4,99,21,0,21,283,7,290
Rajasthan,2010,Dacoity,0,0,0,189,0,189,132,4,136,20,0,20,341,4,345
Rajasthan,2010,Prep. And Assembly For Dacoity,0,0,0,70,0,70,60,0,60,4,0,4,134,0,134
Rajasthan,2010,Robbery,0,0,0,193,0,193,125,0,125,22,0,22,340,0,340
Rajasthan,2010,Burglary,0,0,0,117,1,118,103,3,106,8,0,8,228,4,232
Rajasthan,2010,Thefts,0,0,0,636,7,643,368,3,371,53,1,54,1057,11,1068
Rajasthan,2010,Extortion,0,0,0,8,0,8,2,0,2,2,0,2,12,0,12
Rajasthan,2010,Riots,0,0,0,61,0,61,37,0,37,3,0,3,101,0,101
Rajasthan,2010,Arson,0,0,0,15,0,15,6,0,6,0,0,0,21,0,21
Rajasthan,2010,Criminal Breach Of Trust,0,0,0,22,1,23,26,0,26,2,0,2,50,1,51
Rajasthan,2010,Cheating,0,0,0,171,9,180,176,10,186,53,0,53,400,19,419
Rajasthan,2010,Counter Feiting,0,0,0,10,0,10,38,0,38,3,0,3,51,0,51
Rajasthan,2010,Dowry Deaths,0,0,0,191,11,202,116,53,169,40,13,53,347,77,424
Rajasthan,2010,Molestation,0,0,0,14,0,14,6,0,6,2,0,2,22,0,22
Rajasthan,2010,Eve-Teasing,0,0,0,13,0,13,6,0,6,0,0,0,19,0,19
Rajasthan,2010,Cruelty By Husband Or Relative Of Husband,0,0,0,59,2,61,67,8,75,11,1,12,137,11,148
Rajasthan,2010,Other Ipc Crimes,0,0,0,369,3,372,260,10,270,54,0,54,683,13,696
Rajasthan,2011,Murder,0,0,0,1041,63,1104,993,84,1077,268,21,289,2302,168,2470
Rajasthan,2011,Attempt To Commit Murder,0,0,0,441,9,450,355,18,373,55,4,59,851,31,882
Rajasthan,2011,C.H. Not Amounting To Murder,0,0,0,187,2,189,137,6,143,25,3,28,349,11,360
Rajasthan,2011,Rape,0,0,0,672,3,675,372,12,384,21,0,21,1065,15,1080
Rajasthan,2011,Kidnapping And Abduction,0,0,0,140,2,142,94,6,100,23,0,23,257,8,265
Rajasthan,2011,Dacoity,0,0,0,207,0,207,101,0,101,19,0,19,327,0,327
Rajasthan,2011,Prep. And Assembly For Dacoity,0,0,0,111,2,113,64,0,64,9,0,9,184,2,186
Rajasthan,2011,Robbery,0,0,0,234,0,234,185,2,187,27,0,27,446,2,448
Rajasthan,2011,Burglary,0,0,0,144,2,146,83,0,83,17,2,19,244,4,248
Rajasthan,2011,Thefts,0,0,0,757,9,766,458,6,464,94,0,94,1309,15,1324
Rajasthan,2011,Extortion,0,0,0,14,0,14,9,0,9,6,0,6,29,0,29
Rajasthan,2011,Riots,0,0,0,28,0,28,15,0,15,2,0,2,45,0,45
Rajasthan,2011,Arson,0,0,0,20,0,20,17,0,17,5,0,5,42,0,42
Rajasthan,2011,Criminal Breach Of Trust,0,0,0,48,4,52,44,1,45,1,0,1,93,5,98
Rajasthan,2011,Cheating,0,0,0,196,5,201,209,11,220,42,2,44,447,18,465
Rajasthan,2011,Counter Feiting,0,0,0,14,0,14,5,1,6,8,0,8,27,1,28
Rajasthan,2011,Dowry Deaths,0,0,0,198,13,211,114,35,149,48,18,66,360,66,426
Rajasthan,2011,Molestation,0,0,0,13,0,13,16,0,16,0,0,0,29,0,29
Rajasthan,2011,Eve-Teasing,0,0,0,13,0,13,5,0,5,0,0,0,18,0,18
Rajasthan,2011,Cruelty By Husband Or Relative Of Husband,0,0,0,38,0,38,26,0,26,5,0,5,69,0,69
Rajasthan,2011,Other Ipc Crimes,0,0,0,295,14,309,253,5,258,65,0,65,613,19,632
Rajasthan,2012,Murder,0,0,0,1059,46,1105,1000,91,1091,387,48,435,2446,185,2631
Rajasthan,2012,Attempt To Commit Murder,0,0,0,567,5,572,395,17,412,132,2,134,1094,24,1118
Rajasthan,2012,C.H. Not Amounting To Murder,0,0,0,95,3,98,78,1,79,35,2,37,208,6,214
Rajasthan,2012,Rape,0,0,0,706,3,709,437,17,454,108,2,110,1251,22,1273
Rajasthan,2012,Kidnapping And Abduction,0,0,0,158,7,165,143,7,150,45,1,46,346,15,361
Rajasthan,2012,Dacoity,0,0,0,239,0,239,148,1,149,43,0,43,430,1,431
Rajasthan,2012,Prep. And Assembly For Dacoity,0,0,0,100,0,100,83,0,83,33,0,33,216,0,216
Rajasthan,2012,Robbery,0,0,0,149,0,149,134,1,135,43,1,44,326,2,328
Rajasthan,2012,Burglary,0,0,0,260,7,267,146,0,146,32,0,32,438,7,445
Rajasthan,2012,Thefts,0,0,0,739,11,750,520,9,529,126,2,128,1385,22,1407
Rajasthan,2012,Extortion,0,0,0,15,2,17,10,0,10,11,0,11,36,2,38
Rajasthan,2012,Riots,0,0,0,42,0,42,73,0,73,5,0,5,120,0,120
Rajasthan,2012,Arson,0,0,0,33,0,33,10,0,10,9,0,9,52,0,52
Rajasthan,2012,Criminal Breach Of Trust,0,0,0,24,1,25,25,0,25,2,0,2,51,1,52
Rajasthan,2012,Cheating,0,0,0,201,14,215,237,13,250,59,5,64,497,32,529
Rajasthan,2012,Counter Feiting,0,0,0,10,0,10,31,0,31,7,0,7,48,0,48
Rajasthan,2012,Dowry Deaths,0,0,0,198,25,223,156,18,174,51,10,61,405,53,458
Rajasthan,2012,Molestation,0,0,0,10,0,10,15,0,15,9,0,9,34,0,34
Rajasthan,2012,Eve-Teasing,0,0,0,13,0,13,2,3,5,7,4,11,22,7,29
Rajasthan,2012,Cruelty By Husband Or Relative Of Husband,0,0,0,59,0,59,37,6,43,9,1,10,105,7,112
Rajasthan,2012,Other Ipc Crimes,0,0,0,212,13,225,125,7,132,112,2,114,449,22,471
Sikkim,2001,Murder,0,0,0,15,0,15,12,0,12,9,0,9,36,0,36
Sikkim,2001,Attempt To Commit Murder,0,0,0,2,0,2,4,0,4,0,0,0,6,0,6
Sikkim,2001,C.H. Not Amounting To Murder,0,0,0,0,0,0,0,0,0,0,0,0,0,0,0
Sikkim,2001,Rape,0,0,0,0,0,0,0,0,0,0,0,0,0,0,0
Sikkim,2001,Kidnapping And Abduction,0,0,0,4,0,4,2,0,2,0,0,0,6,0,6
Sikkim,2001,Dacoity,0,0,0,0,0,0,1,0,1,0,0,0,1,0,1
Sikkim,2001,Prep. And Assembly For Dacoity,0,0,0,0,0,0,0,0,0,0,0,0,0,0,0
Sikkim,2001,Robbery,0,0,0,0,0,0,0,0,0,0,0,0,0,0,0
Sikkim,2001,Burglary,0,0,0,7,0,7,4,0,4,1,0,1,12,0,12
Sikkim,2001,Thefts,0,0,0,0,0,0,0,0,0,0,0,0,0,0,0
Sikkim,2001,Extortion,0,0,0,16,0,16,5,0,5,0,0,0,21,0,21
Sikkim,2001,Riots,0,0,0,0,0,0,0,0,0,0,0,0,0,0,0
Sikkim,2001,Arson,0,0,0,0,0,0,0,0,0,0,0,0,0,0,0
Sikkim,2001,Criminal Breach Of Trust,0,0,0,0,0,0,0,0,0,0,0,0,0,0,0
Sikkim,2001,Cheating,0,0,0,0,0,0,3,0,3,0,0,0,3,0,3
Sikkim,2001,Counter Feiting,0,0,0,0,0,0,0,0,0,0,0,0,0,0,0
Sikkim,2001,Dowry Deaths,0,0,0,0,0,0,0,0,0,0,0,0,0,0,0
Sikkim,2001,Molestation,0,0,0,0,0,0,0,0,0,0,0,0,0,0,0
Sikkim,2001,Eve-Teasing,0,0,0,0,0,0,0,0,0,0,0,0,0,0,0
Sikkim,2001,Cruelty By Husband Or Relative Of Husband,0,0,0,0,0,0,0,0,0,0,0,0,0,0,0
Sikkim,2001,Other Ipc Crimes,0,0,0,6,0,6,3,0,3,2,0,2,11,0,11
Sikkim,2002,Murder,0,0,0,19,0,19,10,1,11,3,0,3,32,1,33
Sikkim,2002,Attempt To Commit Murder,0,0,0,3,0,3,0,0,0,0,0,0,3,0,3
Sikkim,2002,C.H. Not Amounting To Murder,0,0,0,0,0,0,0,0,0,0,0,0,0,0,0
Sikkim,2002,Rape,0,0,0,3,0,3,3,0,3,0,0,0,6,0,6
Sikkim,2002,Kidnapping And Abduction,0,0,0,0,0,0,3,0,3,0,0,0,3,0,3
Sikkim,2002,Dacoity,0,0,0,0,0,0,0,0,0,0,0,0,0,0,0
Sikkim,2002,Prep. And Assembly For Dacoity,0,0,0,0,0,0,0,0,0,0,0,0,0,0,0
Sikkim,2002,Robbery,0,0,0,0,0,0,0,0,0,0,0,0,0,0,0
Sikkim,2002,Burglary,0,0,0,0,0,0,0,0,0,0,0,0,0,0,0
Sikkim,2002,Thefts,0,0,0,10,0,10,2,0,2,0,0,0,12,0,12
Sikkim,2002,Extortion,0,0,0,0,0,0,0,0,0,0,0,0,0,0,0
Sikkim,2002,Riots,0,0,0,0,0,0,0,0,0,0,0,0,0,0,0
Sikkim,2002,Arson,0,0,0,0,0,0,0,0,0,0,0,0,0,0,0
Sikkim,2002,Criminal Breach Of Trust,0,0,0,0,0,0,0,0,0,0,0,0,0,0,0
Sikkim,2002,Cheating,0,0,0,0,0,0,5,1,6,2,0,2,7,1,8
Sikkim,2002,Counter Feiting,0,0,0,0,0,0,0,0,0,0,0,0,0,0,0
Sikkim,2002,Dowry Deaths,0,0,0,0,0,0,0,0,0,0,0,0,0,0,0
Sikkim,2002,Molestation,0,0,0,0,0,0,0,0,0,0,0,0,0,0,0
Sikkim,2002,Eve-Teasing,0,0,0,0,0,0,0,0,0,0,0,0,0,0,0
Sikkim,2002,Cruelty By Husband Or Relative Of Husband,0,0,0,0,0,0,0,0,0,0,0,0,0,0,0
Sikkim,2002,Other Ipc Crimes,0,0,0,2,0,2,12,0,12,7,0,7,21,0,21
Sikkim,2003,Murder,2,0,2,18,0,18,7,0,7,5,0,5,32,0,32
Sikkim,2003,Attempt To Commit Murder,0,0,0,6,0,6,5,0,5,0,0,0,11,0,11
Sikkim,2003,C.H. Not Amounting To Murder,0,0,0,0,0,0,0,0,0,0,0,0,0,0,0
Sikkim,2003,Rape,0,0,0,4,0,4,2,0,2,3,0,3,9,0,9
Sikkim,2003,Kidnapping And Abduction,0,0,0,0,0,0,0,0,0,0,0,0,0,0,0
Sikkim,2003,Dacoity,0,0,0,0,0,0,0,0,0,0,0,0,0,0,0
Sikkim,2003,Prep. And Assembly For Dacoity,0,0,0,0,0,0,0,0,0,0,0,0,0,0,0
Sikkim,2003,Robbery,0,0,0,0,0,0,0,0,0,0,0,0,0,0,0
Sikkim,2003,Burglary,0,0,0,7,0,7,0,0,0,0,0,0,7,0,7
Sikkim,2003,Thefts,7,0,7,3,0,3,3,0,3,0,0,0,13,0,13
Sikkim,2003,Extortion,0,0,0,0,0,0,0,0,0,0,0,0,0,0,0
Sikkim,2003,Riots,0,0,0,0,0,0,0,0,0,0,0,0,0,0,0
Sikkim,2003,Arson,0,0,0,0,0,0,0,0,0,0,0,0,0,0,0
Sikkim,2003,Criminal Breach Of Trust,0,0,0,0,0,0,0,0,0,0,0,0,0,0,0
Sikkim,2003,Cheating,0,0,0,0,0,0,0,0,0,0,0,0,0,0,0
Sikkim,2003,Counter Feiting,0,0,0,0,0,0,0,0,0,0,0,0,0,0,0
Sikkim,2003,Dowry Deaths,0,0,0,0,0,0,0,0,0,0,0,0,0,0,0
Sikkim,2003,Molestation,0,0,0,0,0,0,0,0,0,0,0,0,0,0,0
Sikkim,2003,Eve-Teasing,0,0,0,0,0,0,0,0,0,0,0,0,0,0,0
Sikkim,2003,Cruelty By Husband Or Relative Of Husband,0,0,0,0,0,0,0,0,0,0,0,0,0,0,0
Sikkim,2003,Other Ipc Crimes,0,0,0,3,0,3,6,0,6,4,0,4,13,0,13
Sikkim,2004,Murder,0,0,0,23,0,23,3,0,3,3,0,3,29,0,29
Sikkim,2004,Attempt To Commit Murder,0,0,0,4,0,4,3,0,3,0,0,0,7,0,7
Sikkim,2004,C.H. Not Amounting To Murder,0,0,0,2,0,2,0,0,0,0,0,0,2,0,2
Sikkim,2004,Rape,0,0,0,4,0,4,4,0,4,0,0,0,8,0,8
Sikkim,2004,Kidnapping And Abduction,0,0,0,0,0,0,0,0,0,0,0,0,0,0,0
Sikkim,2004,Dacoity,0,0,0,1,0,1,0,0,0,0,0,0,1,0,1
Sikkim,2004,Prep. And Assembly For Dacoity,0,0,0,0,0,0,0,0,0,0,0,0,0,0,0
Sikkim,2004,Robbery,0,0,0,0,0,0,0,0,0,0,0,0,0,0,0
Sikkim,2004,Burglary,0,0,0,3,0,3,0,0,0,0,0,0,3,0,3
Sikkim,2004,Thefts,0,0,0,23,0,23,4,0,4,2,0,2,29,0,29
Sikkim,2004,Extortion,0,0,0,0,0,0,0,0,0,0,0,0,0,0,0
Sikkim,2004,Riots,0,0,0,0,0,0,0,0,0,0,0,0,0,0,0
Sikkim,2004,Arson,0,0,0,0,0,0,0,0,0,0,0,0,0,0,0
Sikkim,2004,Criminal Breach Of Trust,0,0,0,0,0,0,0,0,0,0,0,0,0,0,0
Sikkim,2004,Cheating,0,0,0,0,0,0,0,0,0,0,0,0,0,0,0
Sikkim,2004,Counter Feiting,0,0,0,0,0,0,0,0,0,0,0,0,0,0,0
Sikkim,2004,Dowry Deaths,0,0,0,0,0,0,0,0,0,0,0,0,0,0,0
Sikkim,2004,Molestation,0,0,0,0,0,0,0,0,0,0,0,0,0,0,0
Sikkim,2004,Eve-Teasing,0,0,0,0,0,0,0,0,0,0,0,0,0,0,0
Sikkim,2004,Cruelty By Husband Or Relative Of Husband,0,0,0,0,0,0,0,0,0,0,0,0,0,0,0
Sikkim,2004,Other Ipc Crimes,0,0,0,0,0,0,0,0,0,0,0,0,0,0,0
Sikkim,2005,Murder,1,0,1,21,1,22,4,0,4,4,0,4,30,1,31
Sikkim,2005,Attempt To Commit Murder,0,0,0,5,0,5,4,0,4,0,0,0,9,0,9
Sikkim,2005,C.H. Not Amounting To Murder,0,0,0,2,0,2,0,0,0,0,0,0,2,0,2
Sikkim,2005,Rape,0,0,0,6,0,6,5,0,5,0,0,0,11,0,11
Sikkim,2005,Kidnapping And Abduction,0,0,0,0,0,0,0,0,0,0,0,0,0,0,0
Sikkim,2005,Dacoity,0,0,0,2,0,2,0,0,0,0,0,0,2,0,2
Sikkim,2005,Prep. And Assembly For Dacoity,0,0,0,0,0,0,0,0,0,0,0,0,0,0,0
Sikkim,2005,Robbery,0,0,0,1,0,1,0,0,0,0,0,0,1,0,1
Sikkim,2005,Burglary,0,0,0,5,0,5,0,0,0,0,0,0,5,0,5
Sikkim,2005,Thefts,0,0,0,24,0,24,6,0,6,2,0,2,32,0,32
Sikkim,2005,Extortion,0,0,0,0,0,0,0,0,0,0,0,0,0,0,0
Sikkim,2005,Riots,0,0,0,0,0,0,0,0,0,0,0,0,0,0,0
Sikkim,2005,Arson,0,0,0,0,0,0,0,0,0,0,0,0,0,0,0
Sikkim,2005,Criminal Breach Of Trust,0,0,0,0,0,0,0,0,0,0,0,0,0,0,0
Sikkim,2005,Cheating,0,0,0,0,0,0,0,0,0,0,0,0,0,0,0
Sikkim,2005,Counter Feiting,0,0,0,0,0,0,0,0,0,0,0,0,0,0,0
Sikkim,2005,Dowry Deaths,0,0,0,0,0,0,0,0,0,0,0,0,0,0,0
Sikkim,2005,Molestation,0,0,0,0,0,0,0,0,0,0,0,0,0,0,0
Sikkim,2005,Eve-Teasing,0,0,0,0,0,0,0,0,0,0,0,0,0,0,0
Sikkim,2005,Cruelty By Husband Or Relative Of Husband,0,0,0,0,0,0,0,0,0,0,0,0,0,0,0
Sikkim,2005,Other Ipc Crimes,0,0,0,0,0,0,0,0,0,0,0,0,0,0,0
Sikkim,2006,Murder,0,0,0,21,1,22,12,0,12,2,0,2,35,1,36
Sikkim,2006,Attempt To Commit Murder,0,0,0,3,0,3,2,1,3,1,0,1,6,1,7
Sikkim,2006,C.H. Not Amounting To Murder,0,0,0,0,0,0,0,0,0,0,0,0,0,0,0
Sikkim,2006,Rape,0,0,0,10,0,10,5,0,5,2,0,2,17,0,17
Sikkim,2006,Kidnapping And Abduction,0,0,0,1,0,1,0,0,0,0,0,0,1,0,1
Sikkim,2006,Dacoity,0,0,0,2,0,2,0,0,0,0,0,0,2,0,2
Sikkim,2006,Prep. And Assembly For Dacoity,0,0,0,0,0,0,0,0,0,0,0,0,0,0,0
Sikkim,2006,Robbery,0,0,0,11,0,11,1,0,1,0,0,0,12,0,12
Sikkim,2006,Burglary,0,0,0,11,0,11,0,0,0,0,0,0,11,0,11
Sikkim,2006,Thefts,0,0,0,18,0,18,3,0,3,0,0,0,21,0,21
Sikkim,2006,Extortion,0,0,0,2,0,2,0,0,0,0,0,0,2,0,2
Sikkim,2006,Riots,0,0,0,0,0,0,0,0,0,0,0,0,0,0,0
Sikkim,2006,Arson,0,0,0,0,0,0,0,0,0,0,0,0,0,0,0
Sikkim,2006,Criminal Breach Of Trust,0,0,0,0,0,0,0,0,0,0,0,0,0,0,0
Sikkim,2006,Cheating,0,0,0,2,0,2,2,0,2,0,0,0,4,0,4
Sikkim,2006,Counter Feiting,0,0,0,0,0,0,1,0,1,1,0,1,2,0,2
Sikkim,2006,Dowry Deaths,0,0,0,0,0,0,0,0,0,0,0,0,0,0,0
Sikkim,2006,Molestation,0,0,0,0,0,0,0,0,0,0,0,0,0,0,0
Sikkim,2006,Eve-Teasing,0,0,0,0,0,0,0,0,0,0,0,0,0,0,0
Sikkim,2006,Cruelty By Husband Or Relative Of Husband,0,0,0,0,0,0,1,0,1,0,0,0,1,0,1
Sikkim,2006,Other Ipc Crimes,0,0,0,2,0,2,5,0,5,1,0,1,8,0,8
Sikkim,2007,Murder,0,0,0,29,1,30,10,0,10,0,0,0,39,1,40
Sikkim,2007,Attempt To Commit Murder,0,0,0,3,0,3,2,0,2,1,0,1,6,0,6
Sikkim,2007,C.H. Not Amounting To Murder,0,0,0,0,0,0,0,0,0,1,0,1,1,0,1
Sikkim,2007,Rape,0,0,0,10,0,10,9,0,9,0,0,0,19,0,19
Sikkim,2007,Kidnapping And Abduction,0,0,0,1,1,2,0,0,0,0,0,0,1,1,2
Sikkim,2007,Dacoity,0,0,0,2,0,2,0,0,0,0,0,0,2,0,2
Sikkim,2007,Prep. And Assembly For Dacoity,0,0,0,0,0,0,0,0,0,0,0,0,0,0,0
Sikkim,2007,Robbery,0,0,0,2,0,2,0,0,0,0,0,0,2,0,2
Sikkim,2007,Burglary,0,0,0,14,0,14,5,0,5,0,0,0,19,0,19
Sikkim,2007,Thefts,0,0,0,23,0,23,21,0,21,0,0,0,44,0,44
Sikkim,2007,Extortion,0,0,0,0,0,0,0,0,0,0,0,0,0,0,0
Sikkim,2007,Riots,0,0,0,0,0,0,0,0,0,0,0,0,0,0,0
Sikkim,2007,Arson,0,0,0,0,0,0,0,0,0,0,0,0,0,0,0
Sikkim,2007,Criminal Breach Of Trust,0,0,0,0,0,0,0,0,0,0,0,0,0,0,0
Sikkim,2007,Cheating,0,0,0,2,0,2,0,0,0,0,0,0,2,0,2
Sikkim,2007,Counter Feiting,0,0,0,0,0,0,0,0,0,0,0,0,0,0,0
Sikkim,2007,Dowry Deaths,0,0,0,0,0,0,0,0,0,0,0,0,0,0,0
Sikkim,2007,Molestation,0,0,0,0,0,0,0,0,0,0,0,0,0,0,0
Sikkim,2007,Eve-Teasing,0,0,0,0,0,0,0,0,0,0,0,0,0,0,0
Sikkim,2007,Cruelty By Husband Or Relative Of Husband,0,0,0,0,0,0,0,0,0,0,0,0,0,0,0
Sikkim,2007,Other Ipc Crimes,0,0,0,0,0,0,2,0,2,0,0,0,2,0,2
Sikkim,2008,Murder,0,0,0,22,1,23,9,0,9,3,1,4,34,2,36
Sikkim,2008,Attempt To Commit Murder,0,0,0,0,0,0,3,0,3,1,0,1,4,0,4
Sikkim,2008,C.H. Not Amounting To Murder,0,0,0,0,0,0,1,0,1,0,0,0,1,0,1
Sikkim,2008,Rape,0,0,0,16,0,16,10,0,10,0,0,0,26,0,26
Sikkim,2008,Kidnapping And Abduction,0,0,0,2,1,3,0,0,0,0,0,0,2,1,3
Sikkim,2008,Dacoity,0,0,0,2,0,2,1,0,1,0,0,0,3,0,3
Sikkim,2008,Prep. And Assembly For Dacoity,0,0,0,0,0,0,0,0,0,0,0,0,0,0,0
Sikkim,2008,Robbery,0,0,0,1,0,1,0,0,0,0,0,0,1,0,1
Sikkim,2008,Burglary,0,0,0,9,0,9,3,0,3,0,0,0,12,0,12
Sikkim,2008,Thefts,0,0,0,34,0,34,8,1,9,1,0,1,43,1,44
Sikkim,2008,Extortion,0,0,0,0,0,0,0,0,0,0,0,0,0,0,0
Sikkim,2008,Riots,0,0,0,0,0,0,0,0,0,0,0,0,0,0,0
Sikkim,2008,Arson,0,0,0,0,0,0,0,0,0,1,0,1,1,0,1
Sikkim,2008,Criminal Breach Of Trust,0,0,0,2,0,2,0,0,0,0,0,0,2,0,2
Sikkim,2008,Cheating,0,0,0,2,0,2,3,0,3,0,0,0,5,0,5
Sikkim,2008,Counter Feiting,0,0,0,1,0,1,0,0,0,0,0,0,1,0,1
Sikkim,2008,Dowry Deaths,0,0,0,0,0,0,0,0,0,0,0,0,0,0,0
Sikkim,2008,Molestation,0,0,0,0,0,0,0,0,0,0,0,0,0,0,0
Sikkim,2008,Eve-Teasing,0,0,0,0,0,0,0,0,0,0,0,0,0,0,0
Sikkim,2008,Cruelty By Husband Or Relative Of Husband,0,0,0,0,0,0,1,0,1,0,0,0,1,0,1
Sikkim,2008,Other Ipc Crimes,0,0,0,11,0,11,4,0,4,0,1,1,15,1,16
Sikkim,2009,Murder,0,0,0,30,2,32,8,1,9,1,0,1,39,3,42
Sikkim,2009,Attempt To Commit Murder,0,0,0,3,0,3,0,0,0,0,0,0,3,0,3
Sikkim,2009,C.H. Not Amounting To Murder,0,0,0,1,0,1,1,0,1,0,1,1,2,1,3
Sikkim,2009,Rape,0,0,0,9,0,9,4,0,4,0,0,0,13,0,13
Sikkim,2009,Kidnapping And Abduction,0,0,0,2,1,3,0,0,0,0,0,0,2,1,3
Sikkim,2009,Dacoity,0,0,0,0,0,0,0,0,0,0,0,0,0,0,0
Sikkim,2009,Prep. And Assembly For Dacoity,0,0,0,0,0,0,0,0,0,0,0,0,0,0,0
Sikkim,2009,Robbery,0,0,0,0,0,0,0,0,0,0,0,0,0,0,0
Sikkim,2009,Burglary,0,0,0,11,0,11,1,0,1,0,0,0,12,0,12
Sikkim,2009,Thefts,0,0,0,8,0,8,1,0,1,0,0,0,9,0,9
Sikkim,2009,Extortion,0,0,0,0,0,0,0,0,0,0,0,0,0,0,0
Sikkim,2009,Riots,0,0,0,0,0,0,0,0,0,0,0,0,0,0,0
Sikkim,2009,Arson,0,0,0,0,0,0,0,0,0,0,0,0,0,0,0
Sikkim,2009,Criminal Breach Of Trust,0,0,0,0,0,0,0,0,0,0,0,0,0,0,0
Sikkim,2009,Cheating,0,0,0,0,0,0,0,0,0,0,0,0,0,0,0
Sikkim,2009,Counter Feiting,0,0,0,0,0,0,2,0,2,0,0,0,2,0,2
Sikkim,2009,Dowry Deaths,0,0,0,0,0,0,0,0,0,0,0,0,0,0,0
Sikkim,2009,Molestation,0,0,0,0,0,0,0,0,0,0,0,0,0,0,0
Sikkim,2009,Eve-Teasing,0,0,0,0,0,0,0,0,0,0,0,0,0,0,0
Sikkim,2009,Cruelty By Husband Or Relative Of Husband,0,0,0,0,0,0,0,0,0,0,0,0,0,0,0
Sikkim,2009,Other Ipc Crimes,0,0,0,5,0,5,8,0,8,1,0,1,14,0,14
Sikkim,2010,Murder,0,0,0,21,0,21,16,0,16,1,0,1,38,0,38
Sikkim,2010,Attempt To Commit Murder,0,0,0,3,0,3,1,0,1,0,0,0,4,0,4
Sikkim,2010,C.H. Not Amounting To Murder,0,0,0,3,0,3,1,0,1,0,0,0,4,0,4
Sikkim,2010,Rape,0,0,0,9,0,9,7,0,7,0,0,0,16,0,16
Sikkim,2010,Kidnapping And Abduction,0,0,0,0,0,0,0,0,0,0,0,0,0,0,0
Sikkim,2010,Dacoity,0,0,0,0,0,0,0,0,0,0,0,0,0,0,0
Sikkim,2010,Prep. And Assembly For Dacoity,0,0,0,0,0,0,0,0,0,0,0,0,0,0,0
Sikkim,2010,Robbery,0,0,0,1,0,1,0,0,0,0,0,0,1,0,1
Sikkim,2010,Burglary,0,0,0,5,0,5,5,0,5,1,0,1,11,0,11
Sikkim,2010,Thefts,0,0,0,3,0,3,1,0,1,0,0,0,4,0,4
Sikkim,2010,Extortion,0,0,0,0,0,0,0,0,0,0,0,0,0,0,0
Sikkim,2010,Riots,0,0,0,7,0,7,0,0,0,0,0,0,7,0,7
Sikkim,2010,Arson,0,0,0,0,0,0,0,0,0,0,0,0,0,0,0
Sikkim,2010,Criminal Breach Of Trust,0,0,0,0,0,0,0,0,0,0,0,0,0,0,0
Sikkim,2010,Cheating,0,0,0,0,0,0,3,0,3,0,0,0,3,0,3
Sikkim,2010,Counter Feiting,0,0,0,0,0,0,2,0,2,0,0,0,2,0,2
Sikkim,2010,Dowry Deaths,0,0,0,0,0,0,0,0,0,0,0,0,0,0,0
Sikkim,2010,Molestation,0,0,0,0,0,0,0,0,0,0,0,0,0,0,0
Sikkim,2010,Eve-Teasing,0,0,0,0,0,0,0,0,0,0,0,0,0,0,0
Sikkim,2010,Cruelty By Husband Or Relative Of Husband,0,0,0,0,0,0,0,0,0,0,0,0,0,0,0
Sikkim,2010,Other Ipc Crimes,0,0,0,0,0,0,1,0,1,0,0,0,1,0,1
Sikkim,2011,Murder,0,0,0,13,0,13,14,0,14,5,0,5,32,0,32
Sikkim,2011,Attempt To Commit Murder,0,0,0,1,0,1,0,0,0,0,0,0,1,0,1
Sikkim,2011,C.H. Not Amounting To Murder,0,0,0,1,0,1,0,0,0,0,0,0,1,0,1
Sikkim,2011,Rape,0,0,0,12,0,12,10,0,10,0,0,0,22,0,22
Sikkim,2011,Kidnapping And Abduction,0,0,0,0,0,0,0,0,0,0,0,0,0,0,0
Sikkim,2011,Dacoity,0,0,0,0,0,0,0,0,0,0,0,0,0,0,0
Sikkim,2011,Prep. And Assembly For Dacoity,0,0,0,0,0,0,0,0,0,0,0,0,0,0,0
Sikkim,2011,Robbery,0,0,0,1,0,1,0,0,0,0,0,0,1,0,1
Sikkim,2011,Burglary,0,0,0,6,0,6,0,0,0,0,0,0,6,0,6
Sikkim,2011,Thefts,0,0,0,7,0,7,0,0,0,0,0,0,7,0,7
Sikkim,2011,Extortion,0,0,0,0,0,0,0,0,0,0,0,0,0,0,0
Sikkim,2011,Riots,0,0,0,0,0,0,0,0,0,0,0,0,0,0,0
Sikkim,2011,Arson,0,0,0,0,0,0,0,0,0,0,0,0,0,0,0
Sikkim,2011,Criminal Breach Of Trust,0,0,0,0,0,0,0,0,0,0,0,0,0,0,0
Sikkim,2011,Cheating,0,0,0,1,1,2,4,0,4,0,0,0,5,1,6
Sikkim,2011,Counter Feiting,0,0,0,0,0,0,0,0,0,0,0,0,0,0,0
Sikkim,2011,Dowry Deaths,0,0,0,0,0,0,0,0,0,0,0,0,0,0,0
Sikkim,2011,Molestation,0,0,0,0,0,0,0,0,0,0,0,0,0,0,0
Sikkim,2011,Eve-Teasing,0,0,0,0,0,0,0,0,0,0,0,0,0,0,0
Sikkim,2011,Cruelty By Husband Or Relative Of Husband,0,0,0,0,0,0,0,0,0,0,0,0,0,0,0
Sikkim,2011,Other Ipc Crimes,0,0,0,14,0,14,6,0,6,0,0,0,20,0,20
Sikkim,2012,Murder,0,0,0,9,0,9,11,1,12,0,0,0,20,1,21
Sikkim,2012,Attempt To Commit Murder,0,0,0,3,0,3,1,0,1,0,0,0,4,0,4
Sikkim,2012,C.H. Not Amounting To Murder,0,0,0,1,0,1,0,0,0,0,0,0,1,0,1
Sikkim,2012,Rape,0,0,0,23,0,23,5,0,5,4,0,4,32,0,32
Sikkim,2012,Kidnapping And Abduction,0,0,0,1,0,1,0,0,0,0,0,0,1,0,1
Sikkim,2012,Dacoity,0,0,0,0,0,0,0,0,0,0,0,0,0,0,0
Sikkim,2012,Prep. And Assembly For Dacoity,0,0,0,0,0,0,0,0,0,0,0,0,0,0,0
Sikkim,2012,Robbery,0,0,0,0,0,0,0,0,0,0,0,0,0,0,0
Sikkim,2012,Burglary,0,0,0,0,0,0,0,0,0,0,0,0,0,0,0
Sikkim,2012,Thefts,0,0,0,27,0,27,3,0,3,0,0,0,30,0,30
Sikkim,2012,Extortion,0,0,0,0,0,0,0,0,0,0,0,0,0,0,0
Sikkim,2012,Riots,0,0,0,0,0,0,2,0,2,0,0,0,2,0,2
Sikkim,2012,Arson,0,0,0,0,0,0,1,0,1,0,0,0,1,0,1
Sikkim,2012,Criminal Breach Of Trust,0,0,0,0,0,0,0,0,0,0,0,0,0,0,0
Sikkim,2012,Cheating,0,0,0,0,0,0,0,0,0,0,0,0,0,0,0
Sikkim,2012,Counter Feiting,0,0,0,0,0,0,0,0,0,0,0,0,0,0,0
Sikkim,2012,Dowry Deaths,0,0,0,0,0,0,0,0,0,0,0,0,0,0,0
Sikkim,2012,Molestation,0,0,0,0,0,0,0,0,0,0,0,0,0,0,0
Sikkim,2012,Eve-Teasing,0,0,0,0,0,0,0,0,0,0,0,0,0,0,0
Sikkim,2012,Cruelty By Husband Or Relative Of Husband,0,0,0,0,0,0,0,0,0,0,0,0,0,0,0
Sikkim,2012,Other Ipc Crimes,0,0,0,5,0,5,4,0,4,0,0,0,9,0,9
Tamilnadu,2001,Murder,5,0,5,310,56,366,202,8,210,59,5,64,576,69,645
Tamilnadu,2001,Attempt To Commit Murder,3,0,3,123,0,123,61,2,63,42,0,42,229,2,231
Tamilnadu,2001,C.H. Not Amounting To Murder,0,0,0,71,3,74,80,0,80,49,0,49,200,3,203
Tamilnadu,2001,Rape,2,0,2,29,0,29,13,0,13,6,0,6,50,0,50
Tamilnadu,2001,Kidnapping And Abduction,0,0,0,12,0,12,11,0,11,9,0,9,32,0,32
Tamilnadu,2001,Dacoity,1,0,1,18,0,18,18,0,18,2,0,2,39,0,39
Tamilnadu,2001,Prep. And Assembly For Dacoity,0,0,0,3,0,3,8,0,8,0,0,0,11,0,11
Tamilnadu,2001,Robbery,0,0,0,48,0,48,62,0,62,27,0,27,137,0,137
Tamilnadu,2001,Burglary,0,0,0,82,3,85,9,0,9,0,0,0,91,3,94
Tamilnadu,2001,Thefts,2,0,2,173,29,202,86,5,91,20,0,20,281,34,315
Tamilnadu,2001,Extortion,0,0,0,12,0,12,1,0,1,0,0,0,13,0,13
Tamilnadu,2001,Riots,0,0,0,6,0,6,2,0,2,0,0,0,8,0,8
Tamilnadu,2001,Arson,0,0,0,0,0,0,0,0,0,0,0,0,0,0,0
Tamilnadu,2001,Criminal Breach Of Trust,0,0,0,2,0,2,0,0,0,0,0,0,2,0,2
Tamilnadu,2001,Cheating,0,0,0,18,1,19,27,2,29,12,1,13,57,4,61
Tamilnadu,2001,Counter Feiting,0,0,0,0,0,0,1,0,1,0,0,0,1,0,1
Tamilnadu,2001,Dowry Deaths,0,0,0,0,0,0,0,0,0,0,0,0,0,0,0
Tamilnadu,2001,Molestation,0,0,0,0,0,0,0,0,0,0,0,0,0,0,0
Tamilnadu,2001,Eve-Teasing,0,0,0,0,0,0,0,0,0,0,0,0,0,0,0
Tamilnadu,2001,Cruelty By Husband Or Relative Of Husband,0,0,0,16,0,16,2,0,2,0,0,0,18,0,18
Tamilnadu,2001,Other Ipc Crimes,0,0,0,56,6,62,12,2,14,0,0,0,68,8,76
Tamilnadu,2002,Murder,5,0,5,281,4,285,264,5,269,65,0,65,615,9,624
Tamilnadu,2002,Attempt To Commit Murder,3,0,3,173,5,178,109,9,118,32,0,32,317,14,331
Tamilnadu,2002,C.H. Not Amounting To Murder,0,0,0,71,1,72,88,9,97,24,1,25,183,11,194
Tamilnadu,2002,Rape,2,0,2,26,0,26,10,0,10,4,0,4,42,0,42
Tamilnadu,2002,Kidnapping And Abduction,0,0,0,32,0,32,19,0,19,21,0,21,72,0,72
Tamilnadu,2002,Dacoity,1,0,1,23,0,23,37,0,37,2,0,2,63,0,63
Tamilnadu,2002,Prep. And Assembly For Dacoity,0,0,0,2,0,2,0,0,0,0,0,0,2,0,2
Tamilnadu,2002,Robbery,0,0,0,95,0,95,176,0,176,12,0,12,283,0,283
Tamilnadu,2002,Burglary,0,0,0,21,1,22,19,0,19,3,0,3,43,1,44
Tamilnadu,2002,Thefts,2,0,2,251,5,256,190,2,192,22,0,22,465,7,472
Tamilnadu,2002,Extortion,0,0,0,10,0,10,2,0,2,0,0,0,12,0,12
Tamilnadu,2002,Riots,0,0,0,2,0,2,0,0,0,0,0,0,2,0,2
Tamilnadu,2002,Arson,0,0,0,0,0,0,0,0,0,0,0,0,0,0,0
Tamilnadu,2002,Criminal Breach Of Trust,0,0,0,4,0,4,0,0,0,0,0,0,4,0,4
Tamilnadu,2002,Cheating,0,0,0,28,0,28,20,1,21,1,0,1,49,1,50
Tamilnadu,2002,Counter Feiting,0,0,0,0,0,0,1,0,1,0,0,0,1,0,1
Tamilnadu,2002,Dowry Deaths,0,0,0,0,0,0,0,0,0,0,0,0,0,0,0
Tamilnadu,2002,Molestation,0,0,0,0,0,0,0,0,0,0,0,0,0,0,0
Tamilnadu,2002,Eve-Teasing,0,0,0,0,0,0,0,0,0,0,0,0,0,0,0
Tamilnadu,2002,Cruelty By Husband Or Relative Of Husband,0,0,0,0,0,0,0,0,0,0,0,0,0,0,0
Tamilnadu,2002,Other Ipc Crimes,0,0,0,7,0,7,69,0,69,0,0,0,76,0,76
Tamilnadu,2003,Murder,0,0,0,295,2,297,274,5,279,52,2,54,621,9,630
Tamilnadu,2003,Attempt To Commit Murder,0,0,0,188,1,189,119,8,127,30,0,30,337,9,346
Tamilnadu,2003,C.H. Not Amounting To Murder,0,0,0,74,1,75,100,9,109,22,1,23,196,11,207
Tamilnadu,2003,Rape,0,0,0,30,0,30,12,0,12,4,0,4,46,0,46
Tamilnadu,2003,Kidnapping And Abduction,0,0,0,40,0,40,21,0,21,25,0,25,86,0,86
Tamilnadu,2003,Dacoity,0,0,0,29,0,29,42,0,42,4,0,4,75,0,75
Tamilnadu,2003,Prep. And Assembly For Dacoity,0,0,0,4,0,4,0,0,0,0,0,0,4,0,4
Tamilnadu,2003,Robbery,0,0,0,106,0,106,139,0,139,17,0,17,262,0,262
Tamilnadu,2003,Burglary,0,0,0,24,1,25,21,0,21,4,0,4,49,1,50
Tamilnadu,2003,Thefts,0,0,0,615,0,615,162,7,169,24,0,24,801,7,808
Tamilnadu,2003,Extortion,0,0,0,12,0,12,4,0,4,0,0,0,16,0,16
Tamilnadu,2003,Riots,0,0,0,4,0,4,0,0,0,0,0,0,4,0,4
Tamilnadu,2003,Arson,0,0,0,0,0,0,0,0,0,0,0,0,0,0,0
Tamilnadu,2003,Criminal Breach Of Trust,0,0,0,6,0,6,0,0,0,0,0,0,6,0,6
Tamilnadu,2003,Cheating,0,0,0,30,0,30,24,1,25,3,0,3,57,1,58
Tamilnadu,2003,Counter Feiting,0,0,0,0,0,0,1,0,1,0,0,0,1,0,1
Tamilnadu,2003,Dowry Deaths,0,0,0,0,0,0,0,0,0,0,0,0,0,0,0
Tamilnadu,2003,Molestation,0,0,0,0,0,0,0,0,0,0,0,0,0,0,0
Tamilnadu,2003,Eve-Teasing,0,0,0,0,0,0,0,0,0,0,0,0,0,0,0
Tamilnadu,2003,Cruelty By Husband Or Relative Of Husband,0,0,0,0,0,0,0,0,0,0,0,0,0,0,0
Tamilnadu,2003,Other Ipc Crimes,0,0,0,10,0,10,79,0,79,0,0,0,89,0,89
Tamilnadu,2004,Murder,0,0,0,457,3,460,240,11,251,10,0,10,707,14,721
Tamilnadu,2004,Attempt To Commit Murder,0,0,0,60,3,63,46,2,48,0,0,0,106,5,111
Tamilnadu,2004,C.H. Not Amounting To Murder,0,0,0,24,0,24,10,0,10,0,0,0,34,0,34
Tamilnadu,2004,Rape,0,0,0,4,0,4,2,0,2,0,0,0,6,0,6
Tamilnadu,2004,Kidnapping And Abduction,0,0,0,18,0,18,7,0,7,0,0,0,25,0,25
Tamilnadu,2004,Dacoity,0,0,0,47,0,47,23,0,23,0,0,0,70,0,70
Tamilnadu,2004,Prep. And Assembly For Dacoity,0,0,0,1,0,1,0,0,0,0,0,0,1,0,1
Tamilnadu,2004,Robbery,0,0,0,447,0,447,154,0,154,0,0,0,601,0,601
Tamilnadu,2004,Burglary,0,0,0,0,0,0,0,0,0,0,0,0,0,0,0
Tamilnadu,2004,Thefts,0,0,0,425,0,425,433,8,441,30,5,35,888,13,901
Tamilnadu,2004,Extortion,0,0,0,3,0,3,2,0,2,0,0,0,5,0,5
Tamilnadu,2004,Riots,0,0,0,0,0,0,0,0,0,0,0,0,0,0,0
Tamilnadu,2004,Arson,0,0,0,0,0,0,0,0,0,0,0,0,0,0,0
Tamilnadu,2004,Criminal Breach Of Trust,0,0,0,0,0,0,0,0,0,0,0,0,0,0,0
Tamilnadu,2004,Cheating,0,0,0,4,0,4,2,0,2,0,0,0,6,0,6
Tamilnadu,2004,Counter Feiting,0,0,0,0,0,0,2,0,2,0,0,0,2,0,2
Tamilnadu,2004,Dowry Deaths,0,0,0,0,0,0,3,0,3,1,0,1,4,0,4
Tamilnadu,2004,Molestation,0,0,0,0,0,0,0,0,0,0,0,0,0,0,0
Tamilnadu,2004,Eve-Teasing,0,0,0,0,0,0,0,0,0,0,0,0,0,0,0
Tamilnadu,2004,Cruelty By Husband Or Relative Of Husband,0,0,0,0,0,0,0,0,0,0,0,0,0,0,0
Tamilnadu,2004,Other Ipc Crimes,0,0,0,95,0,95,68,0,68,0,0,0,163,0,163
Tamilnadu,2005,Murder,0,0,0,429,37,466,240,11,251,10,0,10,679,48,727
Tamilnadu,2005,Attempt To Commit Murder,0,0,0,60,3,63,46,2,48,16,0,16,122,5,127
Tamilnadu,2005,C.H. Not Amounting To Murder,0,0,0,24,0,24,10,0,10,0,0,0,34,0,34
Tamilnadu,2005,Rape,0,0,0,0,0,0,1,0,1,12,0,12,13,0,13
Tamilnadu,2005,Kidnapping And Abduction,0,0,0,38,0,38,7,0,7,0,0,0,45,0,45
Tamilnadu,2005,Dacoity,0,0,0,42,0,42,22,0,22,0,0,0,64,0,64
Tamilnadu,2005,Prep. And Assembly For Dacoity,0,0,0,0,0,0,0,0,0,0,0,0,0,0,0
Tamilnadu,2005,Robbery,0,0,0,146,0,146,435,0,435,48,0,48,629,0,629
Tamilnadu,2005,Burglary,0,0,0,14,0,14,16,0,16,2,0,2,32,0,32
Tamilnadu,2005,Thefts,0,0,0,230,0,230,427,2,429,106,0,106,763,2,765
Tamilnadu,2005,Extortion,0,0,0,2,0,2,3,0,3,0,0,0,5,0,5
Tamilnadu,2005,Riots,0,0,0,0,0,0,0,0,0,0,0,0,0,0,0
Tamilnadu,2005,Arson,0,0,0,0,0,0,0,0,0,0,0,0,0,0,0
Tamilnadu,2005,Criminal Breach Of Trust,0,0,0,0,0,0,0,0,0,0,0,0,0,0,0
Tamilnadu,2005,Cheating,0,0,0,6,0,6,10,0,10,0,0,0,16,0,16
Tamilnadu,2005,Counter Feiting,0,0,0,0,0,0,1,0,1,0,0,0,1,0,1
Tamilnadu,2005,Dowry Deaths,0,0,0,0,0,0,0,0,0,0,0,0,0,0,0
Tamilnadu,2005,Molestation,0,0,0,0,0,0,0,0,0,0,0,0,0,0,0
Tamilnadu,2005,Eve-Teasing,0,0,0,0,0,0,0,0,0,0,0,0,0,0,0
Tamilnadu,2005,Cruelty By Husband Or Relative Of Husband,0,0,0,0,0,0,0,0,0,0,0,0,0,0,0
Tamilnadu,2005,Other Ipc Crimes,0,0,0,171,0,171,157,0,157,56,0,56,384,0,384
Tamilnadu,2006,Murder,0,0,0,437,14,451,230,14,244,7,1,8,674,29,703
Tamilnadu,2006,Attempt To Commit Murder,0,0,0,57,1,58,47,5,52,14,1,15,118,7,125
Tamilnadu,2006,C.H. Not Amounting To Murder,0,0,0,17,0,17,9,0,9,0,0,0,26,0,26
Tamilnadu,2006,Rape,0,0,0,0,0,0,1,0,1,4,0,4,5,0,5
Tamilnadu,2006,Kidnapping And Abduction,0,0,0,42,0,42,7,0,7,0,0,0,49,0,49
Tamilnadu,2006,Dacoity,0,0,0,49,0,49,21,0,21,0,0,0,70,0,70
Tamilnadu,2006,Prep. And Assembly For Dacoity,0,0,0,0,0,0,0,0,0,0,0,0,0,0,0
Tamilnadu,2006,Robbery,0,0,0,159,2,161,417,0,417,44,0,44,620,2,622
Tamilnadu,2006,Burglary,0,0,0,12,0,12,13,0,13,3,0,3,28,0,28
Tamilnadu,2006,Thefts,0,0,0,241,3,244,397,4,401,61,1,62,699,8,707
Tamilnadu,2006,Extortion,0,0,0,0,0,0,0,0,0,0,0,0,0,0,0
Tamilnadu,2006,Riots,0,0,0,0,0,0,0,0,0,0,0,0,0,0,0
Tamilnadu,2006,Arson,0,0,0,0,0,0,0,0,0,0,0,0,0,0,0
Tamilnadu,2006,Criminal Breach Of Trust,0,0,0,0,0,0,0,0,0,0,0,0,0,0,0
Tamilnadu,2006,Cheating,0,0,0,5,0,5,8,0,8,0,0,0,13,0,13
Tamilnadu,2006,Counter Feiting,0,0,0,0,0,0,0,0,0,0,0,0,0,0,0
Tamilnadu,2006,Dowry Deaths,0,0,0,0,0,0,0,0,0,0,0,0,0,0,0
Tamilnadu,2006,Molestation,0,0,0,0,0,0,0,0,0,0,0,0,0,0,0
Tamilnadu,2006,Eve-Teasing,0,0,0,0,0,0,0,0,0,0,0,0,0,0,0
Tamilnadu,2006,Cruelty By Husband Or Relative Of Husband,0,0,0,0,0,0,0,0,0,0,0,0,0,0,0
Tamilnadu,2006,Other Ipc Crimes,0,0,0,165,2,167,127,0,127,70,0,70,362,2,364
Tamilnadu,2007,Murder,0,0,0,1437,214,1651,1230,104,1334,70,5,75,2737,323,3060
Tamilnadu,2007,Attempt To Commit Murder,0,0,0,577,57,634,677,55,732,50,1,51,1304,113,1417
Tamilnadu,2007,C.H. Not Amounting To Murder,0,0,0,170,35,205,11,2,13,0,0,0,181,37,218
Tamilnadu,2007,Rape,0,0,0,0,0,0,1,0,1,4,0,4,5,0,5
Tamilnadu,2007,Kidnapping And Abduction,0,0,0,42,0,42,7,0,7,0,0,0,49,0,49
Tamilnadu,2007,Dacoity,0,0,0,49,0,49,21,0,21,0,0,0,70,0,70
Tamilnadu,2007,Prep. And Assembly For Dacoity,0,0,0,0,0,0,0,0,0,0,0,0,0,0,0
Tamilnadu,2007,Robbery,0,0,0,359,105,464,417,35,452,44,0,44,820,140,960
Tamilnadu,2007,Burglary,0,0,0,12,0,12,13,0,13,3,0,3,28,0,28
Tamilnadu,2007,Thefts,0,0,0,841,285,1126,597,53,650,61,18,79,1499,356,1855
Tamilnadu,2007,Extortion,0,0,0,0,0,0,0,0,0,0,0,0,0,0,0
Tamilnadu,2007,Riots,0,0,0,0,0,0,0,0,0,0,0,0,0,0,0
Tamilnadu,2007,Arson,0,0,0,0,0,0,0,0,0,0,0,0,0,0,0
Tamilnadu,2007,Criminal Breach Of Trust,0,0,0,0,0,0,0,0,0,0,0,0,0,0,0
Tamilnadu,2007,Cheating,0,0,0,5,0,5,8,0,8,0,0,0,13,0,13
Tamilnadu,2007,Counter Feiting,0,0,0,0,0,0,0,0,0,0,0,0,0,0,0
Tamilnadu,2007,Dowry Deaths,0,0,0,0,0,0,0,0,0,0,0,0,0,0,0
Tamilnadu,2007,Molestation,0,0,0,0,0,0,0,0,0,0,0,0,0,0,0
Tamilnadu,2007,Eve-Teasing,0,0,0,0,0,0,0,0,0,0,0,0,0,0,0
Tamilnadu,2007,Cruelty By Husband Or Relative Of Husband,0,0,0,0,0,0,0,0,0,0,0,0,0,0,0
Tamilnadu,2007,Other Ipc Crimes,0,0,0,265,2,267,127,0,127,70,0,70,462,2,464
Tamilnadu,2008,Murder,0,0,0,726,52,778,604,52,656,58,4,62,1388,108,1496
Tamilnadu,2008,Attempt To Commit Murder,0,0,0,460,37,497,307,19,326,23,0,23,790,56,846
Tamilnadu,2008,C.H. Not Amounting To Murder,0,0,0,42,1,43,53,5,58,6,0,6,101,6,107
Tamilnadu,2008,Rape,0,0,0,44,0,44,81,0,81,9,0,9,134,0,134
Tamilnadu,2008,Kidnapping And Abduction,0,0,0,19,0,19,39,0,39,0,0,0,58,0,58
Tamilnadu,2008,Dacoity,0,0,0,53,2,55,55,0,55,15,0,15,123,2,125
Tamilnadu,2008,Prep. And Assembly For Dacoity,0,0,0,52,0,52,41,0,41,7,0,7,100,0,100
Tamilnadu,2008,Robbery,0,0,0,115,2,117,125,1,126,5,0,5,245,3,248
Tamilnadu,2008,Burglary,0,0,0,62,0,62,45,0,45,4,0,4,111,0,111
Tamilnadu,2008,Thefts,0,0,0,517,83,600,318,43,361,90,0,90,925,126,1051
Tamilnadu,2008,Extortion,0,0,0,11,0,11,13,0,13,0,0,0,24,0,24
Tamilnadu,2008,Riots,0,0,0,35,1,36,24,0,24,0,0,0,59,1,60
Tamilnadu,2008,Arson,0,0,0,19,0,19,41,0,41,0,0,0,60,0,60
Tamilnadu,2008,Criminal Breach Of Trust,0,0,0,9,0,9,17,0,17,0,0,0,26,0,26
Tamilnadu,2008,Cheating,0,0,0,57,10,67,48,8,56,2,0,2,107,18,125
Tamilnadu,2008,Counter Feiting,0,0,0,0,0,0,16,0,16,0,0,0,16,0,16
Tamilnadu,2008,Dowry Deaths,0,0,0,21,0,21,28,12,40,22,0,22,71,12,83
Tamilnadu,2008,Molestation,0,0,0,27,0,27,28,0,28,0,0,0,55,0,55
Tamilnadu,2008,Eve-Teasing,0,0,0,28,0,28,20,0,20,0,0,0,48,0,48
Tamilnadu,2008,Cruelty By Husband Or Relative Of Husband,0,0,0,20,3,23,59,7,66,0,0,0,79,10,89
Tamilnadu,2008,Other Ipc Crimes,0,0,0,1204,205,1409,1454,184,1638,227,0,227,2885,389,3274
Tamilnadu,2009,Murder,0,0,0,546,34,580,482,26,508,108,8,116,1136,68,1204
Tamilnadu,2009,Attempt To Commit Murder,0,0,0,156,12,168,202,6,208,70,1,71,428,19,447
Tamilnadu,2009,C.H. Not Amounting To Murder,0,0,0,32,1,33,52,2,54,17,1,18,101,4,105
Tamilnadu,2009,Rape,0,0,0,92,0,92,39,0,39,12,0,12,143,0,143
Tamilnadu,2009,Kidnapping And Abduction,0,0,0,40,10,50,26,4,30,16,2,18,82,16,98
Tamilnadu,2009,Dacoity,0,0,0,221,1,222,165,1,166,36,2,38,422,4,426
Tamilnadu,2009,Prep. And Assembly For Dacoity,0,0,0,45,2,47,40,3,43,29,0,29,114,5,119
Tamilnadu,2009,Robbery,0,0,0,338,16,354,257,14,271,61,6,67,656,36,692
Tamilnadu,2009,Burglary,0,0,0,88,11,99,60,0,60,8,0,8,156,11,167
Tamilnadu,2009,Thefts,0,0,0,516,44,560,847,47,894,236,9,245,1599,100,1699
Tamilnadu,2009,Extortion,0,0,0,97,0,97,35,1,36,13,0,13,145,1,146
Tamilnadu,2009,Riots,0,0,0,27,0,27,4,0,4,1,2,3,32,2,34
Tamilnadu,2009,Arson,0,0,0,18,0,18,16,1,17,6,0,6,40,1,41
Tamilnadu,2009,Criminal Breach Of Trust,0,0,0,40,0,40,31,0,31,10,0,10,81,0,81
Tamilnadu,2009,Cheating,0,0,0,68,7,75,78,6,84,45,1,46,191,14,205
Tamilnadu,2009,Counter Feiting,0,0,0,11,1,12,11,0,11,6,0,6,28,1,29
Tamilnadu,2009,Dowry Deaths,0,0,0,36,4,40,61,8,69,8,10,18,105,22,127
Tamilnadu,2009,Molestation,0,0,0,38,0,38,22,0,22,4,0,4,64,0,64
Tamilnadu,2009,Eve-Teasing,0,0,0,54,0,54,12,0,12,5,0,5,71,0,71
Tamilnadu,2009,Cruelty By Husband Or Relative Of Husband,0,0,0,145,2,147,53,1,54,28,0,28,226,3,229
Tamilnadu,2009,Other Ipc Crimes,0,0,0,10,3,13,22,4,26,23,2,25,55,9,64
Tamilnadu,2010,Murder,0,0,0,294,66,360,246,53,299,110,26,136,650,145,795
Tamilnadu,2010,Attempt To Commit Murder,0,0,0,199,4,203,203,2,205,92,0,92,494,6,500
Tamilnadu,2010,C.H. Not Amounting To Murder,0,0,0,55,0,55,32,0,32,25,0,25,112,0,112
Tamilnadu,2010,Rape,0,0,0,65,0,65,78,1,79,32,0,32,175,1,176
Tamilnadu,2010,Kidnapping And Abduction,0,0,0,33,2,35,61,1,62,25,1,26,119,4,123
Tamilnadu,2010,Dacoity,0,0,0,196,11,207,147,7,154,38,4,42,381,22,403
Tamilnadu,2010,Prep. And Assembly For Dacoity,0,0,0,50,0,50,168,0,168,9,0,9,227,0,227
Tamilnadu,2010,Robbery,0,0,0,344,5,349,356,1,357,133,0,133,833,6,839
Tamilnadu,2010,Burglary,0,0,0,86,13,99,152,0,152,10,0,10,248,13,261
Tamilnadu,2010,Thefts,0,0,0,548,29,577,583,50,633,270,9,279,1401,88,1489
Tamilnadu,2010,Extortion,0,0,0,192,2,194,141,1,142,11,0,11,344,3,347
Tamilnadu,2010,Riots,0,0,0,24,0,24,4,0,4,98,0,98,126,0,126
Tamilnadu,2010,Arson,0,0,0,12,0,12,17,0,17,1,0,1,30,0,30
Tamilnadu,2010,Criminal Breach Of Trust,0,0,0,35,0,35,36,0,36,2,0,2,73,0,73
Tamilnadu,2010,Cheating,0,0,0,57,8,65,114,3,117,11,0,11,182,11,193
Tamilnadu,2010,Counter Feiting,0,0,0,7,0,7,3,1,4,5,1,6,15,2,17
Tamilnadu,2010,Dowry Deaths,0,0,0,29,2,31,47,3,50,26,8,34,102,13,115
Tamilnadu,2010,Molestation,0,0,0,40,0,40,31,0,31,0,0,0,71,0,71
Tamilnadu,2010,Eve-Teasing,0,0,0,41,0,41,11,0,11,0,0,0,52,0,52
Tamilnadu,2010,Cruelty By Husband Or Relative Of Husband,0,0,0,121,5,126,38,1,39,26,0,26,185,6,191
Tamilnadu,2010,Other Ipc Crimes,0,0,0,147,12,159,0,16,16,14,2,16,161,30,191
Tamilnadu,2011,Murder,0,0,0,432,10,442,408,34,442,124,6,130,964,50,1014
Tamilnadu,2011,Attempt To Commit Murder,0,0,0,329,7,336,301,6,307,125,0,125,755,13,768
Tamilnadu,2011,C.H. Not Amounting To Murder,0,0,0,21,0,21,6,3,9,8,2,10,35,5,40
Tamilnadu,2011,Rape,0,0,0,168,0,168,160,0,160,53,0,53,381,0,381
Tamilnadu,2011,Kidnapping And Abduction,0,0,0,54,3,57,75,0,75,8,0,8,137,3,140
Tamilnadu,2011,Dacoity,0,0,0,155,21,176,207,10,217,192,0,192,554,31,585
Tamilnadu,2011,Prep. And Assembly For Dacoity,0,0,0,15,0,15,34,0,34,43,0,43,92,0,92
Tamilnadu,2011,Robbery,0,0,0,338,13,351,301,11,312,91,0,91,730,24,754
Tamilnadu,2011,Burglary,0,0,0,121,4,125,223,0,223,24,0,24,368,4,372
Tamilnadu,2011,Thefts,0,0,0,521,87,608,327,75,402,229,14,243,1077,176,1253
Tamilnadu,2011,Extortion,0,0,0,26,2,28,23,5,28,123,0,123,172,7,179
Tamilnadu,2011,Riots,0,0,0,58,0,58,25,0,25,0,0,0,83,0,83
Tamilnadu,2011,Arson,0,0,0,10,0,10,18,0,18,0,0,0,28,0,28
Tamilnadu,2011,Criminal Breach Of Trust,0,0,0,13,0,13,6,0,6,0,0,0,19,0,19
Tamilnadu,2011,Cheating,0,0,0,50,17,67,74,14,88,80,0,80,204,31,235
Tamilnadu,2011,Counter Feiting,0,0,0,2,0,2,3,0,3,0,0,0,5,0,5
Tamilnadu,2011,Dowry Deaths,0,0,0,33,0,33,59,6,65,4,1,5,96,7,103
Tamilnadu,2011,Molestation,0,0,0,1,0,1,0,0,0,0,0,0,1,0,1
Tamilnadu,2011,Eve-Teasing,0,0,0,16,0,16,0,0,0,0,0,0,16,0,16
Tamilnadu,2011,Cruelty By Husband Or Relative Of Husband,0,0,0,2,3,5,2,15,17,6,4,10,10,22,32
Tamilnadu,2011,Other Ipc Crimes,0,0,0,0,5,5,55,5,60,16,0,16,71,10,81
Tamilnadu,2012,Murder,0,0,0,745,31,776,739,29,768,105,4,109,1589,64,1653
Tamilnadu,2012,Attempt To Commit Murder,0,0,0,365,6,371,382,12,394,62,3,65,809,21,830
Tamilnadu,2012,C.H. Not Amounting To Murder,0,0,0,83,0,83,36,1,37,23,0,23,142,1,143
Tamilnadu,2012,Rape,0,0,0,122,0,122,144,0,144,36,0,36,302,0,302
Tamilnadu,2012,Kidnapping And Abduction,0,0,0,181,11,192,111,1,112,28,0,28,320,12,332
Tamilnadu,2012,Dacoity,0,0,0,170,21,191,178,13,191,51,1,52,399,35,434
Tamilnadu,2012,Prep. And Assembly For Dacoity,0,0,0,59,2,61,23,1,24,15,0,15,97,3,100
Tamilnadu,2012,Robbery,0,0,0,401,10,411,237,12,249,71,2,73,709,24,733
Tamilnadu,2012,Burglary,0,0,0,79,3,82,73,0,73,5,0,5,157,3,160
Tamilnadu,2012,Thefts,0,0,0,608,57,665,580,58,638,62,23,85,1250,138,1388
Tamilnadu,2012,Extortion,0,0,0,25,0,25,25,0,25,9,0,9,59,0,59
Tamilnadu,2012,Riots,0,0,0,27,0,27,22,1,23,1,0,1,50,1,51
Tamilnadu,2012,Arson,0,0,0,0,0,0,0,0,0,0,0,0,0,0,0
Tamilnadu,2012,Criminal Breach Of Trust,0,0,0,5,0,5,6,0,6,0,0,0,11,0,11
Tamilnadu,2012,Cheating,0,0,0,136,15,151,105,26,131,73,2,75,314,43,357
Tamilnadu,2012,Counter Feiting,0,0,0,1,0,1,0,0,0,0,0,0,1,0,1
Tamilnadu,2012,Dowry Deaths,0,0,0,53,1,54,69,2,71,36,5,41,158,8,166
Tamilnadu,2012,Molestation,0,0,0,6,0,6,68,5,73,1,0,1,75,5,80
Tamilnadu,2012,Eve-Teasing,0,0,0,59,0,59,41,0,41,0,0,0,100,0,100
Tamilnadu,2012,Cruelty By Husband Or Relative Of Husband,0,0,0,2,0,2,12,1,13,0,1,1,14,2,16
Tamilnadu,2012,Other Ipc Crimes,0,0,0,35,10,45,28,11,39,13,4,17,76,25,101
Tripura,2001,Murder,9,1,10,31,1,32,24,0,24,6,0,6,70,2,72
Tripura,2001,Attempt To Commit Murder,5,0,5,15,0,15,12,0,12,7,0,7,39,0,39
Tripura,2001,C.H. Not Amounting To Murder,2,0,2,14,1,15,3,0,3,2,0,2,21,1,22
Tripura,2001,Rape,8,0,8,9,0,9,10,0,10,0,0,0,27,0,27
Tripura,2001,Kidnapping And Abduction,2,0,2,10,1,11,30,2,32,8,0,8,50,3,53
Tripura,2001,Dacoity,2,0,2,12,0,12,35,0,35,3,0,3,52,0,52
Tripura,2001,Prep. And Assembly For Dacoity,0,0,0,5,0,5,10,0,10,0,0,0,15,0,15
Tripura,2001,Robbery,0,0,0,8,0,8,7,0,7,3,0,3,18,0,18
Tripura,2001,Burglary,0,0,0,5,0,5,3,0,3,0,0,0,8,0,8
Tripura,2001,Thefts,6,0,6,25,0,25,7,0,7,10,0,10,48,0,48
Tripura,2001,Extortion,0,0,0,0,0,0,0,0,0,0,0,0,0,0,0
Tripura,2001,Riots,2,0,2,5,0,5,0,0,0,4,0,4,11,0,11
Tripura,2001,Arson,0,0,0,0,0,0,0,0,0,0,0,0,0,0,0
Tripura,2001,Criminal Breach Of Trust,0,0,0,4,0,4,3,0,3,2,0,2,9,0,9
Tripura,2001,Cheating,2,0,2,4,0,4,6,2,8,3,0,3,15,2,17
Tripura,2001,Counter Feiting,0,0,0,3,0,3,5,0,5,3,0,3,11,0,11
Tripura,2001,Dowry Deaths,0,0,0,2,1,3,1,0,1,0,0,0,3,1,4
Tripura,2001,Molestation,0,0,0,6,0,6,7,0,7,0,0,0,13,0,13
Tripura,2001,Eve-Teasing,0,0,0,2,0,2,2,0,2,0,0,0,4,0,4
Tripura,2001,Cruelty By Husband Or Relative Of Husband,0,0,0,3,0,3,4,0,4,1,0,1,8,0,8
Tripura,2001,Other Ipc Crimes,0,0,0,10,0,10,15,0,15,7,0,7,32,0,32
Tripura,2002,Murder,6,1,7,25,1,26,15,0,15,7,0,7,53,2,55
Tripura,2002,Attempt To Commit Murder,3,0,3,10,0,10,8,0,8,5,1,6,26,1,27
Tripura,2002,C.H. Not Amounting To Murder,0,0,0,2,0,2,7,0,7,0,0,0,9,0,9
Tripura,2002,Rape,5,0,5,8,0,8,7,0,7,2,0,2,22,0,22
Tripura,2002,Kidnapping And Abduction,3,0,3,12,1,13,20,2,22,5,0,5,40,3,43
Tripura,2002,Dacoity,0,0,0,16,0,16,18,0,18,0,0,0,34,0,34
Tripura,2002,Prep. And Assembly For Dacoity,0,0,0,2,0,2,4,0,4,0,0,0,6,0,6
Tripura,2002,Robbery,5,0,5,9,0,9,7,0,7,0,0,0,21,0,21
Tripura,2002,Burglary,5,0,5,4,0,4,1,0,1,2,0,2,12,0,12
Tripura,2002,Thefts,5,0,5,21,0,21,7,0,7,9,0,9,42,0,42
Tripura,2002,Extortion,1,0,1,9,0,9,6,0,6,0,0,0,16,0,16
Tripura,2002,Riots,2,0,2,3,0,3,12,0,12,5,0,5,22,0,22
Tripura,2002,Arson,0,0,0,2,0,2,1,0,1,0,0,0,3,0,3
Tripura,2002,Criminal Breach Of Trust,0,0,0,4,0,4,8,0,8,1,0,1,13,0,13
Tripura,2002,Cheating,0,0,0,11,0,11,8,0,8,0,0,0,19,0,19
Tripura,2002,Counter Feiting,0,0,0,5,0,5,7,0,7,1,0,1,13,0,13
Tripura,2002,Dowry Deaths,0,0,0,3,0,3,2,0,2,0,0,0,5,0,5
Tripura,2002,Molestation,0,0,0,9,0,9,0,0,0,0,0,0,9,0,9
Tripura,2002,Eve-Teasing,0,0,0,3,0,3,1,0,1,2,0,2,6,0,6
Tripura,2002,Cruelty By Husband Or Relative Of Husband,3,0,3,5,0,5,2,0,2,0,0,0,10,0,10
Tripura,2002,Other Ipc Crimes,8,0,8,15,0,15,10,0,10,3,0,3,36,0,36
Tripura,2003,Murder,7,0,7,81,0,81,69,3,72,3,0,3,160,3,163
Tripura,2003,Attempt To Commit Murder,8,0,8,41,0,41,29,2,31,3,1,4,81,3,84
Tripura,2003,C.H. Not Amounting To Murder,8,0,8,2,0,2,1,0,1,0,0,0,11,0,11
Tripura,2003,Rape,6,0,6,18,0,18,14,0,14,0,0,0,38,0,38
Tripura,2003,Kidnapping And Abduction,5,0,5,35,0,35,39,0,39,2,0,2,81,0,81
Tripura,2003,Dacoity,6,0,6,21,0,21,15,0,15,2,0,2,44,0,44
Tripura,2003,Prep. And Assembly For Dacoity,4,0,4,13,0,13,11,0,11,1,0,1,29,0,29
Tripura,2003,Robbery,0,0,0,3,0,3,5,0,5,0,0,0,8,0,8
Tripura,2003,Burglary,0,0,0,11,0,11,5,0,5,0,0,0,16,0,16
Tripura,2003,Thefts,7,0,7,34,0,34,18,0,18,0,0,0,59,0,59
Tripura,2003,Extortion,0,0,0,3,0,3,1,0,1,0,0,0,4,0,4
Tripura,2003,Riots,4,0,4,54,0,54,20,0,20,0,0,0,78,0,78
Tripura,2003,Arson,0,0,0,9,0,9,3,0,3,0,0,0,12,0,12
Tripura,2003,Criminal Breach Of Trust,0,0,0,7,0,7,5,1,6,0,0,0,12,1,13
Tripura,2003,Cheating,0,0,0,2,0,2,4,0,4,0,0,0,6,0,6
Tripura,2003,Counter Feiting,0,0,0,0,0,0,0,0,0,0,0,0,0,0,0
Tripura,2003,Dowry Deaths,0,0,0,2,0,2,5,0,5,0,0,0,7,0,7
Tripura,2003,Molestation,0,0,0,2,0,2,1,0,1,0,0,0,3,0,3
Tripura,2003,Eve-Teasing,0,0,0,0,0,0,0,0,0,0,0,0,0,0,0
Tripura,2003,Cruelty By Husband Or Relative Of Husband,0,0,0,10,0,10,9,0,9,0,0,0,19,0,19
Tripura,2003,Other Ipc Crimes,0,0,0,3,0,3,10,3,13,0,0,0,13,3,16
Tripura,2004,Murder,8,0,8,30,1,31,68,2,70,10,0,10,116,3,119
Tripura,2004,Attempt To Commit Murder,4,0,4,20,0,20,15,0,15,4,0,4,43,0,43
Tripura,2004,C.H. Not Amounting To Murder,3,0,3,6,0,6,12,0,12,0,0,0,21,0,21
Tripura,2004,Rape,4,0,4,23,1,24,15,0,15,4,0,4,46,1,47
Tripura,2004,Kidnapping And Abduction,3,0,3,25,2,27,47,2,49,0,0,0,75,4,79
Tripura,2004,Dacoity,0,0,0,17,0,17,15,0,15,0,0,0,32,0,32
Tripura,2004,Prep. And Assembly For Dacoity,0,0,0,0,0,0,2,0,2,0,0,0,2,0,2
Tripura,2004,Robbery,0,0,0,13,0,13,5,0,5,0,0,0,18,0,18
Tripura,2004,Burglary,0,0,0,10,0,10,1,0,1,0,0,0,11,0,11
Tripura,2004,Thefts,2,0,2,26,0,26,24,0,24,0,0,0,52,0,52
Tripura,2004,Extortion,0,0,0,6,0,6,0,0,0,0,0,0,6,0,6
Tripura,2004,Riots,1,0,1,16,0,16,5,0,5,0,0,0,22,0,22
Tripura,2004,Arson,0,0,0,15,0,15,4,0,4,0,0,0,19,0,19
Tripura,2004,Criminal Breach Of Trust,0,0,0,0,0,0,0,0,0,0,0,0,0,0,0
Tripura,2004,Cheating,0,0,0,2,0,2,0,0,0,0,0,0,2,0,2
Tripura,2004,Counter Feiting,0,0,0,0,0,0,0,0,0,0,0,0,0,0,0
Tripura,2004,Dowry Deaths,0,0,0,1,0,1,2,0,2,0,0,0,3,0,3
Tripura,2004,Molestation,0,0,0,0,0,0,0,0,0,0,0,0,0,0,0
Tripura,2004,Eve-Teasing,0,0,0,0,0,0,0,0,0,0,0,0,0,0,0
Tripura,2004,Cruelty By Husband Or Relative Of Husband,0,0,0,15,1,16,17,1,18,2,0,2,34,2,36
Tripura,2004,Other Ipc Crimes,1,0,1,17,0,17,10,0,10,1,0,1,29,0,29
Tripura,2005,Murder,2,0,2,35,2,37,27,4,31,11,0,11,75,6,81
Tripura,2005,Attempt To Commit Murder,2,0,2,12,0,12,27,0,27,2,0,2,43,0,43
Tripura,2005,C.H. Not Amounting To Murder,0,0,0,7,0,7,24,0,24,2,0,2,33,0,33
Tripura,2005,Rape,2,0,2,25,0,25,21,0,21,1,0,1,49,0,49
Tripura,2005,Kidnapping And Abduction,3,0,3,48,1,49,22,0,22,6,0,6,79,1,80
Tripura,2005,Dacoity,0,0,0,29,0,29,11,0,11,7,0,7,47,0,47
Tripura,2005,Prep. And Assembly For Dacoity,0,0,0,0,0,0,3,0,3,0,0,0,3,0,3
Tripura,2005,Robbery,0,0,0,19,0,19,8,0,8,0,0,0,27,0,27
Tripura,2005,Burglary,0,0,0,0,0,0,0,0,0,0,0,0,0,0,0
Tripura,2005,Thefts,4,0,4,30,1,31,6,0,6,4,0,4,44,1,45
Tripura,2005,Extortion,0,0,0,1,0,1,0,0,0,0,0,0,1,0,1
Tripura,2005,Riots,1,0,1,16,0,16,7,0,7,1,0,1,25,0,25
Tripura,2005,Arson,0,0,0,7,0,7,5,0,5,0,0,0,12,0,12
Tripura,2005,Criminal Breach Of Trust,0,0,0,0,0,0,0,0,0,0,0,0,0,0,0
Tripura,2005,Cheating,0,0,0,0,0,0,0,0,0,4,0,4,4,0,4
Tripura,2005,Counter Feiting,0,0,0,0,0,0,0,0,0,0,0,0,0,0,0
Tripura,2005,Dowry Deaths,0,0,0,6,1,7,3,0,3,1,0,1,10,1,11
Tripura,2005,Molestation,0,0,0,0,0,0,0,0,0,0,0,0,0,0,0
Tripura,2005,Eve-Teasing,0,0,0,0,0,0,0,0,0,0,0,0,0,0,0
Tripura,2005,Cruelty By Husband Or Relative Of Husband,0,0,0,12,0,12,11,3,14,1,0,1,24,3,27
Tripura,2005,Other Ipc Crimes,8,0,8,25,2,27,4,0,4,2,0,2,39,2,41
Tripura,2006,Murder,8,0,8,43,0,43,28,2,30,4,1,5,83,3,86
Tripura,2006,Attempt To Commit Murder,6,0,6,18,0,18,17,1,18,5,0,5,46,1,47
Tripura,2006,C.H. Not Amounting To Murder,0,0,0,3,0,3,5,0,5,2,0,2,10,0,10
Tripura,2006,Rape,10,0,10,28,0,28,18,1,19,2,0,2,58,1,59
Tripura,2006,Kidnapping And Abduction,0,0,0,27,1,28,22,0,22,3,0,3,52,1,53
Tripura,2006,Dacoity,7,0,7,15,0,15,14,0,14,2,0,2,38,0,38
Tripura,2006,Prep. And Assembly For Dacoity,0,0,0,6,0,6,6,0,6,1,0,1,13,0,13
Tripura,2006,Robbery,9,0,9,20,0,20,9,0,9,2,0,2,40,0,40
Tripura,2006,Burglary,0,0,0,3,0,3,6,0,6,1,0,1,10,0,10
Tripura,2006,Thefts,7,0,7,14,0,14,8,0,8,2,0,2,31,0,31
Tripura,2006,Extortion,0,0,0,0,0,0,4,0,4,0,0,0,4,0,4
Tripura,2006,Riots,5,0,5,15,0,15,15,0,15,2,0,2,37,0,37
Tripura,2006,Arson,0,0,0,1,0,1,1,0,1,0,0,0,2,0,2
Tripura,2006,Criminal Breach Of Trust,0,0,0,0,0,0,2,0,2,0,0,0,2,0,2
Tripura,2006,Cheating,0,0,0,2,0,2,2,0,2,0,0,0,4,0,4
Tripura,2006,Counter Feiting,0,0,0,0,0,0,2,0,2,1,0,1,3,0,3
Tripura,2006,Dowry Deaths,0,0,0,5,1,6,6,1,7,2,1,3,13,3,16
Tripura,2006,Molestation,0,0,0,2,0,2,1,0,1,0,0,0,3,0,3
Tripura,2006,Eve-Teasing,0,0,0,0,0,0,0,0,0,0,0,0,0,0,0
Tripura,2006,Cruelty By Husband Or Relative Of Husband,0,0,0,14,1,15,10,0,10,2,0,2,26,1,27
Tripura,2006,Other Ipc Crimes,0,0,0,6,1,7,3,0,3,0,0,0,9,1,10
Tripura,2007,Murder,8,0,8,21,0,21,34,3,37,17,1,18,80,4,84
Tripura,2007,Attempt To Commit Murder,5,0,5,11,0,11,7,1,8,2,0,2,25,1,26
Tripura,2007,C.H. Not Amounting To Murder,0,0,0,1,0,1,1,0,1,0,0,0,2,0,2
Tripura,2007,Rape,7,0,7,17,1,18,10,1,11,0,0,0,34,2,36
Tripura,2007,Kidnapping And Abduction,11,0,11,11,0,11,16,0,16,5,0,5,43,0,43
Tripura,2007,Dacoity,4,0,4,4,0,4,11,0,11,0,0,0,19,0,19
Tripura,2007,Prep. And Assembly For Dacoity,0,0,0,1,0,1,0,0,0,0,0,0,1,0,1
Tripura,2007,Robbery,3,0,3,7,0,7,2,0,2,1,0,1,13,0,13
Tripura,2007,Burglary,0,0,0,0,0,0,0,0,0,0,0,0,0,0,0
Tripura,2007,Thefts,3,0,3,51,0,51,15,0,15,1,0,1,70,0,70
Tripura,2007,Extortion,0,0,0,4,0,4,3,0,3,0,0,0,7,0,7
Tripura,2007,Riots,1,0,1,9,0,9,5,0,5,0,0,0,15,0,15
Tripura,2007,Arson,0,0,0,1,0,1,0,0,0,0,0,0,1,0,1
Tripura,2007,Criminal Breach Of Trust,0,0,0,4,0,4,0,0,0,0,0,0,4,0,4
Tripura,2007,Cheating,0,0,0,0,0,0,0,0,0,0,0,0,0,0,0
Tripura,2007,Counter Feiting,1,0,1,10,0,10,12,0,12,0,0,0,23,0,23
Tripura,2007,Dowry Deaths,0,0,0,0,0,0,0,2,2,0,0,0,0,2,2
Tripura,2007,Molestation,0,0,0,1,0,1,1,0,1,0,0,0,2,0,2
Tripura,2007,Eve-Teasing,0,0,0,0,0,0,0,0,0,0,0,0,0,0,0
Tripura,2007,Cruelty By Husband Or Relative Of Husband,1,0,1,20,3,23,16,0,16,0,0,0,37,3,40
Tripura,2007,Other Ipc Crimes,1,0,1,18,1,19,13,0,13,2,1,3,34,2,36
Tripura,2008,Murder,0,0,0,38,0,38,16,2,18,7,0,7,61,2,63
Tripura,2008,Attempt To Commit Murder,0,0,0,9,0,9,10,0,10,15,0,15,34,0,34
Tripura,2008,C.H. Not Amounting To Murder,0,0,0,3,0,3,2,0,2,0,0,0,5,0,5
Tripura,2008,Rape,2,0,2,37,0,37,8,0,8,2,0,2,49,0,49
Tripura,2008,Kidnapping And Abduction,2,0,2,10,0,10,2,0,2,3,0,3,17,0,17
Tripura,2008,Dacoity,0,0,0,3,0,3,1,0,1,1,0,1,5,0,5
Tripura,2008,Prep. And Assembly For Dacoity,0,0,0,0,0,0,0,0,0,0,0,0,0,0,0
Tripura,2008,Robbery,0,0,0,5,0,5,2,0,2,1,0,1,8,0,8
Tripura,2008,Burglary,3,0,3,9,1,10,1,0,1,1,0,1,14,1,15
Tripura,2008,Thefts,2,0,2,19,0,19,7,0,7,8,0,8,36,0,36
Tripura,2008,Extortion,1,0,1,1,0,1,0,0,0,0,0,0,2,0,2
Tripura,2008,Riots,0,0,0,4,0,4,0,0,0,0,0,0,4,0,4
Tripura,2008,Arson,0,0,0,0,0,0,0,0,0,0,0,0,0,0,0
Tripura,2008,Criminal Breach Of Trust,0,0,0,2,0,2,9,0,9,0,0,0,11,0,11
Tripura,2008,Cheating,0,0,0,2,0,2,2,1,3,6,0,6,10,1,11
Tripura,2008,Counter Feiting,0,0,0,0,0,0,0,0,0,0,0,0,0,0,0
Tripura,2008,Dowry Deaths,0,0,0,7,0,7,3,2,5,2,1,3,12,3,15
Tripura,2008,Molestation,0,0,0,1,0,1,1,0,1,0,0,0,2,0,2
Tripura,2008,Eve-Teasing,0,0,0,0,0,0,0,0,0,0,0,0,0,0,0
Tripura,2008,Cruelty By Husband Or Relative Of Husband,0,0,0,31,0,31,35,1,36,20,0,20,86,1,87
Tripura,2008,Other Ipc Crimes,0,0,0,6,0,6,8,0,8,0,0,0,14,0,14
Tripura,2009,Murder,0,0,0,27,3,30,39,1,40,8,0,8,74,4,78
Tripura,2009,Attempt To Commit Murder,0,0,0,7,0,7,11,0,11,0,0,0,18,0,18
Tripura,2009,C.H. Not Amounting To Murder,0,0,0,1,0,1,1,0,1,0,0,0,2,0,2
Tripura,2009,Rape,0,0,0,8,0,8,19,0,19,2,0,2,29,0,29
Tripura,2009,Kidnapping And Abduction,0,0,0,18,1,19,2,0,2,1,0,1,21,1,22
Tripura,2009,Dacoity,0,0,0,1,0,1,0,0,0,0,0,0,1,0,1
Tripura,2009,Prep. And Assembly For Dacoity,0,0,0,0,0,0,0,0,0,0,0,0,0,0,0
Tripura,2009,Robbery,0,0,0,2,0,2,0,0,0,0,0,0,2,0,2
Tripura,2009,Burglary,0,0,0,5,0,5,2,0,2,0,0,0,7,0,7
Tripura,2009,Thefts,0,0,0,12,0,12,17,0,17,0,0,0,29,0,29
Tripura,2009,Extortion,0,0,0,6,0,6,0,0,0,0,0,0,6,0,6
Tripura,2009,Riots,0,0,0,2,0,2,2,0,2,0,0,0,4,0,4
Tripura,2009,Arson,0,0,0,2,0,2,1,0,1,0,0,0,3,0,3
Tripura,2009,Criminal Breach Of Trust,0,0,0,1,0,1,0,0,0,0,0,0,1,0,1
Tripura,2009,Cheating,0,0,0,0,0,0,0,0,0,0,0,0,0,0,0
Tripura,2009,Counter Feiting,0,0,0,1,0,1,1,0,1,0,0,0,2,0,2
Tripura,2009,Dowry Deaths,0,0,0,6,1,7,2,1,3,2,2,4,10,4,14
Tripura,2009,Molestation,0,0,0,0,0,0,0,0,0,0,0,0,0,0,0
Tripura,2009,Eve-Teasing,0,0,0,0,0,0,0,0,0,0,0,0,0,0,0
Tripura,2009,Cruelty By Husband Or Relative Of Husband,0,0,0,27,2,29,22,2,24,0,0,0,49,4,53
Tripura,2009,Other Ipc Crimes,0,0,0,12,0,12,4,2,6,1,0,1,17,2,19
Tripura,2010,Murder,0,0,0,50,2,52,32,2,34,2,0,2,84,4,88
Tripura,2010,Attempt To Commit Murder,0,0,0,2,0,2,6,0,6,0,0,0,8,0,8
Tripura,2010,C.H. Not Amounting To Murder,0,0,0,10,0,10,0,0,0,0,0,0,10,0,10
Tripura,2010,Rape,0,0,0,20,2,22,19,0,19,1,0,1,40,2,42
Tripura,2010,Kidnapping And Abduction,0,0,0,14,0,14,5,0,5,1,0,1,20,0,20
Tripura,2010,Dacoity,0,0,0,3,0,3,0,0,0,0,0,0,3,0,3
Tripura,2010,Prep. And Assembly For Dacoity,0,0,0,0,0,0,0,0,0,0,0,0,0,0,0
Tripura,2010,Robbery,0,0,0,7,0,7,1,0,1,0,0,0,8,0,8
Tripura,2010,Burglary,0,0,0,25,0,25,9,1,10,1,0,1,35,1,36
Tripura,2010,Thefts,0,0,0,35,0,35,10,0,10,0,0,0,45,0,45
Tripura,2010,Extortion,0,0,0,2,0,2,0,0,0,0,0,0,2,0,2
Tripura,2010,Riots,0,0,0,3,0,3,1,0,1,0,0,0,4,0,4
Tripura,2010,Arson,0,0,0,1,0,1,0,0,0,0,0,0,1,0,1
Tripura,2010,Criminal Breach Of Trust,0,0,0,0,0,0,0,0,0,0,0,0,0,0,0
Tripura,2010,Cheating,0,0,0,1,0,1,3,0,3,0,0,0,4,0,4
Tripura,2010,Counter Feiting,0,0,0,1,0,1,1,1,2,1,0,1,3,1,4
Tripura,2010,Dowry Deaths,0,0,0,0,0,0,1,0,1,0,0,0,1,0,1
Tripura,2010,Molestation,0,0,0,0,0,0,0,0,0,0,0,0,0,0,0
Tripura,2010,Eve-Teasing,0,0,0,0,0,0,0,0,0,0,0,0,0,0,0
Tripura,2010,Cruelty By Husband Or Relative Of Husband,0,0,0,13,0,13,23,1,24,2,0,2,38,1,39
Tripura,2010,Other Ipc Crimes,0,0,0,5,0,5,4,0,4,0,0,0,9,0,9
Tripura,2011,Murder,0,0,0,32,1,33,23,3,26,4,2,6,59,6,65
Tripura,2011,Attempt To Commit Murder,0,0,0,8,0,8,5,0,5,2,0,2,15,0,15
Tripura,2011,C.H. Not Amounting To Murder,0,0,0,2,0,2,1,0,1,0,0,0,3,0,3
Tripura,2011,Rape,0,0,0,22,2,24,5,0,5,3,0,3,30,2,32
Tripura,2011,Kidnapping And Abduction,0,0,0,13,0,13,6,1,7,1,0,1,20,1,21
Tripura,2011,Dacoity,0,0,0,8,0,8,0,0,0,0,0,0,8,0,8
Tripura,2011,Prep. And Assembly For Dacoity,0,0,0,0,0,0,0,0,0,0,0,0,0,0,0
Tripura,2011,Robbery,0,0,0,0,0,0,2,0,2,0,0,0,2,0,2
Tripura,2011,Burglary,0,0,0,9,0,9,4,0,4,0,0,0,13,0,13
Tripura,2011,Thefts,0,0,0,28,0,28,6,0,6,0,0,0,34,0,34
Tripura,2011,Extortion,0,0,0,0,0,0,0,0,0,0,0,0,0,0,0
Tripura,2011,Riots,0,0,0,1,0,1,0,0,0,0,0,0,1,0,1
Tripura,2011,Arson,0,0,0,0,0,0,0,0,0,0,0,0,0,0,0
Tripura,2011,Criminal Breach Of Trust,0,0,0,0,0,0,0,0,0,2,0,2,2,0,2
Tripura,2011,Cheating,0,0,0,1,0,1,1,0,1,0,0,0,2,0,2
Tripura,2011,Counter Feiting,0,0,0,0,0,0,0,0,0,0,0,0,0,0,0
Tripura,2011,Dowry Deaths,0,0,0,1,0,1,1,0,1,0,0,0,2,0,2
Tripura,2011,Molestation,0,0,0,0,0,0,1,0,1,0,0,0,1,0,1
Tripura,2011,Eve-Teasing,0,0,0,0,0,0,0,0,0,0,0,0,0,0,0
Tripura,2011,Cruelty By Husband Or Relative Of Husband,0,0,0,10,0,10,19,0,19,2,0,2,31,0,31
Tripura,2011,Other Ipc Crimes,0,0,0,9,0,9,6,0,6,1,0,1,16,0,16
Tripura,2012,Murder,0,0,0,30,1,31,35,2,37,6,1,7,71,4,75
Tripura,2012,Attempt To Commit Murder,0,0,0,8,0,8,10,0,10,0,0,0,18,0,18
Tripura,2012,C.H. Not Amounting To Murder,0,0,0,0,0,0,0,0,0,1,0,1,1,0,1
Tripura,2012,Rape,0,0,0,20,2,22,11,3,14,4,0,4,35,5,40
Tripura,2012,Kidnapping And Abduction,0,0,0,12,0,12,3,0,3,0,0,0,15,0,15
Tripura,2012,Dacoity,0,0,0,0,0,0,0,0,0,0,0,0,0,0,0
Tripura,2012,Prep. And Assembly For Dacoity,0,0,0,9,0,9,3,0,3,0,0,0,12,0,12
Tripura,2012,Robbery,0,0,0,2,0,2,2,0,2,0,0,0,4,0,4
Tripura,2012,Burglary,0,0,0,5,0,5,0,0,0,0,0,0,5,0,5
Tripura,2012,Thefts,0,0,0,37,0,37,12,1,13,0,0,0,49,1,50
Tripura,2012,Extortion,0,0,0,0,0,0,5,0,5,0,0,0,5,0,5
Tripura,2012,Riots,0,0,0,1,0,1,2,0,2,0,0,0,3,0,3
Tripura,2012,Arson,0,0,0,2,0,2,1,0,1,1,0,1,4,0,4
Tripura,2012,Criminal Breach Of Trust,0,0,0,0,0,0,0,0,0,0,0,0,0,0,0
Tripura,2012,Cheating,0,0,0,3,0,3,1,1,2,0,0,0,4,1,5
Tripura,2012,Counter Feiting,0,0,0,3,0,3,4,0,4,0,0,0,7,0,7
Tripura,2012,Dowry Deaths,0,0,0,0,0,0,1,1,2,0,1,1,1,2,3
Tripura,2012,Molestation,0,0,0,0,0,0,0,0,0,0,0,0,0,0,0
Tripura,2012,Eve-Teasing,0,0,0,0,0,0,0,0,0,0,0,0,0,0,0
Tripura,2012,Cruelty By Husband Or Relative Of Husband,0,0,0,18,0,18,26,1,27,5,0,5,49,1,50
Tripura,2012,Other Ipc Crimes,0,0,0,19,0,19,11,0,11,3,0,3,33,0,33
Uttar Pradesh,2001,Murder,213,0,213,2302,63,2365,2705,35,2740,513,12,525,5733,110,5843
Uttar Pradesh,2001,Attempt To Commit Murder,67,0,67,1911,21,1932,2371,22,2393,343,2,345,4692,45,4737
Uttar Pradesh,2001,C.H. Not Amounting To Murder,55,3,58,854,12,866,892,31,923,300,10,310,2101,56,2157
Uttar Pradesh,2001,Rape,72,3,75,969,21,990,677,18,695,97,0,97,1815,42,1857
Uttar Pradesh,2001,Kidnapping And Abduction,27,1,28,914,0,914,503,41,544,162,0,162,1606,42,1648
Uttar Pradesh,2001,Dacoity,21,0,21,878,2,880,506,2,508,188,0,188,1593,4,1597
Uttar Pradesh,2001,Prep. And Assembly For Dacoity,9,0,9,421,3,424,388,0,388,82,0,82,900,3,903
Uttar Pradesh,2001,Robbery,21,0,21,945,4,949,863,1,864,101,0,101,1930,5,1935
Uttar Pradesh,2001,Burglary,21,0,21,385,2,387,330,0,330,137,0,137,873,2,875
Uttar Pradesh,2001,Thefts,85,0,85,1279,26,1305,1011,26,1037,124,0,124,2499,52,2551
Uttar Pradesh,2001,Extortion,0,0,0,140,0,140,123,9,132,40,0,40,303,9,312
Uttar Pradesh,2001,Riots,1,0,1,81,1,82,132,0,132,163,0,163,377,1,378
Uttar Pradesh,2001,Arson,0,0,0,48,0,48,65,4,69,74,0,74,187,4,191
Uttar Pradesh,2001,Criminal Breach Of Trust,0,0,0,97,0,97,152,0,152,57,0,57,306,0,306
Uttar Pradesh,2001,Cheating,7,0,7,157,4,161,215,1,216,59,0,59,438,5,443
Uttar Pradesh,2001,Counter Feiting,0,0,0,28,0,28,80,0,80,7,0,7,115,0,115
Uttar Pradesh,2001,Dowry Deaths,21,1,22,871,88,959,765,90,855,249,33,282,1906,212,2118
Uttar Pradesh,2001,Molestation,0,0,0,18,1,19,34,0,34,6,0,6,58,1,59
Uttar Pradesh,2001,Eve-Teasing,0,0,0,2,0,2,2,0,2,0,0,0,4,0,4
Uttar Pradesh,2001,Cruelty By Husband Or Relative Of Husband,2,0,2,345,22,367,314,48,362,145,10,155,806,80,886
Uttar Pradesh,2001,Other Ipc Crimes,0,0,0,0,0,0,0,0,0,0,0,0,0,0,0
Uttar Pradesh,2002,Murder,55,0,55,3634,70,3704,3237,75,3312,1076,19,1095,8002,164,8166
Uttar Pradesh,2002,Attempt To Commit Murder,40,0,40,2106,11,2117,1694,18,1712,543,2,545,4383,31,4414
Uttar Pradesh,2002,C.H. Not Amounting To Murder,21,0,21,486,6,492,588,28,616,213,7,220,1308,41,1349
Uttar Pradesh,2002,Rape,14,0,14,1028,4,1032,527,5,532,111,0,111,1680,9,1689
Uttar Pradesh,2002,Kidnapping And Abduction,15,1,16,864,24,888,773,29,802,257,5,262,1909,59,1968
Uttar Pradesh,2002,Dacoity,6,0,6,736,2,738,690,4,694,163,0,163,1595,6,1601
Uttar Pradesh,2002,Prep. And Assembly For Dacoity,6,0,6,286,4,290,242,0,242,26,0,26,560,4,564
Uttar Pradesh,2002,Robbery,1,0,1,643,2,645,627,1,628,210,0,210,1481,3,1484
Uttar Pradesh,2002,Burglary,2,0,2,343,2,345,359,1,360,57,0,57,761,3,764
Uttar Pradesh,2002,Thefts,72,0,72,1588,14,1602,1499,27,1526,348,1,349,3507,42,3549
Uttar Pradesh,2002,Extortion,0,0,0,42,0,42,44,0,44,7,0,7,93,0,93
Uttar Pradesh,2002,Riots,0,0,0,97,0,97,141,0,141,28,0,28,266,0,266
Uttar Pradesh,2002,Arson,0,0,0,53,0,53,51,0,51,12,0,12,116,0,116
Uttar Pradesh,2002,Criminal Breach Of Trust,0,0,0,78,0,78,128,1,129,38,0,38,244,1,245
Uttar Pradesh,2002,Cheating,0,0,0,54,1,55,143,5,148,43,3,46,240,9,249
Uttar Pradesh,2002,Counter Feiting,2,0,2,131,9,140,105,11,116,49,2,51,287,22,309
Uttar Pradesh,2002,Dowry Deaths,21,2,23,696,68,764,679,123,802,304,47,351,1700,240,1940
Uttar Pradesh,2002,Molestation,0,0,0,28,0,28,46,0,46,10,0,10,84,0,84
Uttar Pradesh,2002,Eve-Teasing,0,0,0,3,0,3,3,0,3,1,0,1,7,0,7
Uttar Pradesh,2002,Cruelty By Husband Or Relative Of Husband,0,0,0,730,36,766,505,34,539,174,7,181,1409,77,1486
Uttar Pradesh,2002,Other Ipc Crimes,10,0,10,433,5,438,463,6,469,189,0,189,1095,11,1106
Uttar Pradesh,2003,Murder,53,2,55,3967,66,4033,2373,69,2442,746,10,756,7139,147,7286
Uttar Pradesh,2003,Attempt To Commit Murder,33,0,33,2066,23,2089,1689,24,1713,470,4,474,4258,51,4309
Uttar Pradesh,2003,C.H. Not Amounting To Murder,14,0,14,573,8,581,524,24,548,180,3,183,1291,35,1326
Uttar Pradesh,2003,Rape,14,0,14,889,7,896,559,13,572,72,0,72,1534,20,1554
Uttar Pradesh,2003,Kidnapping And Abduction,15,0,15,874,22,896,581,25,606,178,5,183,1648,52,1700
Uttar Pradesh,2003,Dacoity,6,0,6,787,0,787,513,4,517,124,0,124,1430,4,1434
Uttar Pradesh,2003,Prep. And Assembly For Dacoity,4,0,4,258,0,258,274,0,274,35,0,35,571,0,571
Uttar Pradesh,2003,Robbery,8,0,8,798,3,801,694,1,695,100,0,100,1600,4,1604
Uttar Pradesh,2003,Burglary,0,0,0,443,1,444,402,5,407,38,0,38,883,6,889
Uttar Pradesh,2003,Thefts,36,4,40,1629,10,1639,427,9,436,156,0,156,2248,23,2271
Uttar Pradesh,2003,Extortion,0,0,0,107,0,107,53,0,53,4,0,4,164,0,164
Uttar Pradesh,2003,Riots,0,0,0,93,6,99,204,0,204,23,0,23,320,6,326
Uttar Pradesh,2003,Arson,0,0,0,25,0,25,88,0,88,17,0,17,130,0,130
Uttar Pradesh,2003,Criminal Breach Of Trust,8,0,8,96,0,96,140,0,140,38,0,38,282,0,282
Uttar Pradesh,2003,Cheating,0,0,0,144,0,144,153,0,153,52,2,54,349,2,351
Uttar Pradesh,2003,Counter Feiting,6,0,6,135,0,135,127,7,134,47,0,47,315,7,322
Uttar Pradesh,2003,Dowry Deaths,0,0,0,841,44,885,597,72,669,153,33,186,1591,149,1740
Uttar Pradesh,2003,Molestation,0,0,0,62,0,62,66,0,66,0,0,0,128,0,128
Uttar Pradesh,2003,Eve-Teasing,0,0,0,35,0,35,32,0,32,0,0,0,67,0,67
Uttar Pradesh,2003,Cruelty By Husband Or Relative Of Husband,0,0,0,488,51,539,330,38,368,125,10,135,943,99,1042
Uttar Pradesh,2003,Other Ipc Crimes,0,0,0,0,0,0,0,0,0,0,0,0,0,0,0
Uttar Pradesh,2004,Murder,21,0,21,3733,65,3798,2031,62,2093,698,17,715,6483,144,6627
Uttar Pradesh,2004,Attempt To Commit Murder,8,0,8,1557,12,1569,1555,16,1571,429,1,430,3549,29,3578
Uttar Pradesh,2004,C.H. Not Amounting To Murder,1,0,1,403,7,410,755,20,775,148,1,149,1307,28,1335
Uttar Pradesh,2004,Rape,10,0,10,716,3,719,539,4,543,60,2,62,1325,9,1334
Uttar Pradesh,2004,Kidnapping And Abduction,4,2,6,583,18,601,636,55,691,207,6,213,1430,81,1511
Uttar Pradesh,2004,Dacoity,2,0,2,541,1,542,766,0,766,108,0,108,1417,1,1418
Uttar Pradesh,2004,Prep. And Assembly For Dacoity,3,0,3,260,0,260,350,1,351,88,0,88,701,1,702
Uttar Pradesh,2004,Robbery,3,0,3,522,1,523,725,0,725,103,0,103,1353,1,1354
Uttar Pradesh,2004,Burglary,0,0,0,190,2,192,266,3,269,40,2,42,496,7,503
Uttar Pradesh,2004,Thefts,24,0,24,1536,15,1551,1237,25,1262,128,1,129,2925,41,2966
Uttar Pradesh,2004,Extortion,0,0,0,123,0,123,158,0,158,29,0,29,310,0,310
Uttar Pradesh,2004,Riots,0,0,0,107,0,107,171,6,177,49,3,52,327,9,336
Uttar Pradesh,2004,Arson,1,0,1,46,0,46,72,0,72,5,0,5,124,0,124
Uttar Pradesh,2004,Criminal Breach Of Trust,1,0,1,81,0,81,134,1,135,50,0,50,266,1,267
Uttar Pradesh,2004,Cheating,0,0,0,90,7,97,243,8,251,93,7,100,426,22,448
Uttar Pradesh,2004,Counter Feiting,0,0,0,62,2,64,75,0,75,22,2,24,159,4,163
Uttar Pradesh,2004,Dowry Deaths,6,0,6,718,66,784,943,37,980,146,22,168,1813,125,1938
Uttar Pradesh,2004,Molestation,0,0,0,57,2,59,60,9,69,19,0,19,136,11,147
Uttar Pradesh,2004,Eve-Teasing,0,0,0,18,0,18,8,0,8,3,0,3,29,0,29
Uttar Pradesh,2004,Cruelty By Husband Or Relative Of Husband,0,0,0,207,12,219,314,13,327,85,6,91,606,31,637
Uttar Pradesh,2004,Other Ipc Crimes,5,0,5,335,4,339,513,0,513,0,0,0,853,4,857
Uttar Pradesh,2005,Murder,57,0,57,1021,35,1056,3047,101,3148,397,18,415,4522,154,4676
Uttar Pradesh,2005,Attempt To Commit Murder,109,0,109,834,6,840,1679,72,1751,337,10,347,2959,88,3047
Uttar Pradesh,2005,C.H. Not Amounting To Murder,2,0,2,482,11,493,607,13,620,107,6,113,1198,30,1228
Uttar Pradesh,2005,Rape,54,0,54,804,1,805,567,5,572,74,0,74,1499,6,1505
Uttar Pradesh,2005,Kidnapping And Abduction,6,0,6,821,29,850,786,27,813,122,8,130,1735,64,1799
Uttar Pradesh,2005,Dacoity,15,0,15,613,0,613,724,0,724,94,0,94,1446,0,1446
Uttar Pradesh,2005,Prep. And Assembly For Dacoity,4,0,4,236,0,236,264,0,264,55,0,55,559,0,559
Uttar Pradesh,2005,Robbery,3,0,3,790,9,799,814,6,820,90,1,91,1697,16,1713
Uttar Pradesh,2005,Burglary,31,0,31,274,0,274,323,5,328,53,1,54,681,6,687
Uttar Pradesh,2005,Thefts,17,0,17,1205,22,1227,1207,24,1231,162,1,163,2591,47,2638
Uttar Pradesh,2005,Extortion,0,0,0,319,0,319,261,0,261,57,0,57,637,0,637
Uttar Pradesh,2005,Riots,0,0,0,165,2,167,152,1,153,69,0,69,386,3,389
Uttar Pradesh,2005,Arson,1,0,1,35,0,35,60,0,60,9,0,9,105,0,105
Uttar Pradesh,2005,Criminal Breach Of Trust,0,0,0,77,0,77,131,1,132,41,0,41,249,1,250
Uttar Pradesh,2005,Cheating,0,0,0,125,0,125,255,7,262,86,1,87,466,8,474
Uttar Pradesh,2005,Counter Feiting,0,0,0,73,0,73,61,0,61,23,0,23,157,0,157
Uttar Pradesh,2005,Dowry Deaths,2,0,2,767,50,817,1058,129,1187,385,30,415,2212,209,2421
Uttar Pradesh,2005,Molestation,0,0,0,101,1,102,72,3,75,8,0,8,181,4,185
Uttar Pradesh,2005,Eve-Teasing,1,0,1,16,0,16,17,0,17,4,0,4,38,0,38
Uttar Pradesh,2005,Cruelty By Husband Or Relative Of Husband,0,0,0,376,24,400,358,23,381,150,6,156,884,53,937
Uttar Pradesh,2005,Other Ipc Crimes,15,0,15,408,5,413,1344,17,1361,0,0,0,1767,22,1789
Uttar Pradesh,2006,Murder,31,0,31,3193,84,3277,5138,101,5239,1367,22,1389,9729,207,9936
Uttar Pradesh,2006,Attempt To Commit Murder,29,1,30,2289,26,2315,2371,37,2408,863,14,877,5552,78,5630
Uttar Pradesh,2006,C.H. Not Amounting To Murder,7,0,7,592,22,614,675,25,700,257,12,269,1531,59,1590
Uttar Pradesh,2006,Rape,19,0,19,846,14,860,717,10,727,172,0,172,1754,24,1778
Uttar Pradesh,2006,Kidnapping And Abduction,7,0,7,738,35,773,843,36,879,376,11,387,1964,82,2046
Uttar Pradesh,2006,Dacoity,11,0,11,690,0,690,790,3,793,219,3,222,1710,6,1716
Uttar Pradesh,2006,Prep. And Assembly For Dacoity,0,0,0,362,1,363,359,3,362,97,0,97,818,4,822
Uttar Pradesh,2006,Robbery,10,0,10,840,8,848,873,7,880,188,0,188,1911,15,1926
Uttar Pradesh,2006,Burglary,2,0,2,356,4,360,373,7,380,133,3,136,864,14,878
Uttar Pradesh,2006,Thefts,20,0,20,1979,35,2014,1677,34,1711,452,3,455,4128,72,4200
Uttar Pradesh,2006,Extortion,0,0,0,140,0,140,148,0,148,50,0,50,338,0,338
Uttar Pradesh,2006,Riots,0,0,0,145,0,145,164,1,165,89,0,89,398,1,399
Uttar Pradesh,2006,Arson,1,0,1,74,0,74,87,1,88,14,0,14,176,1,177
Uttar Pradesh,2006,Criminal Breach Of Trust,1,0,1,141,3,144,169,7,176,65,0,65,376,10,386
Uttar Pradesh,2006,Cheating,2,0,2,166,1,167,237,12,249,101,4,105,506,17,523
Uttar Pradesh,2006,Counter Feiting,0,0,0,37,0,37,71,1,72,33,1,34,141,2,143
Uttar Pradesh,2006,Dowry Deaths,2,2,4,1103,121,1224,1205,235,1440,529,102,631,2839,460,3299
Uttar Pradesh,2006,Molestation,0,0,0,56,3,59,47,6,53,17,2,19,120,11,131
Uttar Pradesh,2006,Eve-Teasing,1,0,1,24,0,24,24,1,25,10,0,10,59,1,60
Uttar Pradesh,2006,Cruelty By Husband Or Relative Of Husband,0,0,0,437,21,458,408,47,455,164,9,173,1009,77,1086
Uttar Pradesh,2006,Other Ipc Crimes,9,0,9,511,17,528,441,16,457,93,4,97,1054,37,1091
Uttar Pradesh,2007,Murder,4,0,4,3643,81,3724,4237,137,4374,861,32,893,8745,250,8995
Uttar Pradesh,2007,Attempt To Commit Murder,3,0,3,1812,17,1829,2327,24,2351,371,2,373,4513,43,4556
Uttar Pradesh,2007,C.H. Not Amounting To Murder,0,0,0,635,26,661,737,57,794,207,26,233,1579,109,1688
Uttar Pradesh,2007,Rape,0,0,0,1030,33,1063,857,9,866,182,4,186,2069,46,2115
Uttar Pradesh,2007,Kidnapping And Abduction,2,0,2,854,34,888,982,46,1028,148,17,165,1986,97,2083
Uttar Pradesh,2007,Dacoity,0,0,0,596,1,597,771,4,775,141,1,142,1508,6,1514
Uttar Pradesh,2007,Prep. And Assembly For Dacoity,2,0,2,393,0,393,411,1,412,83,0,83,889,1,890
Uttar Pradesh,2007,Robbery,0,0,0,764,2,766,779,4,783,169,0,169,1712,6,1718
Uttar Pradesh,2007,Burglary,0,0,0,373,5,378,399,9,408,127,6,133,899,20,919
Uttar Pradesh,2007,Thefts,0,0,0,2029,22,2051,1652,32,1684,203,2,205,3884,56,3940
Uttar Pradesh,2007,Extortion,0,0,0,198,0,198,163,0,163,115,0,115,476,0,476
Uttar Pradesh,2007,Riots,0,0,0,133,0,133,179,0,179,130,0,130,442,0,442
Uttar Pradesh,2007,Arson,0,0,0,89,0,89,90,1,91,16,0,16,195,1,196
Uttar Pradesh,2007,Criminal Breach Of Trust,0,0,0,109,0,109,148,3,151,43,1,44,300,4,304
Uttar Pradesh,2007,Cheating,0,0,0,260,4,264,360,8,368,107,3,110,727,15,742
Uttar Pradesh,2007,Counter Feiting,0,0,0,127,8,135,125,16,141,53,7,60,305,31,336
Uttar Pradesh,2007,Dowry Deaths,2,0,2,1346,133,1479,1309,280,1589,645,69,714,3302,482,3784
Uttar Pradesh,2007,Molestation,0,0,0,68,0,68,69,0,69,10,0,10,147,0,147
Uttar Pradesh,2007,Eve-Teasing,0,0,0,21,0,21,6,0,6,1,0,1,28,0,28
Uttar Pradesh,2007,Cruelty By Husband Or Relative Of Husband,0,0,0,590,29,619,520,44,564,235,18,253,1345,91,1436
Uttar Pradesh,2007,Other Ipc Crimes,0,0,0,316,12,328,392,66,458,98,1,99,806,79,885
Uttar Pradesh,2008,Murder,5,1,6,3012,94,3106,4198,142,4340,856,45,901,8071,282,8353
Uttar Pradesh,2008,Attempt To Commit Murder,2,0,2,1619,16,1635,2150,27,2177,417,2,419,4188,45,4233
Uttar Pradesh,2008,C.H. Not Amounting To Murder,1,0,1,634,31,665,769,41,810,370,8,378,1774,80,1854
Uttar Pradesh,2008,Rape,0,0,0,1312,9,1321,980,14,994,256,6,262,2548,29,2577
Uttar Pradesh,2008,Kidnapping And Abduction,0,0,0,988,55,1043,1146,77,1223,404,23,427,2538,155,2693
Uttar Pradesh,2008,Dacoity,0,0,0,613,2,615,841,5,846,239,2,241,1693,9,1702
Uttar Pradesh,2008,Prep. And Assembly For Dacoity,0,0,0,383,0,383,471,1,472,107,0,107,961,1,962
Uttar Pradesh,2008,Robbery,0,0,0,921,4,925,1052,4,1056,235,0,235,2208,8,2216
Uttar Pradesh,2008,Burglary,2,0,2,387,4,391,492,5,497,184,2,186,1065,11,1076
Uttar Pradesh,2008,Thefts,6,0,6,2231,29,2260,1590,32,1622,437,9,446,4264,70,4334
Uttar Pradesh,2008,Extortion,0,0,0,367,0,367,345,4,349,121,1,122,833,5,838
Uttar Pradesh,2008,Riots,0,0,0,169,4,173,237,6,243,116,1,117,522,11,533
Uttar Pradesh,2008,Arson,0,0,0,89,0,89,100,3,103,24,0,24,213,3,216
Uttar Pradesh,2008,Criminal Breach Of Trust,0,0,0,120,1,121,153,5,158,42,0,42,315,6,321
Uttar Pradesh,2008,Cheating,0,0,0,245,2,247,334,11,345,140,2,142,719,15,734
Uttar Pradesh,2008,Counter Feiting,0,0,0,136,22,158,129,11,140,76,10,86,341,43,384
Uttar Pradesh,2008,Dowry Deaths,3,0,3,1474,131,1605,1364,386,1750,669,125,794,3510,642,4152
Uttar Pradesh,2008,Molestation,0,0,0,71,0,71,69,0,69,27,0,27,167,0,167
Uttar Pradesh,2008,Eve-Teasing,0,0,0,17,0,17,21,0,21,8,0,8,46,0,46
Uttar Pradesh,2008,Cruelty By Husband Or Relative Of Husband,0,0,0,613,30,643,458,84,542,256,33,289,1327,147,1474
Uttar Pradesh,2008,Other Ipc Crimes,0,0,0,337,15,352,344,33,377,138,7,145,819,55,874
Uttar Pradesh,2009,Murder,0,0,0,3781,136,3917,3850,112,3962,1277,27,1304,8908,275,9183
Uttar Pradesh,2009,Attempt To Commit Murder,0,0,0,2345,23,2368,1947,39,1986,747,9,756,5039,71,5110
Uttar Pradesh,2009,C.H. Not Amounting To Murder,0,0,0,732,26,758,752,35,787,358,11,369,1842,72,1914
Uttar Pradesh,2009,Rape,0,0,0,1426,13,1439,847,19,866,311,4,315,2584,36,2620
Uttar Pradesh,2009,Kidnapping And Abduction,0,0,0,1341,56,1397,993,88,1081,411,12,423,2745,156,2901
Uttar Pradesh,2009,Dacoity,0,0,0,718,1,719,674,5,679,170,0,170,1562,6,1568
Uttar Pradesh,2009,Prep. And Assembly For Dacoity,0,0,0,365,0,365,378,0,378,84,1,85,827,1,828
Uttar Pradesh,2009,Robbery,0,0,0,1002,8,1010,948,4,952,278,0,278,2228,12,2240
Uttar Pradesh,2009,Burglary,0,0,0,321,13,334,381,4,385,232,1,233,934,18,952
Uttar Pradesh,2009,Thefts,0,0,0,2382,35,2417,1785,27,1812,492,14,506,4659,76,4735
Uttar Pradesh,2009,Extortion,0,0,0,175,3,178,161,2,163,52,0,52,388,5,393
Uttar Pradesh,2009,Riots,0,0,0,190,0,190,176,0,176,60,0,60,426,0,426
Uttar Pradesh,2009,Arson,0,0,0,112,0,112,137,0,137,39,1,40,288,1,289
Uttar Pradesh,2009,Criminal Breach Of Trust,0,0,0,144,3,147,159,5,164,69,3,72,372,11,383
Uttar Pradesh,2009,Cheating,0,0,0,433,12,445,459,25,484,171,5,176,1063,42,1105
Uttar Pradesh,2009,Counter Feiting,0,0,0,132,3,135,120,6,126,64,3,67,316,12,328
Uttar Pradesh,2009,Dowry Deaths,0,0,0,1708,134,1842,1619,339,1958,979,225,1204,4306,698,5004
Uttar Pradesh,2009,Molestation,0,0,0,108,2,110,67,1,68,30,3,33,205,6,211
Uttar Pradesh,2009,Eve-Teasing,0,0,0,33,0,33,16,0,16,10,0,10,59,0,59
Uttar Pradesh,2009,Cruelty By Husband Or Relative Of Husband,0,0,0,674,40,714,534,60,594,246,25,271,1454,125,1579
Uttar Pradesh,2009,Other Ipc Crimes,0,0,0,385,9,394,299,33,332,179,10,189,863,52,915
Uttar Pradesh,2010,Murder,0,0,0,3680,122,3802,3650,98,3748,1148,22,1170,8478,242,8720
Uttar Pradesh,2010,Attempt To Commit Murder,0,0,0,2296,22,2318,1842,35,1877,698,8,706,4836,65,4901
Uttar Pradesh,2010,C.H. Not Amounting To Murder,0,0,0,685,24,709,732,32,764,322,9,331,1739,65,1804
Uttar Pradesh,2010,Rape,0,0,0,1396,13,1409,802,15,817,305,3,308,2503,31,2534
Uttar Pradesh,2010,Kidnapping And Abduction,0,0,0,1321,54,1375,854,74,928,398,9,407,2573,137,2710
Uttar Pradesh,2010,Dacoity,0,0,0,698,1,699,588,5,593,168,0,168,1454,6,1460
Uttar Pradesh,2010,Prep. And Assembly For Dacoity,0,0,0,344,0,344,322,0,322,48,1,49,714,1,715
Uttar Pradesh,2010,Robbery,0,0,0,992,8,1000,896,4,900,271,0,271,2159,12,2171
Uttar Pradesh,2010,Burglary,0,0,0,301,13,314,342,4,346,201,1,202,844,18,862
Uttar Pradesh,2010,Thefts,0,0,0,2291,32,2323,1628,18,1646,448,11,459,4367,61,4428
Uttar Pradesh,2010,Extortion,0,0,0,154,3,157,131,2,133,52,0,52,337,5,342
Uttar Pradesh,2010,Riots,0,0,0,168,0,168,112,0,112,58,0,58,338,0,338
Uttar Pradesh,2010,Arson,0,0,0,106,0,106,122,0,122,35,1,36,263,1,264
Uttar Pradesh,2010,Criminal Breach Of Trust,0,0,0,136,3,139,124,3,127,65,2,67,325,8,333
Uttar Pradesh,2010,Cheating,0,0,0,424,9,433,398,18,416,168,4,172,990,31,1021
Uttar Pradesh,2010,Counter Feiting,0,0,0,126,3,129,112,6,118,64,2,66,302,11,313
Uttar Pradesh,2010,Dowry Deaths,0,0,0,1696,132,1828,1546,298,1844,954,208,1162,4196,638,4834
Uttar Pradesh,2010,Molestation,0,0,0,96,2,98,48,1,49,30,3,33,174,6,180
Uttar Pradesh,2010,Eve-Teasing,0,0,0,31,0,31,14,0,14,10,0,10,55,0,55
Uttar Pradesh,2010,Cruelty By Husband Or Relative Of Husband,0,0,0,635,29,664,498,48,546,246,25,271,1379,102,1481
Uttar Pradesh,2010,Other Ipc Crimes,0,0,0,376,5,381,299,22,321,179,10,189,854,37,891
Uttar Pradesh,2011,Murder,0,0,0,3604,137,3741,3581,117,3698,1127,29,1156,8312,283,8595
Uttar Pradesh,2011,Attempt To Commit Murder,0,0,0,2254,33,2287,1812,47,1859,661,12,673,4727,92,4819
Uttar Pradesh,2011,C.H. Not Amounting To Murder,0,0,0,634,31,665,717,39,756,317,13,330,1668,83,1751
Uttar Pradesh,2011,Rape,0,0,0,1342,17,1359,772,19,791,296,6,302,2410,42,2452
Uttar Pradesh,2011,Kidnapping And Abduction,0,0,0,1284,63,1347,843,91,934,378,15,393,2505,169,2674
Uttar Pradesh,2011,Dacoity,0,0,0,631,1,632,536,7,543,154,0,154,1321,8,1329
Uttar Pradesh,2011,Prep. And Assembly For Dacoity,0,0,0,302,0,302,326,0,326,42,3,45,670,3,673
Uttar Pradesh,2011,Robbery,0,0,0,904,11,915,804,6,810,269,0,269,1977,17,1994
Uttar Pradesh,2011,Burglary,0,0,0,283,17,300,309,7,316,194,4,198,786,28,814
Uttar Pradesh,2011,Thefts,0,0,0,2162,37,2199,1604,23,1627,424,18,442,4190,78,4268
Uttar Pradesh,2011,Extortion,0,0,0,124,2,126,117,3,120,44,0,44,285,5,290
Uttar Pradesh,2011,Riots,0,0,0,129,0,129,105,0,105,51,0,51,285,0,285
Uttar Pradesh,2011,Arson,0,0,0,94,0,94,112,0,112,31,2,33,237,2,239
Uttar Pradesh,2011,Criminal Breach Of Trust,0,0,0,104,6,110,107,6,113,54,4,58,265,16,281
Uttar Pradesh,2011,Cheating,0,0,0,411,17,428,352,27,379,147,6,153,910,50,960
Uttar Pradesh,2011,Counter Feiting,0,0,0,118,4,122,102,9,111,59,3,62,279,16,295
Uttar Pradesh,2011,Dowry Deaths,0,0,0,1624,144,1768,1492,313,1805,931,231,1162,4047,688,4735
Uttar Pradesh,2011,Molestation,0,0,0,74,2,76,37,3,40,29,4,33,140,9,149
Uttar Pradesh,2011,Eve-Teasing,0,0,0,27,0,27,11,0,11,9,0,9,47,0,47
Uttar Pradesh,2011,Cruelty By Husband Or Relative Of Husband,0,0,0,602,37,639,442,52,494,236,27,263,1280,116,1396
Uttar Pradesh,2011,Other Ipc Crimes,0,0,0,334,7,341,262,25,287,199,17,216,795,49,844
Uttar Pradesh,2012,Murder,0,0,0,3592,141,3733,3585,124,3709,1121,31,1152,8298,296,8594
Uttar Pradesh,2012,Attempt To Commit Murder,0,0,0,2242,35,2277,1812,51,1863,658,14,672,4712,100,4812
Uttar Pradesh,2012,C.H. Not Amounting To Murder,0,0,0,624,33,657,704,39,743,315,15,330,1643,87,1730
Uttar Pradesh,2012,Rape,0,0,0,1302,17,1319,767,21,788,294,7,301,2363,45,2408
Uttar Pradesh,2012,Kidnapping And Abduction,0,0,0,1271,65,1336,839,89,928,374,16,390,2484,170,2654
Uttar Pradesh,2012,Dacoity,0,0,0,625,3,628,531,8,539,153,0,153,1309,11,1320
Uttar Pradesh,2012,Prep. And Assembly For Dacoity,0,0,0,298,0,298,319,0,319,40,2,42,657,2,659
Uttar Pradesh,2012,Robbery,0,0,0,894,11,905,798,9,807,268,0,268,1960,20,1980
Uttar Pradesh,2012,Burglary,0,0,0,281,18,299,306,6,312,191,3,194,778,27,805
Uttar Pradesh,2012,Thefts,0,0,0,2149,37,2186,1591,26,1617,419,19,438,4159,82,4241
Uttar Pradesh,2012,Extortion,0,0,0,121,2,123,116,4,120,42,0,42,279,6,285
Uttar Pradesh,2012,Riots,0,0,0,126,0,126,103,0,103,49,0,49,278,0,278
Uttar Pradesh,2012,Arson,0,0,0,92,0,92,109,0,109,30,3,33,231,3,234
Uttar Pradesh,2012,Criminal Breach Of Trust,0,0,0,101,6,107,106,5,111,52,6,58,259,17,276
Uttar Pradesh,2012,Cheating,0,0,0,411,16,427,348,29,377,144,5,149,903,50,953
Uttar Pradesh,2012,Counter Feiting,0,0,0,117,5,122,98,8,106,58,2,60,273,15,288
Uttar Pradesh,2012,Dowry Deaths,0,0,0,1607,148,1755,1487,319,1806,929,237,1166,4023,704,4727
Uttar Pradesh,2012,Molestation,0,0,0,71,2,73,35,3,38,28,3,31,134,8,142
Uttar Pradesh,2012,Eve-Teasing,0,0,0,26,0,26,11,0,11,8,0,8,45,0,45
Uttar Pradesh,2012,Cruelty By Husband Or Relative Of Husband,0,0,0,597,36,633,439,53,492,234,28,262,1270,117,1387
Uttar Pradesh,2012,Other Ipc Crimes,0,0,0,334,6,340,259,24,283,197,16,213,790,46,836
Uttaranchal,2001,Murder,8,0,8,213,12,225,98,0,98,11,0,11,330,12,342
Uttaranchal,2001,Attempt To Commit Murder,0,0,0,61,0,61,41,13,54,4,0,4,106,13,119
Uttaranchal,2001,C.H. Not Amounting To Murder,0,0,0,0,0,0,0,0,0,0,0,0,0,0,0
Uttaranchal,2001,Rape,3,0,3,21,0,21,38,0,38,2,0,2,64,0,64
Uttaranchal,2001,Kidnapping And Abduction,0,0,0,0,0,0,11,0,11,0,0,0,11,0,11
Uttaranchal,2001,Dacoity,11,0,11,18,0,18,70,0,70,8,0,8,107,0,107
Uttaranchal,2001,Prep. And Assembly For Dacoity,0,0,0,0,0,0,0,0,0,0,0,0,0,0,0
Uttaranchal,2001,Robbery,0,0,0,18,0,18,18,0,18,0,0,0,36,0,36
Uttaranchal,2001,Burglary,0,0,0,0,0,0,0,0,0,0,0,0,0,0,0
Uttaranchal,2001,Thefts,18,0,18,135,4,139,54,9,63,31,0,31,238,13,251
Uttaranchal,2001,Extortion,0,0,0,0,0,0,0,0,0,0,0,0,0,0,0
Uttaranchal,2001,Riots,31,0,31,61,0,61,43,0,43,20,0,20,155,0,155
Uttaranchal,2001,Arson,0,0,0,0,0,0,0,0,0,0,0,0,0,0,0
Uttaranchal,2001,Criminal Breach Of Trust,0,0,0,0,0,0,50,0,50,0,0,0,50,0,50
Uttaranchal,2001,Cheating,0,0,0,0,0,0,9,0,9,0,0,0,9,0,9
Uttaranchal,2001,Counter Feiting,0,0,0,0,0,0,0,0,0,0,0,0,0,0,0
Uttaranchal,2001,Dowry Deaths,2,0,2,183,9,192,19,3,22,80,8,88,284,20,304
Uttaranchal,2001,Molestation,0,0,0,0,0,0,0,0,0,0,0,0,0,0,0
Uttaranchal,2001,Eve-Teasing,0,0,0,0,0,0,0,0,0,0,0,0,0,0,0
Uttaranchal,2001,Cruelty By Husband Or Relative Of Husband,0,0,0,0,0,0,0,0,0,0,0,0,0,0,0
Uttaranchal,2001,Other Ipc Crimes,0,0,0,0,0,0,0,0,0,0,0,0,0,0,0
Uttaranchal,2002,Murder,7,0,7,84,2,86,79,1,80,37,1,38,207,4,211
Uttaranchal,2002,Attempt To Commit Murder,10,0,10,76,1,77,74,1,75,11,0,11,171,2,173
Uttaranchal,2002,C.H. Not Amounting To Murder,0,0,0,10,0,10,29,0,29,13,0,13,52,0,52
Uttaranchal,2002,Rape,7,0,7,40,2,42,26,0,26,3,0,3,76,2,78
Uttaranchal,2002,Kidnapping And Abduction,6,0,6,36,1,37,51,0,51,8,1,9,101,2,103
Uttaranchal,2002,Dacoity,0,0,0,21,1,22,37,0,37,4,0,4,62,1,63
Uttaranchal,2002,Prep. And Assembly For Dacoity,1,0,1,12,0,12,5,0,5,1,0,1,19,0,19
Uttaranchal,2002,Robbery,2,0,2,31,0,31,23,0,23,1,0,1,57,0,57
Uttaranchal,2002,Burglary,5,0,5,19,0,19,15,2,17,4,0,4,43,2,45
Uttaranchal,2002,Thefts,7,0,7,39,1,40,47,2,49,25,0,25,118,3,121
Uttaranchal,2002,Extortion,0,0,0,6,0,6,4,0,4,1,0,1,11,0,11
Uttaranchal,2002,Riots,3,0,3,49,4,53,13,2,15,10,0,10,75,6,81
Uttaranchal,2002,Arson,0,0,0,1,0,1,4,0,4,0,0,0,5,0,5
Uttaranchal,2002,Criminal Breach Of Trust,0,0,0,4,0,4,5,0,5,8,0,8,17,0,17
Uttaranchal,2002,Cheating,0,0,0,6,0,6,6,0,6,2,0,2,14,0,14
Uttaranchal,2002,Counter Feiting,0,0,0,3,0,3,1,0,1,0,0,0,4,0,4
Uttaranchal,2002,Dowry Deaths,1,0,1,30,4,34,27,5,32,11,0,11,69,9,78
Uttaranchal,2002,Molestation,0,0,0,10,0,10,7,0,7,1,0,1,18,0,18
Uttaranchal,2002,Eve-Teasing,0,0,0,3,0,3,0,0,0,8,7,15,11,7,18
Uttaranchal,2002,Cruelty By Husband Or Relative Of Husband,0,0,0,9,3,12,6,0,6,2,0,2,17,3,20
Uttaranchal,2002,Other Ipc Crimes,1,0,1,8,0,8,6,1,7,0,0,0,15,1,16
Uttaranchal,2003,Murder,7,0,7,58,1,59,78,0,78,16,0,16,159,1,160
Uttaranchal,2003,Attempt To Commit Murder,3,0,3,75,2,77,73,2,75,14,0,14,165,4,169
Uttaranchal,2003,C.H. Not Amounting To Murder,0,0,0,17,1,18,19,0,19,4,0,4,40,1,41
Uttaranchal,2003,Rape,0,0,0,70,1,71,25,0,25,2,0,2,97,1,98
Uttaranchal,2003,Kidnapping And Abduction,6,0,6,43,1,44,19,0,19,4,5,9,72,6,78
Uttaranchal,2003,Dacoity,0,0,0,32,0,32,39,0,39,7,0,7,78,0,78
Uttaranchal,2003,Prep. And Assembly For Dacoity,0,0,0,18,0,18,10,0,10,0,0,0,28,0,28
Uttaranchal,2003,Robbery,0,0,0,20,0,20,16,0,16,4,0,4,40,0,40
Uttaranchal,2003,Burglary,0,0,0,12,0,12,5,0,5,6,0,6,23,0,23
Uttaranchal,2003,Thefts,7,0,7,57,3,60,68,0,68,23,0,23,155,3,158
Uttaranchal,2003,Extortion,0,0,0,4,0,4,0,0,0,0,0,0,4,0,4
Uttaranchal,2003,Riots,0,0,0,2,0,2,4,0,4,1,0,1,7,0,7
Uttaranchal,2003,Arson,1,0,1,1,0,1,4,0,4,1,0,1,7,0,7
Uttaranchal,2003,Criminal Breach Of Trust,0,0,0,12,0,12,9,2,11,3,0,3,24,2,26
Uttaranchal,2003,Cheating,0,0,0,7,0,7,7,0,7,1,0,1,15,0,15
Uttaranchal,2003,Counter Feiting,0,0,0,0,0,0,0,0,0,0,0,0,0,0,0
Uttaranchal,2003,Dowry Deaths,0,0,0,16,1,17,20,7,27,10,2,12,46,10,56
Uttaranchal,2003,Molestation,0,0,0,5,0,5,3,0,3,0,0,0,8,0,8
Uttaranchal,2003,Eve-Teasing,0,0,0,0,0,0,0,0,0,0,0,0,0,0,0
Uttaranchal,2003,Cruelty By Husband Or Relative Of Husband,0,0,0,2,1,3,8,6,14,13,1,14,23,8,31
Uttaranchal,2003,Other Ipc Crimes,0,0,0,0,0,0,0,0,0,0,0,0,0,0,0
Uttaranchal,2004,Murder,0,0,0,12,1,13,14,2,16,7,0,7,33,3,36
Uttaranchal,2004,Attempt To Commit Murder,0,0,0,17,4,21,22,3,25,13,0,13,52,7,59
Uttaranchal,2004,C.H. Not Amounting To Murder,0,0,0,6,1,7,7,1,8,9,0,9,22,2,24
Uttaranchal,2004,Rape,0,0,0,23,0,23,2,0,2,0,0,0,25,0,25
Uttaranchal,2004,Kidnapping And Abduction,0,0,0,8,5,13,7,4,11,0,0,0,15,9,24
Uttaranchal,2004,Dacoity,0,0,0,22,0,22,28,0,28,29,0,29,79,0,79
Uttaranchal,2004,Prep. And Assembly For Dacoity,0,0,0,17,0,17,19,0,19,21,0,21,57,0,57
Uttaranchal,2004,Robbery,0,0,0,22,0,22,24,0,24,25,0,25,71,0,71
Uttaranchal,2004,Burglary,0,0,0,56,0,56,78,4,82,64,4,68,198,8,206
Uttaranchal,2004,Thefts,0,0,0,112,7,119,60,5,65,27,0,27,199,12,211
Uttaranchal,2004,Extortion,0,0,0,12,0,12,13,0,13,14,0,14,39,0,39
Uttaranchal,2004,Riots,0,0,0,6,3,9,10,2,12,14,0,14,30,5,35
Uttaranchal,2004,Arson,0,0,0,7,0,7,8,0,8,9,0,9,24,0,24
Uttaranchal,2004,Criminal Breach Of Trust,0,0,0,6,2,8,7,0,7,5,0,5,18,2,20
Uttaranchal,2004,Cheating,0,0,0,9,0,9,4,0,4,6,0,6,19,0,19
Uttaranchal,2004,Counter Feiting,0,0,0,12,0,12,11,0,11,15,0,15,38,0,38
Uttaranchal,2004,Dowry Deaths,0,0,0,6,2,8,9,0,9,10,0,10,25,2,27
Uttaranchal,2004,Molestation,0,0,0,2,0,2,3,0,3,7,0,7,12,0,12
Uttaranchal,2004,Eve-Teasing,0,0,0,6,0,6,3,0,3,0,0,0,9,0,9
Uttaranchal,2004,Cruelty By Husband Or Relative Of Husband,0,0,0,2,0,2,5,0,5,0,2,2,7,2,9
Uttaranchal,2004,Other Ipc Crimes,0,0,0,0,0,0,0,0,0,0,0,0,0,0,0
Uttaranchal,2005,Murder,2,0,2,101,3,104,43,2,45,10,0,10,156,5,161
Uttaranchal,2005,Attempt To Commit Murder,1,0,1,61,0,61,49,2,51,9,0,9,120,2,122
Uttaranchal,2005,C.H. Not Amounting To Murder,0,0,0,18,1,19,13,0,13,3,0,3,34,1,35
Uttaranchal,2005,Rape,0,0,0,25,0,25,10,0,10,3,0,3,38,0,38
Uttaranchal,2005,Kidnapping And Abduction,0,0,0,22,0,22,15,1,16,1,0,1,38,1,39
Uttaranchal,2005,Dacoity,0,0,0,37,0,37,20,0,20,2,0,2,59,0,59
Uttaranchal,2005,Prep. And Assembly For Dacoity,0,0,0,10,0,10,6,0,6,0,0,0,16,0,16
Uttaranchal,2005,Robbery,0,0,0,44,0,44,32,0,32,4,0,4,80,0,80
Uttaranchal,2005,Burglary,0,0,0,14,0,14,5,0,5,1,0,1,20,0,20
Uttaranchal,2005,Thefts,12,0,12,54,1,55,29,2,31,9,0,9,104,3,107
Uttaranchal,2005,Extortion,0,0,0,5,0,5,7,0,7,1,0,1,13,0,13
Uttaranchal,2005,Riots,2,0,2,15,0,15,15,0,15,3,0,3,35,0,35
Uttaranchal,2005,Arson,2,0,2,5,0,5,4,1,5,3,0,3,14,1,15
Uttaranchal,2005,Criminal Breach Of Trust,0,0,0,13,0,13,1,2,3,0,0,0,14,2,16
Uttaranchal,2005,Cheating,0,0,0,6,0,6,10,0,10,4,0,4,20,0,20
Uttaranchal,2005,Counter Feiting,0,0,0,8,1,9,6,0,6,4,0,4,18,1,19
Uttaranchal,2005,Dowry Deaths,0,0,0,23,3,26,18,1,19,12,0,12,53,4,57
Uttaranchal,2005,Molestation,0,0,0,12,0,12,16,0,16,6,0,6,34,0,34
Uttaranchal,2005,Eve-Teasing,0,0,0,0,0,0,0,0,0,0,0,0,0,0,0
Uttaranchal,2005,Cruelty By Husband Or Relative Of Husband,0,0,0,2,0,2,18,1,19,6,3,9,26,4,30
Uttaranchal,2005,Other Ipc Crimes,0,0,0,0,0,0,0,0,0,0,0,0,0,0,0
Uttaranchal,2006,Murder,0,0,0,153,6,159,54,5,59,10,2,12,217,13,230
Uttaranchal,2006,Attempt To Commit Murder,5,0,5,40,2,42,49,1,50,6,0,6,100,3,103
Uttaranchal,2006,C.H. Not Amounting To Murder,0,0,0,15,2,17,20,0,20,1,0,1,36,2,38
Uttaranchal,2006,Rape,1,0,1,38,0,38,26,1,27,1,0,1,66,1,67
Uttaranchal,2006,Kidnapping And Abduction,5,0,5,40,2,42,30,4,34,3,1,4,78,7,85
Uttaranchal,2006,Dacoity,0,0,0,50,0,50,22,0,22,2,0,2,74,0,74
Uttaranchal,2006,Prep. And Assembly For Dacoity,0,0,0,13,0,13,5,0,5,0,0,0,18,0,18
Uttaranchal,2006,Robbery,0,0,0,51,0,51,25,0,25,1,0,1,77,0,77
Uttaranchal,2006,Burglary,0,0,0,19,4,23,6,0,6,1,0,1,26,4,30
Uttaranchal,2006,Thefts,0,0,0,110,2,112,51,0,51,7,0,7,168,2,170
Uttaranchal,2006,Extortion,0,0,0,2,0,2,0,0,0,0,0,0,2,0,2
Uttaranchal,2006,Riots,0,0,0,7,0,7,8,0,8,0,0,0,15,0,15
Uttaranchal,2006,Arson,0,0,0,3,0,3,2,0,2,2,0,2,7,0,7
Uttaranchal,2006,Criminal Breach Of Trust,0,0,0,4,0,4,7,0,7,2,0,2,13,0,13
Uttaranchal,2006,Cheating,1,0,1,14,0,14,20,0,20,5,0,5,40,0,40
Uttaranchal,2006,Counter Feiting,0,0,0,7,0,7,4,0,4,1,0,1,12,0,12
Uttaranchal,2006,Dowry Deaths,0,0,0,30,4,34,36,4,40,7,2,9,73,10,83
Uttaranchal,2006,Molestation,0,0,0,13,0,13,6,0,6,1,0,1,20,0,20
Uttaranchal,2006,Eve-Teasing,0,0,0,3,0,3,8,0,8,0,0,0,11,0,11
Uttaranchal,2006,Cruelty By Husband Or Relative Of Husband,0,0,0,10,0,10,4,1,5,2,0,2,16,1,17
Uttaranchal,2006,Other Ipc Crimes,6,0,6,12,0,12,3,1,4,6,0,6,27,1,28
Uttaranchal,2007,Murder,2,0,2,119,6,125,70,4,74,8,0,8,199,10,209
Uttaranchal,2007,Attempt To Commit Murder,0,0,0,69,0,69,36,0,36,6,0,6,111,0,111
Uttaranchal,2007,C.H. Not Amounting To Murder,2,0,2,32,0,32,20,3,23,6,1,7,60,4,64
Uttaranchal,2007,Rape,3,0,3,60,0,60,19,0,19,5,0,5,87,0,87
Uttaranchal,2007,Kidnapping And Abduction,0,0,0,55,4,59,12,3,15,4,0,4,71,7,78
Uttaranchal,2007,Dacoity,0,0,0,69,0,69,29,0,29,1,0,1,99,0,99
Uttaranchal,2007,Prep. And Assembly For Dacoity,0,0,0,6,0,6,1,0,1,0,0,0,7,0,7
Uttaranchal,2007,Robbery,0,0,0,85,1,86,24,2,26,0,0,0,109,3,112
Uttaranchal,2007,Burglary,0,0,0,46,0,46,22,0,22,13,0,13,81,0,81
Uttaranchal,2007,Thefts,0,0,0,84,2,86,75,8,83,11,1,12,170,11,181
Uttaranchal,2007,Extortion,0,0,0,0,0,0,0,0,0,0,0,0,0,0,0
Uttaranchal,2007,Riots,0,0,0,16,0,16,4,0,4,0,0,0,20,0,20
Uttaranchal,2007,Arson,0,0,0,3,0,3,4,0,4,2,0,2,9,0,9
Uttaranchal,2007,Criminal Breach Of Trust,0,0,0,13,0,13,13,0,13,1,0,1,27,0,27
Uttaranchal,2007,Cheating,0,0,0,19,0,19,23,0,23,4,0,4,46,0,46
Uttaranchal,2007,Counter Feiting,0,0,0,3,0,3,0,0,0,2,0,2,5,0,5
Uttaranchal,2007,Dowry Deaths,0,0,0,28,4,32,31,2,33,12,5,17,71,11,82
Uttaranchal,2007,Molestation,0,0,0,4,0,4,0,0,0,0,0,0,4,0,4
Uttaranchal,2007,Eve-Teasing,0,0,0,0,0,0,0,0,0,0,0,0,0,0,0
Uttaranchal,2007,Cruelty By Husband Or Relative Of Husband,0,0,0,20,0,20,6,0,6,1,0,1,27,0,27
Uttaranchal,2007,Other Ipc Crimes,0,0,0,9,0,9,2,0,2,1,0,1,12,0,12
Uttaranchal,2008,Murder,0,0,0,225,4,229,137,10,147,56,2,58,418,16,434
Uttaranchal,2008,Attempt To Commit Murder,0,0,0,85,2,87,45,1,46,23,1,24,153,4,157
Uttaranchal,2008,C.H. Not Amounting To Murder,0,0,0,39,6,45,35,8,43,14,0,14,88,14,102
Uttaranchal,2008,Rape,0,0,0,58,0,58,25,1,26,1,0,1,84,1,85
Uttaranchal,2008,Kidnapping And Abduction,0,0,0,32,0,32,25,1,26,1,1,2,58,2,60
Uttaranchal,2008,Dacoity,0,0,0,16,0,16,8,0,8,2,0,2,26,0,26
Uttaranchal,2008,Prep. And Assembly For Dacoity,0,0,0,4,0,4,2,0,2,0,0,0,6,0,6
Uttaranchal,2008,Robbery,0,0,0,64,3,67,51,0,51,0,0,0,115,3,118
Uttaranchal,2008,Burglary,0,0,0,6,0,6,30,2,32,12,0,12,48,2,50
Uttaranchal,2008,Thefts,10,0,10,20,2,22,43,0,43,6,0,6,79,2,81
Uttaranchal,2008,Extortion,0,0,0,3,0,3,3,0,3,1,0,1,7,0,7
Uttaranchal,2008,Riots,0,0,0,5,0,5,25,0,25,4,0,4,34,0,34
Uttaranchal,2008,Arson,0,0,0,2,0,2,0,0,0,1,0,1,3,0,3
Uttaranchal,2008,Criminal Breach Of Trust,0,0,0,5,0,5,21,0,21,3,0,3,29,0,29
Uttaranchal,2008,Cheating,0,0,0,8,0,8,5,0,5,0,0,0,13,0,13
Uttaranchal,2008,Counter Feiting,0,0,0,5,0,5,17,0,17,7,1,8,29,1,30
Uttaranchal,2008,Dowry Deaths,0,0,0,46,8,54,23,15,38,8,0,8,77,23,100
Uttaranchal,2008,Molestation,0,0,0,3,0,3,0,0,0,0,0,0,3,0,3
Uttaranchal,2008,Eve-Teasing,0,0,0,0,0,0,0,0,0,0,0,0,0,0,0
Uttaranchal,2008,Cruelty By Husband Or Relative Of Husband,0,0,0,7,0,7,22,5,27,13,0,13,42,5,47
Uttaranchal,2008,Other Ipc Crimes,0,0,0,6,0,6,4,1,5,2,0,2,12,1,13
Uttaranchal,2009,Murder,0,0,0,213,7,220,96,2,98,19,0,19,328,9,337
Uttaranchal,2009,Attempt To Commit Murder,0,0,0,87,2,89,38,0,38,8,0,8,133,2,135
Uttaranchal,2009,C.H. Not Amounting To Murder,0,0,0,43,3,46,21,0,21,1,0,1,65,3,68
Uttaranchal,2009,Rape,0,0,0,55,0,55,17,0,17,2,0,2,74,0,74
Uttaranchal,2009,Kidnapping And Abduction,0,0,0,36,0,36,19,0,19,3,0,3,58,0,58
Uttaranchal,2009,Dacoity,0,0,0,20,0,20,7,0,7,0,0,0,27,0,27
Uttaranchal,2009,Prep. And Assembly For Dacoity,0,0,0,9,0,9,4,0,4,3,0,3,16,0,16
Uttaranchal,2009,Robbery,0,0,0,101,3,104,71,0,71,14,0,14,186,3,189
Uttaranchal,2009,Burglary,0,0,0,34,0,34,28,0,28,14,0,14,76,0,76
Uttaranchal,2009,Thefts,0,0,0,114,4,118,82,1,83,15,0,15,211,5,216
Uttaranchal,2009,Extortion,0,0,0,2,0,2,0,0,0,0,0,0,2,0,2
Uttaranchal,2009,Riots,0,0,0,18,0,18,16,0,16,4,0,4,38,0,38
Uttaranchal,2009,Arson,0,0,0,11,0,11,1,0,1,1,0,1,13,0,13
Uttaranchal,2009,Criminal Breach Of Trust,0,0,0,14,0,14,10,0,10,7,0,7,31,0,31
Uttaranchal,2009,Cheating,0,0,0,12,0,12,5,0,5,1,0,1,18,0,18
Uttaranchal,2009,Counter Feiting,0,0,0,11,0,11,10,0,10,2,0,2,23,0,23
Uttaranchal,2009,Dowry Deaths,0,0,0,82,17,99,57,12,69,34,4,38,173,33,206
Uttaranchal,2009,Molestation,0,0,0,5,0,5,11,0,11,3,0,3,19,0,19
Uttaranchal,2009,Eve-Teasing,0,0,0,0,0,0,0,0,0,0,0,0,0,0,0
Uttaranchal,2009,Cruelty By Husband Or Relative Of Husband,0,0,0,38,0,38,19,4,23,7,1,8,64,5,69
Uttaranchal,2009,Other Ipc Crimes,0,0,0,11,0,11,25,0,25,7,0,7,43,0,43
Uttaranchal,2010,Murder,0,0,0,143,6,149,62,2,64,24,0,24,229,8,237
Uttaranchal,2010,Attempt To Commit Murder,0,0,0,67,3,70,38,0,38,13,0,13,118,3,121
Uttaranchal,2010,C.H. Not Amounting To Murder,0,0,0,37,2,39,15,0,15,3,0,3,55,2,57
Uttaranchal,2010,Rape,0,0,0,45,0,45,37,0,37,14,0,14,96,0,96
Uttaranchal,2010,Kidnapping And Abduction,0,0,0,27,0,27,31,1,32,14,0,14,72,1,73
Uttaranchal,2010,Dacoity,0,0,0,24,0,24,20,1,21,9,0,9,53,1,54
Uttaranchal,2010,Prep. And Assembly For Dacoity,0,0,0,0,0,0,12,0,12,0,0,0,12,0,12
Uttaranchal,2010,Robbery,0,0,0,35,2,37,11,0,11,13,0,13,59,2,61
Uttaranchal,2010,Burglary,0,0,0,27,0,27,28,0,28,9,0,9,64,0,64
Uttaranchal,2010,Thefts,0,0,0,91,6,97,48,0,48,17,0,17,156,6,162
Uttaranchal,2010,Extortion,0,0,0,11,0,11,4,0,4,3,0,3,18,0,18
Uttaranchal,2010,Riots,0,0,0,11,0,11,10,0,10,12,0,12,33,0,33
Uttaranchal,2010,Arson,0,0,0,0,0,0,1,0,1,1,0,1,2,0,2
Uttaranchal,2010,Criminal Breach Of Trust,0,0,0,11,0,11,7,0,7,7,0,7,25,0,25
Uttaranchal,2010,Cheating,0,0,0,19,0,19,17,0,17,9,0,9,45,0,45
Uttaranchal,2010,Counter Feiting,0,0,0,13,0,13,17,2,19,10,0,10,40,2,42
Uttaranchal,2010,Dowry Deaths,0,0,0,56,4,60,29,4,33,18,1,19,103,9,112
Uttaranchal,2010,Molestation,0,0,0,10,0,10,10,0,10,3,0,3,23,0,23
Uttaranchal,2010,Eve-Teasing,0,0,0,18,0,18,21,0,21,5,0,5,44,0,44
Uttaranchal,2010,Cruelty By Husband Or Relative Of Husband,0,0,0,43,2,45,20,4,24,5,0,5,68,6,74
Uttaranchal,2010,Other Ipc Crimes,0,0,0,51,0,51,49,0,49,28,0,28,128,0,128
Uttaranchal,2011,Murder,0,0,0,158,16,174,40,3,43,6,0,6,204,19,223
Uttaranchal,2011,Attempt To Commit Murder,0,0,0,112,6,118,33,0,33,2,0,2,147,6,153
Uttaranchal,2011,C.H. Not Amounting To Murder,0,0,0,42,2,44,17,4,21,3,0,3,62,6,68
Uttaranchal,2011,Rape,0,0,0,57,0,57,42,0,42,2,0,2,101,0,101
Uttaranchal,2011,Kidnapping And Abduction,0,0,0,33,2,35,3,2,5,4,3,7,40,7,47
Uttaranchal,2011,Dacoity,0,0,0,23,0,23,4,0,4,2,0,2,29,0,29
Uttaranchal,2011,Prep. And Assembly For Dacoity,0,0,0,0,0,0,14,0,14,3,0,3,17,0,17
Uttaranchal,2011,Robbery,0,0,0,39,2,41,7,2,9,2,0,2,48,4,52
Uttaranchal,2011,Burglary,0,0,0,31,0,31,11,3,14,3,2,5,45,5,50
Uttaranchal,2011,Thefts,0,0,0,82,3,85,18,0,18,4,1,5,104,4,108
Uttaranchal,2011,Extortion,0,0,0,7,0,7,3,0,3,0,0,0,10,0,10
Uttaranchal,2011,Riots,0,0,0,6,0,6,5,0,5,0,0,0,11,0,11
Uttaranchal,2011,Arson,0,0,0,0,0,0,0,0,0,0,0,0,0,0,0
Uttaranchal,2011,Criminal Breach Of Trust,0,0,0,21,1,22,3,0,3,0,0,0,24,1,25
Uttaranchal,2011,Cheating,0,0,0,11,0,11,6,0,6,6,1,7,23,1,24
Uttaranchal,2011,Counter Feiting,0,0,0,6,0,6,2,0,2,0,0,0,8,0,8
Uttaranchal,2011,Dowry Deaths,0,0,0,64,2,66,0,0,0,11,0,11,75,2,77
Uttaranchal,2011,Molestation,0,0,0,7,0,7,1,0,1,0,0,0,8,0,8
Uttaranchal,2011,Eve-Teasing,0,0,0,17,0,17,2,0,2,0,0,0,19,0,19
Uttaranchal,2011,Cruelty By Husband Or Relative Of Husband,0,0,0,54,0,54,1,0,1,0,0,0,55,0,55
Uttaranchal,2011,Other Ipc Crimes,0,0,0,94,0,94,0,0,0,0,0,0,94,0,94
Uttaranchal,2012,Murder,0,0,0,25,2,27,90,2,92,32,0,32,147,4,151
Uttaranchal,2012,Attempt To Commit Murder,0,0,0,70,16,86,83,4,87,17,0,17,170,20,190
Uttaranchal,2012,C.H. Not Amounting To Murder,0,0,0,37,7,44,96,0,96,15,0,15,148,7,155
Uttaranchal,2012,Rape,0,0,0,35,0,35,64,0,64,8,0,8,107,0,107
Uttaranchal,2012,Kidnapping And Abduction,0,0,0,20,3,23,23,3,26,16,4,20,59,10,69
Uttaranchal,2012,Dacoity,0,0,0,14,0,14,24,0,24,3,0,3,41,0,41
Uttaranchal,2012,Prep. And Assembly For Dacoity,0,0,0,0,0,0,17,0,17,5,0,5,22,0,22
Uttaranchal,2012,Robbery,0,0,0,43,4,47,9,3,12,4,0,4,56,7,63
Uttaranchal,2012,Burglary,0,0,0,35,0,35,13,4,17,3,2,5,51,6,57
Uttaranchal,2012,Thefts,0,0,0,41,5,46,21,0,21,9,1,10,71,6,77
Uttaranchal,2012,Extortion,0,0,0,9,0,9,4,0,4,0,0,0,13,0,13
Uttaranchal,2012,Riots,0,0,0,17,0,17,5,0,5,0,0,0,22,0,22
Uttaranchal,2012,Arson,0,0,0,0,0,0,0,0,0,0,0,0,0,0,0
Uttaranchal,2012,Criminal Breach Of Trust,0,0,0,24,2,26,5,0,5,0,0,0,29,2,31
Uttaranchal,2012,Cheating,0,0,0,32,0,32,13,0,13,9,2,11,54,2,56
Uttaranchal,2012,Counter Feiting,0,0,0,7,0,7,3,0,3,0,0,0,10,0,10
Uttaranchal,2012,Dowry Deaths,0,0,0,64,0,64,0,0,0,23,0,23,87,0,87
Uttaranchal,2012,Molestation,0,0,0,7,0,7,1,0,1,0,0,0,8,0,8
Uttaranchal,2012,Eve-Teasing,0,0,0,14,0,14,3,0,3,0,0,0,17,0,17
Uttaranchal,2012,Cruelty By Husband Or Relative Of Husband,0,0,0,28,0,28,2,0,2,0,0,0,30,0,30
Uttaranchal,2012,Other Ipc Crimes,0,0,0,67,0,67,15,0,15,0,0,0,82,0,82
West Bengal,2001,Murder,16,0,16,788,14,802,602,20,622,137,3,140,1543,37,1580
West Bengal,2001,Attempt To Commit Murder,8,0,8,304,9,313,260,12,272,63,1,64,635,22,657
West Bengal,2001,C.H. Not Amounting To Murder,0,0,0,151,7,158,127,8,135,20,4,24,298,19,317
West Bengal,2001,Rape,3,0,3,248,6,254,166,4,170,18,2,20,435,12,447
West Bengal,2001,Kidnapping And Abduction,6,0,6,118,3,121,57,4,61,11,0,11,192,7,199
West Bengal,2001,Dacoity,2,0,2,537,2,539,363,0,363,50,0,50,952,2,954
West Bengal,2001,Prep. And Assembly For Dacoity,11,0,11,111,0,111,157,0,157,22,0,22,301,0,301
West Bengal,2001,Robbery,1,0,1,134,2,136,109,0,109,20,0,20,264,2,266
West Bengal,2001,Burglary,0,0,0,45,0,45,48,0,48,13,0,13,106,0,106
West Bengal,2001,Thefts,43,0,43,335,18,353,323,8,331,88,3,91,789,29,818
West Bengal,2001,Extortion,0,0,0,11,0,11,19,0,19,4,0,4,34,0,34
West Bengal,2001,Riots,9,0,9,161,7,168,140,2,142,23,0,23,333,9,342
West Bengal,2001,Arson,0,0,0,4,0,4,5,0,5,2,0,2,11,0,11
West Bengal,2001,Criminal Breach Of Trust,0,0,0,6,0,6,12,0,12,5,0,5,23,0,23
West Bengal,2001,Cheating,1,0,1,32,6,38,49,7,56,17,0,17,99,13,112
West Bengal,2001,Counter Feiting,0,0,0,32,0,32,14,5,19,3,0,3,49,5,54
West Bengal,2001,Dowry Deaths,4,0,4,79,11,90,76,19,95,38,8,46,197,38,235
West Bengal,2001,Molestation,0,0,0,3,0,3,5,0,5,4,0,4,12,0,12
West Bengal,2001,Eve-Teasing,1,0,1,7,0,7,3,0,3,0,0,0,11,0,11
West Bengal,2001,Cruelty By Husband Or Relative Of Husband,5,1,6,203,55,258,196,24,220,64,9,73,468,89,557
West Bengal,2001,Other Ipc Crimes,1,0,1,98,4,102,57,0,57,22,0,22,178,4,182
West Bengal,2002,Murder,15,0,15,1288,38,1326,748,28,776,141,7,148,2192,73,2265
West Bengal,2002,Attempt To Commit Murder,4,0,4,399,13,412,356,12,368,64,2,66,823,27,850
West Bengal,2002,C.H. Not Amounting To Murder,2,0,2,205,12,217,174,6,180,62,3,65,443,21,464
West Bengal,2002,Rape,15,1,16,322,9,331,186,9,195,25,0,25,548,19,567
West Bengal,2002,Kidnapping And Abduction,0,0,0,242,14,256,210,18,228,11,1,12,463,33,496
West Bengal,2002,Dacoity,24,0,24,646,4,650,566,1,567,108,0,108,1344,5,1349
West Bengal,2002,Prep. And Assembly For Dacoity,0,0,0,154,0,154,176,0,176,12,0,12,342,0,342
West Bengal,2002,Robbery,2,0,2,183,0,183,304,0,304,38,0,38,527,0,527
West Bengal,2002,Burglary,2,0,2,104,1,105,95,5,100,21,0,21,222,6,228
West Bengal,2002,Thefts,46,6,52,532,33,565,684,18,702,80,0,80,1342,57,1399
West Bengal,2002,Extortion,0,0,0,15,0,15,108,5,113,10,0,10,133,5,138
West Bengal,2002,Riots,14,0,14,336,26,362,276,0,276,60,0,60,686,26,712
West Bengal,2002,Arson,0,0,0,7,1,8,10,0,10,1,0,1,18,1,19
West Bengal,2002,Criminal Breach Of Trust,0,0,0,20,0,20,26,2,28,9,0,9,55,2,57
West Bengal,2002,Cheating,0,1,1,138,5,143,152,4,156,14,0,14,304,10,314
West Bengal,2002,Counter Feiting,0,0,0,0,0,0,41,0,41,2,0,2,43,0,43
West Bengal,2002,Dowry Deaths,2,1,3,120,16,136,115,21,136,47,6,53,284,44,328
West Bengal,2002,Molestation,0,0,0,8,0,8,3,0,3,0,0,0,11,0,11
West Bengal,2002,Eve-Teasing,1,0,1,15,0,15,4,0,4,0,0,0,20,0,20
West Bengal,2002,Cruelty By Husband Or Relative Of Husband,6,3,9,268,46,314,342,77,419,163,23,186,779,149,928
West Bengal,2002,Other Ipc Crimes,11,0,11,240,3,243,205,8,213,32,1,33,488,12,500
West Bengal,2003,Murder,0,0,0,919,37,956,812,38,850,127,4,131,1858,79,1937
West Bengal,2003,Attempt To Commit Murder,0,0,0,478,16,494,409,6,415,64,0,64,951,22,973
West Bengal,2003,C.H. Not Amounting To Murder,0,0,0,158,9,167,130,4,134,46,0,46,334,13,347
West Bengal,2003,Rape,0,0,0,313,3,316,124,0,124,13,0,13,450,3,453
West Bengal,2003,Kidnapping And Abduction,0,0,0,213,5,218,102,7,109,20,2,22,335,14,349
West Bengal,2003,Dacoity,0,0,0,597,3,600,502,0,502,79,0,79,1178,3,1181
West Bengal,2003,Prep. And Assembly For Dacoity,0,0,0,234,0,234,161,0,161,5,0,5,400,0,400
West Bengal,2003,Robbery,0,0,0,213,0,213,148,0,148,19,0,19,380,0,380
West Bengal,2003,Burglary,0,0,0,53,0,53,54,0,54,11,0,11,118,0,118
West Bengal,2003,Thefts,0,0,0,606,18,624,637,6,643,52,2,54,1295,26,1321
West Bengal,2003,Extortion,0,0,0,7,0,7,17,0,17,0,0,0,24,0,24
West Bengal,2003,Riots,0,0,0,163,2,165,153,2,155,21,0,21,337,4,341
West Bengal,2003,Arson,0,0,0,7,0,7,10,0,10,0,0,0,17,0,17
West Bengal,2003,Criminal Breach Of Trust,0,0,0,12,1,13,30,0,30,2,0,2,44,1,45
West Bengal,2003,Cheating,0,0,0,21,1,22,6,0,6,3,0,3,30,1,31
West Bengal,2003,Counter Feiting,0,0,0,20,1,21,7,2,9,1,0,1,28,3,31
West Bengal,2003,Dowry Deaths,0,0,0,77,23,100,175,34,209,38,17,55,290,74,364
West Bengal,2003,Molestation,0,0,0,13,0,13,9,0,9,0,0,0,22,0,22
West Bengal,2003,Eve-Teasing,0,0,0,6,0,6,5,0,5,0,0,0,11,0,11
West Bengal,2003,Cruelty By Husband Or Relative Of Husband,0,0,0,251,67,318,329,65,394,95,17,112,675,149,824
West Bengal,2003,Other Ipc Crimes,0,0,0,331,19,350,249,16,265,55,5,60,635,40,675
West Bengal,2004,Murder,0,0,0,909,45,954,573,27,600,94,4,98,1576,76,1652
West Bengal,2004,Attempt To Commit Murder,0,0,0,432,5,437,313,15,328,61,2,63,806,22,828
West Bengal,2004,C.H. Not Amounting To Murder,0,0,0,180,8,188,140,11,151,34,7,41,354,26,380
West Bengal,2004,Rape,0,0,0,317,6,323,164,1,165,11,0,11,492,7,499
West Bengal,2004,Kidnapping And Abduction,0,0,0,232,5,237,147,13,160,13,2,15,392,20,412
West Bengal,2004,Dacoity,0,0,0,577,4,581,594,1,595,54,0,54,1225,5,1230
West Bengal,2004,Prep. And Assembly For Dacoity,0,0,0,542,0,542,364,0,364,15,0,15,921,0,921
West Bengal,2004,Robbery,0,0,0,293,6,299,209,0,209,20,0,20,522,6,528
West Bengal,2004,Burglary,0,0,0,65,0,65,84,0,84,15,0,15,164,0,164
West Bengal,2004,Thefts,0,0,0,674,36,710,467,18,485,43,0,43,1184,54,1238
West Bengal,2004,Extortion,0,0,0,20,0,20,15,0,15,1,0,1,36,0,36
West Bengal,2004,Riots,0,0,0,102,0,102,120,4,124,12,0,12,234,4,238
West Bengal,2004,Arson,0,0,0,12,0,12,9,0,9,0,0,0,21,0,21
West Bengal,2004,Criminal Breach Of Trust,0,0,0,18,1,19,21,4,25,18,0,18,57,5,62
West Bengal,2004,Cheating,0,0,0,58,1,59,61,0,61,16,0,16,135,1,136
West Bengal,2004,Counter Feiting,0,0,0,7,0,7,17,0,17,2,0,2,26,0,26
West Bengal,2004,Dowry Deaths,0,0,0,152,15,167,74,13,87,20,7,27,246,35,281
West Bengal,2004,Molestation,0,0,0,24,0,24,12,0,12,0,0,0,36,0,36
West Bengal,2004,Eve-Teasing,0,0,0,13,0,13,5,0,5,0,0,0,18,0,18
West Bengal,2004,Cruelty By Husband Or Relative Of Husband,0,0,0,312,71,383,351,90,441,152,40,192,815,201,1016
West Bengal,2004,Other Ipc Crimes,0,0,0,210,16,226,182,14,196,79,2,81,471,32,503
West Bengal,2005,Murder,0,0,0,913,48,961,783,38,821,115,5,120,1811,91,1902
West Bengal,2005,Attempt To Commit Murder,0,0,0,253,13,266,352,21,373,78,4,82,683,38,721
West Bengal,2005,C.H. Not Amounting To Murder,0,0,0,193,11,204,142,14,156,62,7,69,397,32,429
West Bengal,2005,Rape,0,0,0,285,0,285,207,0,207,11,0,11,503,0,503
West Bengal,2005,Kidnapping And Abduction,2,0,2,197,12,209,152,0,152,44,2,46,395,14,409
West Bengal,2005,Dacoity,0,0,0,574,0,574,617,0,617,69,0,69,1260,0,1260
West Bengal,2005,Prep. And Assembly For Dacoity,0,0,0,515,0,515,381,0,381,17,0,17,913,0,913
West Bengal,2005,Robbery,0,0,0,304,0,304,239,0,239,25,0,25,568,0,568
West Bengal,2005,Burglary,0,0,0,115,0,115,86,0,86,38,0,38,239,0,239
West Bengal,2005,Thefts,4,0,4,605,0,605,513,27,540,63,0,63,1185,27,1212
West Bengal,2005,Extortion,0,0,0,76,0,76,32,0,32,11,0,11,119,0,119
West Bengal,2005,Riots,11,0,11,36,0,36,127,0,127,13,0,13,187,0,187
West Bengal,2005,Arson,0,0,0,11,0,11,9,0,9,0,0,0,20,0,20
West Bengal,2005,Criminal Breach Of Trust,0,0,0,18,0,18,21,4,25,18,0,18,57,4,61
West Bengal,2005,Cheating,0,0,0,56,0,56,65,0,65,19,0,19,140,0,140
West Bengal,2005,Counter Feiting,0,0,0,7,0,7,17,0,17,2,0,2,26,0,26
West Bengal,2005,Dowry Deaths,0,0,0,141,22,163,78,0,78,23,10,33,242,32,274
West Bengal,2005,Molestation,2,0,2,17,0,17,12,0,12,4,0,4,35,0,35
West Bengal,2005,Eve-Teasing,0,0,0,8,0,8,7,0,7,5,0,5,20,0,20
West Bengal,2005,Cruelty By Husband Or Relative Of Husband,0,0,0,304,92,396,367,115,482,187,46,233,858,253,1111
West Bengal,2005,Other Ipc Crimes,1,0,1,183,21,204,185,24,209,89,3,92,458,48,506
West Bengal,2006,Murder,4,0,4,658,40,698,743,39,782,192,7,199,1597,86,1683
West Bengal,2006,Attempt To Commit Murder,0,1,1,378,26,404,453,24,477,132,7,139,963,58,1021
West Bengal,2006,C.H. Not Amounting To Murder,0,0,0,342,13,355,275,4,279,64,2,66,681,19,700
West Bengal,2006,Rape,2,0,2,364,4,368,254,1,255,31,0,31,651,5,656
West Bengal,2006,Kidnapping And Abduction,1,0,1,211,17,228,202,20,222,50,2,52,464,39,503
West Bengal,2006,Dacoity,2,0,2,513,3,516,522,1,523,135,0,135,1172,4,1176
West Bengal,2006,Prep. And Assembly For Dacoity,5,0,5,436,0,436,414,0,414,73,0,73,928,0,928
West Bengal,2006,Robbery,0,0,0,271,0,271,320,0,320,75,0,75,666,0,666
West Bengal,2006,Burglary,1,0,1,109,2,111,111,1,112,43,0,43,264,3,267
West Bengal,2006,Thefts,13,1,14,393,21,414,383,9,392,63,4,67,852,35,887
West Bengal,2006,Extortion,0,0,0,92,3,95,63,0,63,14,0,14,169,3,172
West Bengal,2006,Riots,0,0,0,67,0,67,72,0,72,16,0,16,155,0,155
West Bengal,2006,Arson,0,0,0,6,0,6,22,0,22,10,0,10,38,0,38
West Bengal,2006,Criminal Breach Of Trust,0,0,0,14,0,14,22,0,22,3,0,3,39,0,39
West Bengal,2006,Cheating,2,0,2,64,9,73,61,0,61,31,1,32,158,10,168
West Bengal,2006,Counter Feiting,0,0,0,20,0,20,17,0,17,2,0,2,39,0,39
West Bengal,2006,Dowry Deaths,0,0,0,83,19,102,116,28,144,47,11,58,246,58,304
West Bengal,2006,Molestation,0,0,0,3,0,3,20,0,20,2,0,2,25,0,25
West Bengal,2006,Eve-Teasing,0,0,0,10,0,10,3,0,3,0,0,0,13,0,13
West Bengal,2006,Cruelty By Husband Or Relative Of Husband,1,0,1,345,77,422,368,107,475,193,27,220,907,211,1118
West Bengal,2006,Other Ipc Crimes,3,0,3,138,2,140,151,9,160,66,0,66,358,11,369
West Bengal,2007,Murder,7,0,7,764,54,818,850,57,907,174,6,180,1795,117,1912
West Bengal,2007,Attempt To Commit Murder,6,1,7,341,13,354,419,17,436,116,2,118,882,33,915
West Bengal,2007,C.H. Not Amounting To Murder,1,0,1,277,10,287,233,3,236,93,0,93,604,13,617
West Bengal,2007,Rape,3,0,3,389,1,390,260,4,264,33,0,33,685,5,690
West Bengal,2007,Kidnapping And Abduction,0,0,0,182,32,214,249,31,280,59,5,64,490,68,558
West Bengal,2007,Dacoity,5,0,5,521,5,526,466,3,469,76,0,76,1068,8,1076
West Bengal,2007,Prep. And Assembly For Dacoity,2,0,2,366,0,366,348,0,348,65,0,65,781,0,781
West Bengal,2007,Robbery,0,0,0,228,1,229,273,0,273,29,0,29,530,1,531
West Bengal,2007,Burglary,0,0,0,102,0,102,64,0,64,42,0,42,208,0,208
West Bengal,2007,Thefts,6,4,10,452,17,469,275,11,286,69,0,69,802,32,834
West Bengal,2007,Extortion,0,0,0,93,1,94,58,0,58,9,0,9,160,1,161
West Bengal,2007,Riots,0,0,0,73,0,73,93,2,95,13,0,13,179,2,181
West Bengal,2007,Arson,0,0,0,2,0,2,9,0,9,0,0,0,11,0,11
West Bengal,2007,Criminal Breach Of Trust,0,0,0,2,0,2,4,0,4,2,0,2,8,0,8
West Bengal,2007,Cheating,0,0,0,60,8,68,78,10,88,30,2,32,168,20,188
West Bengal,2007,Counter Feiting,0,0,0,7,0,7,27,0,27,0,0,0,34,0,34
West Bengal,2007,Dowry Deaths,0,1,1,159,21,180,222,46,268,76,28,104,457,96,553
West Bengal,2007,Molestation,0,0,0,0,0,0,0,0,0,0,0,0,0,0,0
West Bengal,2007,Eve-Teasing,0,0,0,0,0,0,0,0,0,0,0,0,0,0,0
West Bengal,2007,Cruelty By Husband Or Relative Of Husband,0,2,2,320,57,377,418,98,516,156,29,185,894,186,1080
West Bengal,2007,Other Ipc Crimes,2,0,2,87,4,91,116,7,123,63,5,68,268,16,284
West Bengal,2008,Murder,0,0,0,515,28,543,639,63,702,142,17,159,1296,108,1404
West Bengal,2008,Attempt To Commit Murder,0,0,0,367,23,390,398,17,415,108,1,109,873,41,914
West Bengal,2008,C.H. Not Amounting To Murder,0,0,0,150,9,159,208,22,230,54,8,62,412,39,451
West Bengal,2008,Rape,0,0,0,513,3,516,343,2,345,64,0,64,920,5,925
West Bengal,2008,Kidnapping And Abduction,0,0,0,253,26,279,205,29,234,38,8,46,496,63,559
West Bengal,2008,Dacoity,0,0,0,460,3,463,435,3,438,78,0,78,973,6,979
West Bengal,2008,Prep. And Assembly For Dacoity,0,0,0,708,0,708,639,0,639,128,0,128,1475,0,1475
West Bengal,2008,Robbery,0,0,0,158,0,158,144,0,144,10,0,10,312,0,312
West Bengal,2008,Burglary,0,0,0,75,0,75,77,0,77,13,0,13,165,0,165
West Bengal,2008,Thefts,0,0,0,525,20,545,388,23,411,84,1,85,997,44,1041
West Bengal,2008,Extortion,0,0,0,70,0,70,44,0,44,9,0,9,123,0,123
West Bengal,2008,Riots,0,0,0,81,11,92,111,10,121,23,4,27,215,25,240
West Bengal,2008,Arson,0,0,0,2,8,10,15,0,15,2,0,2,19,8,27
West Bengal,2008,Criminal Breach Of Trust,0,0,0,2,0,2,8,0,8,1,0,1,11,0,11
West Bengal,2008,Cheating,0,0,0,59,2,61,109,4,113,38,2,40,206,8,214
West Bengal,2008,Counter Feiting,0,0,0,20,0,20,29,2,31,4,0,4,53,2,55
West Bengal,2008,Dowry Deaths,0,0,0,110,26,136,158,42,200,123,24,147,391,92,483
West Bengal,2008,Molestation,0,0,0,8,0,8,13,0,13,2,0,2,23,0,23
West Bengal,2008,Eve-Teasing,0,0,0,0,0,0,0,0,0,0,0,0,0,0,0
West Bengal,2008,Cruelty By Husband Or Relative Of Husband,0,0,0,358,53,411,460,113,573,165,43,208,983,209,1192
West Bengal,2008,Other Ipc Crimes,0,0,0,107,2,109,216,3,219,59,0,59,382,5,387
West Bengal,2009,Murder,1,0,1,471,36,507,496,48,544,146,21,167,1114,105,1219
West Bengal,2009,Attempt To Commit Murder,0,0,0,330,26,356,271,22,293,78,4,82,679,52,731
West Bengal,2009,C.H. Not Amounting To Murder,0,0,0,142,8,150,131,18,149,41,6,47,314,32,346
West Bengal,2009,Rape,0,0,0,419,5,424,275,1,276,54,0,54,748,6,754
West Bengal,2009,Kidnapping And Abduction,0,0,0,230,24,254,176,38,214,45,2,47,451,64,515
West Bengal,2009,Dacoity,0,0,0,528,2,530,368,2,370,77,0,77,973,4,977
West Bengal,2009,Prep. And Assembly For Dacoity,0,0,0,435,0,435,559,1,560,78,0,78,1072,1,1073
West Bengal,2009,Robbery,0,0,0,165,0,165,117,0,117,11,0,11,293,0,293
West Bengal,2009,Burglary,0,0,0,63,0,63,27,0,27,7,0,7,97,0,97
West Bengal,2009,Thefts,0,0,0,450,14,464,321,23,344,82,0,82,853,37,890
West Bengal,2009,Extortion,0,0,0,82,0,82,45,0,45,3,0,3,130,0,130
West Bengal,2009,Riots,0,0,0,95,5,100,105,11,116,27,3,30,227,19,246
West Bengal,2009,Arson,0,0,0,6,2,8,14,1,15,4,2,6,24,5,29
West Bengal,2009,Criminal Breach Of Trust,0,0,0,3,0,3,7,0,7,3,0,3,13,0,13
West Bengal,2009,Cheating,0,0,0,69,1,70,91,7,98,19,0,19,179,8,187
West Bengal,2009,Counter Feiting,0,0,0,29,1,30,29,1,30,13,0,13,71,2,73
West Bengal,2009,Dowry Deaths,0,0,0,82,10,92,93,36,129,50,12,62,225,58,283
West Bengal,2009,Molestation,0,0,0,16,0,16,12,0,12,2,0,2,30,0,30
West Bengal,2009,Eve-Teasing,0,0,0,0,0,0,0,0,0,0,0,0,0,0,0
West Bengal,2009,Cruelty By Husband Or Relative Of Husband,0,0,0,293,23,316,340,54,394,200,26,226,833,103,936
West Bengal,2009,Other Ipc Crimes,0,0,0,81,0,81,99,8,107,26,0,26,206,8,214
West Bengal,2010,Murder,0,0,0,633,50,683,570,43,613,140,13,153,1343,106,1449
West Bengal,2010,Attempt To Commit Murder,0,0,0,339,33,372,378,22,400,126,9,135,843,64,907
West Bengal,2010,C.H. Not Amounting To Murder,0,0,0,180,20,200,116,14,130,44,4,48,340,38,378
West Bengal,2010,Rape,0,0,0,420,2,422,254,2,256,55,0,55,729,4,733
West Bengal,2010,Kidnapping And Abduction,0,0,0,269,25,294,185,15,200,43,5,48,497,45,542
West Bengal,2010,Dacoity,0,0,0,375,4,379,299,1,300,46,0,46,720,5,725
West Bengal,2010,Prep. And Assembly For Dacoity,0,0,0,429,5,434,492,13,505,89,0,89,1010,18,1028
West Bengal,2010,Robbery,0,0,0,138,0,138,78,1,79,4,0,4,220,1,221
West Bengal,2010,Burglary,0,0,0,93,0,93,79,0,79,1,0,1,173,0,173
West Bengal,2010,Thefts,0,0,0,451,15,466,251,18,269,70,0,70,772,33,805
West Bengal,2010,Extortion,0,0,0,43,0,43,47,0,47,5,0,5,95,0,95
West Bengal,2010,Riots,0,0,0,105,4,109,134,4,138,28,1,29,267,9,276
West Bengal,2010,Arson,0,0,0,13,0,13,16,1,17,7,0,7,36,1,37
West Bengal,2010,Criminal Breach Of Trust,0,0,0,18,0,18,30,0,30,12,0,12,60,0,60
West Bengal,2010,Cheating,0,0,0,83,5,88,98,7,105,13,1,14,194,13,207
West Bengal,2010,Counter Feiting,0,0,0,61,7,68,84,2,86,25,5,30,170,14,184
West Bengal,2010,Dowry Deaths,0,0,0,126,15,141,157,54,211,47,15,62,330,84,414
West Bengal,2010,Molestation,0,0,0,16,0,16,7,0,7,0,0,0,23,0,23
West Bengal,2010,Eve-Teasing,0,0,0,12,0,12,11,0,11,0,0,0,23,0,23
West Bengal,2010,Cruelty By Husband Or Relative Of Husband,0,0,0,337,32,369,354,54,408,152,36,188,843,122,965
West Bengal,2010,Other Ipc Crimes,0,0,0,78,4,82,157,7,164,39,0,39,274,11,285
West Bengal,2011,Murder,0,0,0,748,52,800,834,52,886,194,12,206,1776,116,1892
West Bengal,2011,Attempt To Commit Murder,0,0,0,348,15,363,346,26,372,96,9,105,790,50,840
West Bengal,2011,C.H. Not Amounting To Murder,0,0,0,124,13,137,117,16,133,45,4,49,286,33,319
West Bengal,2011,Rape,0,0,0,421,2,423,298,1,299,74,0,74,793,3,796
West Bengal,2011,Kidnapping And Abduction,0,0,0,381,23,404,285,32,317,66,4,70,732,59,791
West Bengal,2011,Dacoity,0,0,0,430,1,431,305,0,305,78,0,78,813,1,814
West Bengal,2011,Prep. And Assembly For Dacoity,0,0,0,580,0,580,420,1,421,38,0,38,1038,1,1039
West Bengal,2011,Robbery,0,0,0,136,0,136,128,4,132,9,0,9,273,4,277
West Bengal,2011,Burglary,0,0,0,28,0,28,32,0,32,5,0,5,65,0,65
West Bengal,2011,Thefts,0,0,0,516,15,531,348,25,373,70,4,74,934,44,978
West Bengal,2011,Extortion,0,0,0,20,0,20,20,0,20,0,0,0,40,0,40
West Bengal,2011,Riots,0,0,0,118,3,121,144,0,144,43,0,43,305,3,308
West Bengal,2011,Arson,0,0,0,19,0,19,12,0,12,9,0,9,40,0,40
West Bengal,2011,Criminal Breach Of Trust,0,0,0,17,0,17,16,0,16,6,0,6,39,0,39
West Bengal,2011,Cheating,0,0,0,86,4,90,115,6,121,32,2,34,233,12,245
West Bengal,2011,Counter Feiting,0,0,0,36,3,39,56,3,59,16,0,16,108,6,114
West Bengal,2011,Dowry Deaths,0,0,0,122,21,143,159,48,207,67,17,84,348,86,434
West Bengal,2011,Molestation,0,0,0,14,0,14,8,0,8,5,0,5,27,0,27
West Bengal,2011,Eve-Teasing,0,0,0,4,0,4,2,0,2,0,0,0,6,0,6
West Bengal,2011,Cruelty By Husband Or Relative Of Husband,0,0,0,382,30,412,367,53,420,144,52,196,893,135,1028
West Bengal,2011,Other Ipc Crimes,0,0,0,70,38,108,115,6,121,16,0,16,201,44,245
West Bengal,2012,Murder,0,0,0,1055,77,1132,667,74,741,225,23,248,1947,174,2121
West Bengal,2012,Attempt To Commit Murder,0,0,0,361,13,374,385,10,395,87,4,91,833,27,860
West Bengal,2012,C.H. Not Amounting To Murder,0,0,0,147,10,157,173,11,184,49,3,52,369,24,393
West Bengal,2012,Rape,0,0,0,479,2,481,332,4,336,93,0,93,904,6,910
West Bengal,2012,Kidnapping And Abduction,0,0,0,381,54,435,265,38,303,68,11,79,714,103,817
West Bengal,2012,Dacoity,0,0,0,571,4,575,315,3,318,65,0,65,951,7,958
West Bengal,2012,Prep. And Assembly For Dacoity,0,0,0,321,0,321,259,0,259,60,0,60,640,0,640
West Bengal,2012,Robbery,0,0,0,256,3,259,172,0,172,24,0,24,452,3,455
West Bengal,2012,Burglary,0,0,0,74,0,74,65,0,65,18,0,18,157,0,157
West Bengal,2012,Thefts,0,0,0,515,8,523,353,9,362,95,1,96,963,18,981
West Bengal,2012,Extortion,0,0,0,66,0,66,54,0,54,10,0,10,130,0,130
West Bengal,2012,Riots,0,0,0,85,1,86,50,1,51,26,0,26,161,2,163
West Bengal,2012,Arson,0,0,0,7,1,8,20,0,20,2,0,2,29,1,30
West Bengal,2012,Criminal Breach Of Trust,0,0,0,20,2,22,15,1,16,13,0,13,48,3,51
West Bengal,2012,Cheating,0,0,0,93,1,94,96,4,100,31,1,32,220,6,226
West Bengal,2012,Counter Feiting,0,0,0,73,5,78,98,3,101,22,1,23,193,9,202
West Bengal,2012,Dowry Deaths,0,0,0,119,19,138,106,30,136,60,29,89,285,78,363
West Bengal,2012,Molestation,0,0,0,9,0,9,12,1,13,1,0,1,22,1,23
West Bengal,2012,Eve-Teasing,0,0,0,7,0,7,7,0,7,0,0,0,14,0,14
West Bengal,2012,Cruelty By Husband Or Relative Of Husband,0,0,0,335,34,369,327,54,381,132,24,156,794,112,906
West Bengal,2012,Other Ipc Crimes,0,0,0,101,18,119,48,13,61,23,0,23,172,31,203
A & N Islands,2001,Murder,0,0,0,4,0,4,2,0,2,0,0,0,6,0,6
A & N Islands,2001,Attempt To Commit Murder,0,0,0,0,0,0,1,0,1,0,0,0,1,0,1
A & N Islands,2001,C.H. Not Amounting To Murder,0,0,0,0,0,0,3,0,3,1,0,1,4,0,4
A & N Islands,2001,Rape,0,0,0,0,0,0,1,0,1,0,0,0,1,0,1
A & N Islands,2001,Kidnapping And Abduction,0,0,0,0,0,0,0,0,0,0,0,0,0,0,0
A & N Islands,2001,Dacoity,0,0,0,0,0,0,0,0,0,0,0,0,0,0,0
A & N Islands,2001,Prep. And Assembly For Dacoity,0,0,0,0,0,0,0,0,0,0,0,0,0,0,0
A & N Islands,2001,Robbery,0,0,0,0,0,0,0,0,0,0,0,0,0,0,0
A & N Islands,2001,Burglary,0,0,0,0,0,0,0,0,0,0,0,0,0,0,0
A & N Islands,2001,Thefts,0,0,0,10,0,10,6,0,6,0,0,0,16,0,16
A & N Islands,2001,Extortion,0,0,0,0,0,0,0,0,0,0,0,0,0,0,0
A & N Islands,2001,Riots,0,0,0,0,0,0,0,0,0,0,0,0,0,0,0
A & N Islands,2001,Arson,0,0,0,0,0,0,0,0,0,0,0,0,0,0,0
A & N Islands,2001,Criminal Breach Of Trust,0,0,0,0,0,0,0,0,0,0,0,0,0,0,0
A & N Islands,2001,Cheating,0,0,0,0,0,0,4,0,4,0,0,0,4,0,4
A & N Islands,2001,Counter Feiting,0,0,0,0,0,0,0,0,0,0,0,0,0,0,0
A & N Islands,2001,Dowry Deaths,0,0,0,0,0,0,0,0,0,0,0,0,0,0,0
A & N Islands,2001,Molestation,0,0,0,0,0,0,0,0,0,0,0,0,0,0,0
A & N Islands,2001,Eve-Teasing,0,0,0,0,0,0,0,0,0,0,0,0,0,0,0
A & N Islands,2001,Cruelty By Husband Or Relative Of Husband,0,0,0,0,0,0,0,0,0,0,0,0,0,0,0
A & N Islands,2001,Other Ipc Crimes,0,0,0,2,1,3,15,0,15,3,0,3,20,1,21
A & N Islands,2002,Murder,0,0,0,7,0,7,4,1,5,3,0,3,14,1,15
A & N Islands,2002,Attempt To Commit Murder,0,0,0,0,0,0,1,0,1,0,0,0,1,0,1
A & N Islands,2002,C.H. Not Amounting To Murder,0,0,0,1,0,1,4,0,4,0,0,0,5,0,5
A & N Islands,2002,Rape,0,0,0,0,0,0,0,0,0,0,0,0,0,0,0
A & N Islands,2002,Kidnapping And Abduction,0,0,0,0,0,0,0,0,0,0,0,0,0,0,0
A & N Islands,2002,Dacoity,0,0,0,0,0,0,0,0,0,0,0,0,0,0,0
A & N Islands,2002,Prep. And Assembly For Dacoity,0,0,0,0,0,0,0,0,0,0,0,0,0,0,0
A & N Islands,2002,Robbery,0,0,0,0,0,0,0,0,0,0,0,0,0,0,0
A & N Islands,2002,Burglary,0,0,0,0,0,0,0,0,0,0,0,0,0,0,0
A & N Islands,2002,Thefts,0,0,0,12,0,12,4,0,4,0,0,0,16,0,16
A & N Islands,2002,Extortion,0,0,0,0,0,0,0,0,0,0,0,0,0,0,0
A & N Islands,2002,Riots,0,0,0,0,0,0,0,0,0,0,0,0,0,0,0
A & N Islands,2002,Arson,0,0,0,0,0,0,0,0,0,0,0,0,0,0,0
A & N Islands,2002,Criminal Breach Of Trust,0,0,0,0,0,0,0,0,0,0,0,0,0,0,0
A & N Islands,2002,Cheating,0,0,0,5,0,5,1,0,1,0,0,0,6,0,6
A & N Islands,2002,Counter Feiting,0,0,0,0,0,0,0,0,0,0,0,0,0,0,0
A & N Islands,2002,Dowry Deaths,0,0,0,0,0,0,0,0,0,0,0,0,0,0,0
A & N Islands,2002,Molestation,0,0,0,0,0,0,0,0,0,0,0,0,0,0,0
A & N Islands,2002,Eve-Teasing,0,0,0,0,0,0,0,0,0,0,0,0,0,0,0
A & N Islands,2002,Cruelty By Husband Or Relative Of Husband,0,0,0,0,0,0,0,0,0,0,0,0,0,0,0
A & N Islands,2002,Other Ipc Crimes,0,0,0,4,2,6,19,1,20,4,0,4,27,3,30
A & N Islands,2003,Murder,0,0,0,25,0,25,9,0,9,0,0,0,34,0,34
A & N Islands,2003,Attempt To Commit Murder,0,0,0,0,0,0,1,1,2,0,0,0,1,1,2
A & N Islands,2003,C.H. Not Amounting To Murder,0,0,0,0,0,0,0,0,0,0,0,0,0,0,0
A & N Islands,2003,Rape,0,0,0,5,0,5,1,0,1,0,0,0,6,0,6
A & N Islands,2003,Kidnapping And Abduction,0,0,0,0,0,0,0,0,0,0,0,0,0,0,0
A & N Islands,2003,Dacoity,0,0,0,0,0,0,0,0,0,0,0,0,0,0,0
A & N Islands,2003,Prep. And Assembly For Dacoity,0,0,0,0,0,0,0,0,0,0,0,0,0,0,0
A & N Islands,2003,Robbery,0,0,0,0,0,0,0,0,0,0,0,0,0,0,0
A & N Islands,2003,Burglary,0,0,0,0,0,0,0,0,0,0,0,0,0,0,0
A & N Islands,2003,Thefts,0,0,0,0,0,0,5,0,5,0,0,0,5,0,5
A & N Islands,2003,Extortion,0,0,0,0,0,0,0,0,0,0,0,0,0,0,0
A & N Islands,2003,Riots,0,0,0,0,0,0,0,0,0,0,0,0,0,0,0
A & N Islands,2003,Arson,0,0,0,0,0,0,0,0,0,0,0,0,0,0,0
A & N Islands,2003,Criminal Breach Of Trust,0,0,0,0,0,0,0,0,0,0,0,0,0,0,0
A & N Islands,2003,Cheating,0,0,0,0,0,0,0,0,0,0,0,0,0,0,0
A & N Islands,2003,Counter Feiting,0,0,0,0,0,0,0,0,0,0,0,0,0,0,0
A & N Islands,2003,Dowry Deaths,0,0,0,0,0,0,0,0,0,0,0,0,0,0,0
A & N Islands,2003,Molestation,0,0,0,0,0,0,0,0,0,0,0,0,0,0,0
A & N Islands,2003,Eve-Teasing,0,0,0,0,0,0,0,0,0,0,0,0,0,0,0
A & N Islands,2003,Cruelty By Husband Or Relative Of Husband,0,0,0,0,0,0,0,0,0,0,0,0,0,0,0
A & N Islands,2003,Other Ipc Crimes,0,0,0,16,0,16,22,0,22,4,0,4,42,0,42
A & N Islands,2004,Murder,0,0,0,10,0,10,14,1,15,2,0,2,26,1,27
A & N Islands,2004,Attempt To Commit Murder,0,0,0,0,0,0,1,0,1,0,0,0,1,0,1
A & N Islands,2004,C.H. Not Amounting To Murder,0,0,0,1,0,1,1,0,1,0,0,0,2,0,2
A & N Islands,2004,Rape,0,0,0,2,0,2,2,0,2,1,0,1,5,0,5
A & N Islands,2004,Kidnapping And Abduction,0,0,0,0,0,0,0,0,0,0,0,0,0,0,0
A & N Islands,2004,Dacoity,0,0,0,1,0,1,1,0,1,0,0,0,2,0,2
A & N Islands,2004,Prep. And Assembly For Dacoity,0,0,0,0,0,0,0,0,0,0,0,0,0,0,0
A & N Islands,2004,Robbery,0,0,0,1,0,1,1,0,1,0,0,0,2,0,2
A & N Islands,2004,Burglary,0,0,0,17,0,17,8,0,8,0,0,0,25,0,25
A & N Islands,2004,Thefts,0,0,0,13,0,13,6,0,6,0,0,0,19,0,19
A & N Islands,2004,Extortion,0,0,0,0,0,0,0,0,0,0,0,0,0,0,0
A & N Islands,2004,Riots,0,0,0,0,0,0,0,0,0,0,0,0,0,0,0
A & N Islands,2004,Arson,0,0,0,0,0,0,0,0,0,0,0,0,0,0,0
A & N Islands,2004,Criminal Breach Of Trust,0,0,0,0,0,0,0,0,0,0,0,0,0,0,0
A & N Islands,2004,Cheating,0,0,0,0,0,0,0,0,0,0,0,0,0,0,0
A & N Islands,2004,Counter Feiting,0,0,0,0,0,0,0,0,0,0,0,0,0,0,0
A & N Islands,2004,Dowry Deaths,0,0,0,0,0,0,0,0,0,0,0,0,0,0,0
A & N Islands,2004,Molestation,0,0,0,0,0,0,0,0,0,0,0,0,0,0,0
A & N Islands,2004,Eve-Teasing,0,0,0,0,0,0,0,0,0,0,0,0,0,0,0
A & N Islands,2004,Cruelty By Husband Or Relative Of Husband,0,0,0,0,0,0,0,0,0,0,0,0,0,0,0
A & N Islands,2004,Other Ipc Crimes,0,0,0,10,0,10,16,0,16,1,0,1,27,0,27
A & N Islands,2005,Murder,0,0,0,10,0,10,14,1,15,2,0,2,26,1,27
A & N Islands,2005,Attempt To Commit Murder,0,0,0,0,0,0,1,0,1,0,0,0,1,0,1
A & N Islands,2005,C.H. Not Amounting To Murder,0,0,0,1,0,1,1,0,1,0,0,0,2,0,2
A & N Islands,2005,Rape,0,0,0,2,0,2,2,0,2,1,0,1,5,0,5
A & N Islands,2005,Kidnapping And Abduction,0,0,0,0,0,0,0,0,0,0,0,0,0,0,0
A & N Islands,2005,Dacoity,0,0,0,1,0,1,1,0,1,0,0,0,2,0,2
A & N Islands,2005,Prep. And Assembly For Dacoity,0,0,0,0,0,0,0,0,0,0,0,0,0,0,0
A & N Islands,2005,Robbery,0,0,0,1,0,1,1,0,1,0,0,0,2,0,2
A & N Islands,2005,Burglary,0,0,0,10,0,10,8,0,8,0,0,0,18,0,18
A & N Islands,2005,Thefts,0,0,0,13,0,13,6,0,6,0,0,0,19,0,19
A & N Islands,2005,Extortion,0,0,0,0,0,0,0,0,0,0,0,0,0,0,0
A & N Islands,2005,Riots,0,0,0,0,0,0,0,0,0,0,0,0,0,0,0
A & N Islands,2005,Arson,0,0,0,0,0,0,0,0,0,0,0,0,0,0,0
A & N Islands,2005,Criminal Breach Of Trust,0,0,0,0,0,0,0,0,0,0,0,0,0,0,0
A & N Islands,2005,Cheating,0,0,0,0,0,0,0,0,0,0,0,0,0,0,0
A & N Islands,2005,Counter Feiting,0,0,0,0,0,0,0,0,0,0,0,0,0,0,0
A & N Islands,2005,Dowry Deaths,0,0,0,0,0,0,0,0,0,0,0,0,0,0,0
A & N Islands,2005,Molestation,0,0,0,0,0,0,0,0,0,0,0,0,0,0,0
A & N Islands,2005,Eve-Teasing,0,0,0,0,0,0,0,0,0,0,0,0,0,0,0
A & N Islands,2005,Cruelty By Husband Or Relative Of Husband,0,0,0,0,0,0,0,0,0,0,0,0,0,0,0
A & N Islands,2005,Other Ipc Crimes,0,0,0,10,0,10,16,0,16,1,0,1,27,0,27
A & N Islands,2006,Murder,0,0,0,8,0,8,12,1,13,6,0,6,26,1,27
A & N Islands,2006,Attempt To Commit Murder,0,0,0,0,0,0,1,0,1,0,0,0,1,0,1
A & N Islands,2006,C.H. Not Amounting To Murder,0,0,0,1,0,1,1,0,1,0,0,0,2,0,2
A & N Islands,2006,Rape,0,0,0,2,0,2,2,0,2,1,0,1,5,0,5
A & N Islands,2006,Kidnapping And Abduction,0,0,0,0,0,0,0,0,0,0,0,0,0,0,0
A & N Islands,2006,Dacoity,0,0,0,1,0,1,1,0,1,0,0,0,2,0,2
A & N Islands,2006,Prep. And Assembly For Dacoity,0,0,0,0,0,0,0,0,0,0,0,0,0,0,0
A & N Islands,2006,Robbery,0,0,0,1,0,1,1,0,1,0,0,0,2,0,2
A & N Islands,2006,Burglary,0,0,0,10,0,10,8,0,8,0,0,0,18,0,18
A & N Islands,2006,Thefts,0,0,0,13,0,13,6,0,6,0,0,0,19,0,19
A & N Islands,2006,Extortion,0,0,0,0,0,0,0,0,0,0,0,0,0,0,0
A & N Islands,2006,Riots,0,0,0,0,0,0,0,0,0,0,0,0,0,0,0
A & N Islands,2006,Arson,0,0,0,0,0,0,0,0,0,0,0,0,0,0,0
A & N Islands,2006,Criminal Breach Of Trust,0,0,0,0,0,0,0,0,0,0,0,0,0,0,0
A & N Islands,2006,Cheating,0,0,0,0,0,0,0,0,0,0,0,0,0,0,0
A & N Islands,2006,Counter Feiting,0,0,0,0,0,0,0,0,0,0,0,0,0,0,0
A & N Islands,2006,Dowry Deaths,0,0,0,0,0,0,0,0,0,0,0,0,0,0,0
A & N Islands,2006,Molestation,0,0,0,0,0,0,0,0,0,0,0,0,0,0,0
A & N Islands,2006,Eve-Teasing,0,0,0,0,0,0,0,0,0,0,0,0,0,0,0
A & N Islands,2006,Cruelty By Husband Or Relative Of Husband,0,0,0,0,0,0,0,0,0,0,0,0,0,0,0
A & N Islands,2006,Other Ipc Crimes,0,0,0,2,0,2,9,0,9,0,0,0,11,0,11
A & N Islands,2007,Murder,0,0,0,5,0,5,14,1,15,2,0,2,21,1,22
A & N Islands,2007,Attempt To Commit Murder,0,0,0,1,0,1,4,0,4,1,0,1,6,0,6
A & N Islands,2007,C.H. Not Amounting To Murder,0,0,0,0,0,0,0,0,0,0,0,0,0,0,0
A & N Islands,2007,Rape,0,0,0,3,0,3,0,0,0,0,0,0,3,0,3
A & N Islands,2007,Kidnapping And Abduction,0,0,0,0,0,0,0,0,0,0,0,0,0,0,0
A & N Islands,2007,Dacoity,0,0,0,2,0,2,0,0,0,0,0,0,2,0,2
A & N Islands,2007,Prep. And Assembly For Dacoity,0,0,0,0,0,0,0,0,0,0,0,0,0,0,0
A & N Islands,2007,Robbery,0,0,0,1,0,1,1,0,1,0,0,0,2,0,2
A & N Islands,2007,Burglary,0,0,0,2,0,2,1,0,1,0,0,0,3,0,3
A & N Islands,2007,Thefts,0,0,0,9,0,9,4,0,4,0,0,0,13,0,13
A & N Islands,2007,Extortion,0,0,0,0,0,0,0,0,0,0,0,0,0,0,0
A & N Islands,2007,Riots,0,0,0,0,0,0,0,0,0,0,0,0,0,0,0
A & N Islands,2007,Arson,0,0,0,0,0,0,0,0,0,0,0,0,0,0,0
A & N Islands,2007,Criminal Breach Of Trust,0,0,0,0,0,0,0,0,0,0,0,0,0,0,0
A & N Islands,2007,Cheating,0,0,0,0,0,0,0,0,0,0,0,0,0,0,0
A & N Islands,2007,Counter Feiting,0,0,0,0,0,0,0,0,0,0,0,0,0,0,0
A & N Islands,2007,Dowry Deaths,0,0,0,0,0,0,0,0,0,0,0,0,0,0,0
A & N Islands,2007,Molestation,0,0,0,0,0,0,0,0,0,0,0,0,0,0,0
A & N Islands,2007,Eve-Teasing,0,0,0,0,0,0,0,0,0,0,0,0,0,0,0
A & N Islands,2007,Cruelty By Husband Or Relative Of Husband,0,0,0,0,0,0,0,0,0,0,0,0,0,0,0
A & N Islands,2007,Other Ipc Crimes,0,0,0,11,0,11,2,0,2,2,0,2,15,0,15
A & N Islands,2008,Murder,0,0,0,9,0,9,18,0,18,2,0,2,29,0,29
A & N Islands,2008,Attempt To Commit Murder,0,0,0,1,0,1,4,0,4,0,0,0,5,0,5
A & N Islands,2008,C.H. Not Amounting To Murder,0,0,0,0,0,0,2,0,2,0,0,0,2,0,2
A & N Islands,2008,Rape,0,0,0,1,0,1,1,0,1,0,0,0,2,0,2
A & N Islands,2008,Kidnapping And Abduction,0,0,0,0,0,0,0,0,0,0,0,0,0,0,0
A & N Islands,2008,Dacoity,0,0,0,4,0,4,2,0,2,0,0,0,6,0,6
A & N Islands,2008,Prep. And Assembly For Dacoity,0,0,0,0,0,0,0,0,0,0,0,0,0,0,0
A & N Islands,2008,Robbery,0,0,0,2,0,2,4,0,4,0,0,0,6,0,6
A & N Islands,2008,Burglary,0,0,0,1,0,1,1,0,1,0,0,0,2,0,2
A & N Islands,2008,Thefts,0,0,0,11,0,11,7,0,7,0,0,0,18,0,18
A & N Islands,2008,Extortion,0,0,0,0,0,0,0,0,0,0,0,0,0,0,0
A & N Islands,2008,Riots,0,0,0,0,0,0,0,0,0,0,0,0,0,0,0
A & N Islands,2008,Arson,0,0,0,0,0,0,0,0,0,0,0,0,0,0,0
A & N Islands,2008,Criminal Breach Of Trust,0,0,0,0,0,0,0,0,0,0,0,0,0,0,0
A & N Islands,2008,Cheating,0,0,0,0,0,0,0,0,0,0,0,0,0,0,0
A & N Islands,2008,Counter Feiting,0,0,0,0,0,0,0,0,0,0,0,0,0,0,0
A & N Islands,2008,Dowry Deaths,0,0,0,0,0,0,0,0,0,0,0,0,0,0,0
A & N Islands,2008,Molestation,0,0,0,0,0,0,0,0,0,0,0,0,0,0,0
A & N Islands,2008,Eve-Teasing,0,0,0,0,0,0,0,0,0,0,0,0,0,0,0
A & N Islands,2008,Cruelty By Husband Or Relative Of Husband,0,0,0,0,0,0,0,0,0,0,0,0,0,0,0
A & N Islands,2008,Other Ipc Crimes,0,0,0,7,0,7,10,0,10,0,0,0,17,0,17
A & N Islands,2009,Murder,0,0,0,5,0,5,14,0,14,1,0,1,20,0,20
A & N Islands,2009,Attempt To Commit Murder,0,0,0,1,0,1,0,0,0,0,0,0,1,0,1
A & N Islands,2009,C.H. Not Amounting To Murder,0,0,0,0,0,0,2,0,2,0,0,0,2,0,2
A & N Islands,2009,Rape,0,0,0,0,0,0,1,0,1,0,0,0,1,0,1
A & N Islands,2009,Kidnapping And Abduction,0,0,0,0,0,0,0,0,0,0,0,0,0,0,0
A & N Islands,2009,Dacoity,0,0,0,1,0,1,3,0,3,0,0,0,4,0,4
A & N Islands,2009,Prep. And Assembly For Dacoity,0,0,0,0,0,0,0,0,0,0,0,0,0,0,0
A & N Islands,2009,Robbery,0,0,0,1,0,1,4,0,4,0,0,0,5,0,5
A & N Islands,2009,Burglary,0,0,0,1,0,1,1,0,1,0,0,0,2,0,2
A & N Islands,2009,Thefts,0,0,0,4,0,4,5,0,5,0,0,0,9,0,9
A & N Islands,2009,Extortion,0,0,0,0,0,0,0,0,0,0,0,0,0,0,0
A & N Islands,2009,Riots,0,0,0,0,0,0,0,0,0,0,0,0,0,0,0
A & N Islands,2009,Arson,0,0,0,0,0,0,0,0,0,0,0,0,0,0,0
A & N Islands,2009,Criminal Breach Of Trust,0,0,0,0,0,0,0,0,0,0,0,0,0,0,0
A & N Islands,2009,Cheating,0,0,0,0,0,0,0,0,0,0,0,0,0,0,0
A & N Islands,2009,Counter Feiting,0,0,0,0,0,0,0,0,0,0,0,0,0,0,0
A & N Islands,2009,Dowry Deaths,0,0,0,0,0,0,0,0,0,0,0,0,0,0,0
A & N Islands,2009,Molestation,0,0,0,0,0,0,0,0,0,0,0,0,0,0,0
A & N Islands,2009,Eve-Teasing,0,0,0,0,0,0,0,0,0,0,0,0,0,0,0
A & N Islands,2009,Cruelty By Husband Or Relative Of Husband,0,0,0,0,0,0,0,0,0,0,0,0,0,0,0
A & N Islands,2009,Other Ipc Crimes,0,0,0,3,0,3,11,0,11,0,0,0,14,0,14
A & N Islands,2010,Murder,0,0,0,4,0,4,8,0,8,2,0,2,14,0,14
A & N Islands,2010,Attempt To Commit Murder,0,0,0,0,0,0,2,0,2,0,0,0,2,0,2
A & N Islands,2010,C.H. Not Amounting To Murder,0,0,0,0,0,0,0,0,0,0,0,0,0,0,0
A & N Islands,2010,Rape,0,0,0,7,0,7,2,1,3,0,0,0,9,1,10
A & N Islands,2010,Kidnapping And Abduction,0,0,0,0,0,0,0,0,0,0,0,0,0,0,0
A & N Islands,2010,Dacoity,0,0,0,0,0,0,0,0,0,0,0,0,0,0,0
A & N Islands,2010,Prep. And Assembly For Dacoity,0,0,0,1,0,1,1,0,1,0,0,0,2,0,2
A & N Islands,2010,Robbery,0,0,0,0,0,0,0,0,0,0,0,0,0,0,0
A & N Islands,2010,Burglary,0,0,0,0,0,0,0,0,0,0,0,0,0,0,0
A & N Islands,2010,Thefts,0,0,0,6,0,6,9,1,10,5,0,5,20,1,21
A & N Islands,2010,Extortion,0,0,0,0,0,0,0,0,0,0,0,0,0,0,0
A & N Islands,2010,Riots,0,0,0,0,0,0,0,0,0,0,0,0,0,0,0
A & N Islands,2010,Arson,0,0,0,0,0,0,0,0,0,0,0,0,0,0,0
A & N Islands,2010,Criminal Breach Of Trust,0,0,0,0,0,0,0,0,0,0,0,0,0,0,0
A & N Islands,2010,Cheating,0,0,0,0,0,0,2,0,2,0,0,0,2,0,2
A & N Islands,2010,Counter Feiting,0,0,0,0,0,0,0,0,0,0,0,0,0,0,0
A & N Islands,2010,Dowry Deaths,0,0,0,0,0,0,0,0,0,0,0,0,0,0,0
A & N Islands,2010,Molestation,0,0,0,0,0,0,0,0,0,0,0,0,0,0,0
A & N Islands,2010,Eve-Teasing,0,0,0,0,0,0,0,0,0,0,0,0,0,0,0
A & N Islands,2010,Cruelty By Husband Or Relative Of Husband,0,0,0,0,0,0,0,0,0,0,0,0,0,0,0
A & N Islands,2010,Other Ipc Crimes,0,0,0,9,0,9,5,0,5,0,0,0,14,0,14
A & N Islands,2011,Murder,0,0,0,7,2,9,10,3,13,4,0,4,21,5,26
A & N Islands,2011,Attempt To Commit Murder,0,0,0,0,0,0,0,0,0,0,0,0,0,0,0
A & N Islands,2011,C.H. Not Amounting To Murder,0,0,0,0,0,0,0,0,0,0,0,0,0,0,0
A & N Islands,2011,Rape,0,0,0,2,0,2,5,0,5,3,1,4,10,1,11
A & N Islands,2011,Kidnapping And Abduction,0,0,0,0,0,0,0,0,0,0,0,0,0,0,0
A & N Islands,2011,Dacoity,0,0,0,0,0,0,0,0,0,0,0,0,0,0,0
A & N Islands,2011,Prep. And Assembly For Dacoity,0,0,0,0,0,0,0,0,0,0,0,0,0,0,0
A & N Islands,2011,Robbery,0,0,0,0,0,0,0,0,0,0,0,0,0,0,0
A & N Islands,2011,Burglary,0,0,0,0,0,0,0,0,0,0,0,0,0,0,0
A & N Islands,2011,Thefts,0,0,0,9,0,9,6,0,6,0,0,0,15,0,15
A & N Islands,2011,Extortion,0,0,0,0,0,0,0,0,0,0,0,0,0,0,0
A & N Islands,2011,Riots,0,0,0,0,0,0,0,0,0,0,0,0,0,0,0
A & N Islands,2011,Arson,0,0,0,0,0,0,0,0,0,0,0,0,0,0,0
A & N Islands,2011,Criminal Breach Of Trust,0,0,0,0,0,0,0,0,0,0,0,0,0,0,0
A & N Islands,2011,Cheating,0,0,0,0,0,0,0,0,0,0,0,0,0,0,0
A & N Islands,2011,Counter Feiting,0,0,0,0,0,0,0,0,0,0,0,0,0,0,0
A & N Islands,2011,Dowry Deaths,0,0,0,0,0,0,0,0,0,0,0,0,0,0,0
A & N Islands,2011,Molestation,0,0,0,0,0,0,0,0,0,0,0,0,0,0,0
A & N Islands,2011,Eve-Teasing,0,0,0,0,0,0,0,0,0,0,0,0,0,0,0
A & N Islands,2011,Cruelty By Husband Or Relative Of Husband,0,0,0,0,0,0,0,0,0,0,0,0,0,0,0
A & N Islands,2011,Other Ipc Crimes,0,0,0,14,0,14,21,0,21,12,0,12,47,0,47
A & N Islands,2012,Murder,0,0,0,10,6,16,8,1,9,3,0,3,21,7,28
A & N Islands,2012,Attempt To Commit Murder,0,0,0,4,0,4,3,1,4,0,0,0,7,1,8
A & N Islands,2012,C.H. Not Amounting To Murder,0,0,0,0,0,0,0,0,0,0,0,0,0,0,0
A & N Islands,2012,Rape,0,0,0,5,0,5,2,0,2,0,0,0,7,0,7
A & N Islands,2012,Kidnapping And Abduction,0,0,0,0,0,0,0,0,0,0,0,0,0,0,0
A & N Islands,2012,Dacoity,0,0,0,0,0,0,0,0,0,0,0,0,0,0,0
A & N Islands,2012,Prep. And Assembly For Dacoity,0,0,0,0,0,0,0,0,0,0,0,0,0,0,0
A & N Islands,2012,Robbery,0,0,0,0,0,0,0,0,0,0,0,0,0,0,0
A & N Islands,2012,Burglary,0,0,0,0,0,0,0,0,0,0,0,0,0,0,0
A & N Islands,2012,Thefts,0,0,0,6,0,6,4,0,4,1,0,1,11,0,11
A & N Islands,2012,Extortion,0,0,0,0,0,0,0,0,0,0,0,0,0,0,0
A & N Islands,2012,Riots,0,0,0,0,0,0,0,0,0,0,0,0,0,0,0
A & N Islands,2012,Arson,0,0,0,0,0,0,0,0,0,0,0,0,0,0,0
A & N Islands,2012,Criminal Breach Of Trust,0,0,0,0,0,0,0,0,0,0,0,0,0,0,0
A & N Islands,2012,Cheating,0,0,0,0,0,0,0,0,0,0,0,0,0,0,0
A & N Islands,2012,Counter Feiting,0,0,0,0,0,0,0,0,0,0,0,0,0,0,0
A & N Islands,2012,Dowry Deaths,0,0,0,0,0,0,0,0,0,0,0,0,0,0,0
A & N Islands,2012,Molestation,0,0,0,0,0,0,0,0,0,0,0,0,0,0,0
A & N Islands,2012,Eve-Teasing,0,0,0,0,0,0,0,0,0,0,0,0,0,0,0
A & N Islands,2012,Cruelty By Husband Or Relative Of Husband,0,0,0,0,0,0,0,0,0,0,0,0,0,0,0
A & N Islands,2012,Other Ipc Crimes,0,0,0,1,0,1,17,0,17,9,0,9,27,0,27
Chandigarh,2001,Murder,2,0,2,15,2,17,22,2,24,8,1,9,47,5,52
Chandigarh,2001,Attempt To Commit Murder,1,0,1,7,1,8,10,2,12,2,0,2,20,3,23
Chandigarh,2001,C.H. Not Amounting To Murder,0,0,0,4,0,4,4,0,4,3,0,3,11,0,11
Chandigarh,2001,Rape,0,0,0,6,0,6,9,0,9,2,0,2,17,0,17
Chandigarh,2001,Kidnapping And Abduction,0,0,0,4,0,4,6,0,6,1,0,1,11,0,11
Chandigarh,2001,Dacoity,0,0,0,3,0,3,4,0,4,0,0,0,7,0,7
Chandigarh,2001,Prep. And Assembly For Dacoity,0,0,0,4,0,4,3,0,3,0,0,0,7,0,7
Chandigarh,2001,Robbery,0,0,0,0,0,0,0,0,0,0,0,0,0,0,0
Chandigarh,2001,Burglary,0,0,0,3,0,3,5,0,5,0,0,0,8,0,8
Chandigarh,2001,Thefts,11,0,11,24,3,27,32,2,34,4,1,5,71,6,77
Chandigarh,2001,Extortion,0,0,0,0,0,0,0,0,0,0,0,0,0,0,0
Chandigarh,2001,Riots,2,0,2,4,0,4,9,0,9,2,0,2,17,0,17
Chandigarh,2001,Arson,0,0,0,0,0,0,0,0,0,0,0,0,0,0,0
Chandigarh,2001,Criminal Breach Of Trust,0,0,0,2,0,2,3,0,3,1,0,1,6,0,6
Chandigarh,2001,Cheating,0,0,0,4,1,5,5,0,5,0,0,0,9,1,10
Chandigarh,2001,Counter Feiting,0,0,0,0,0,0,0,0,0,0,0,0,0,0,0
Chandigarh,2001,Dowry Deaths,0,0,0,0,0,0,6,2,8,2,0,2,8,2,10
Chandigarh,2001,Molestation,2,0,2,3,0,3,3,0,3,0,0,0,8,0,8
Chandigarh,2001,Eve-Teasing,0,0,0,0,0,0,0,0,0,0,0,0,0,0,0
Chandigarh,2001,Cruelty By Husband Or Relative Of Husband,0,0,0,0,0,0,0,0,0,0,0,0,0,0,0
Chandigarh,2001,Other Ipc Crimes,0,0,0,0,0,0,0,0,0,0,0,0,0,0,0
Chandigarh,2002,Murder,0,0,0,29,2,31,16,2,18,8,0,8,53,4,57
Chandigarh,2002,Attempt To Commit Murder,0,0,0,6,0,6,4,0,4,4,2,6,14,2,16
Chandigarh,2002,C.H. Not Amounting To Murder,0,0,0,2,0,2,0,0,0,1,0,1,3,0,3
Chandigarh,2002,Rape,0,0,0,13,0,13,6,1,7,0,0,0,19,1,20
Chandigarh,2002,Kidnapping And Abduction,0,0,0,4,0,4,2,0,2,0,0,0,6,0,6
Chandigarh,2002,Dacoity,0,0,0,7,0,7,3,0,3,0,0,0,10,0,10
Chandigarh,2002,Prep. And Assembly For Dacoity,0,0,0,2,0,2,1,0,1,0,0,0,3,0,3
Chandigarh,2002,Robbery,0,0,0,5,0,5,2,0,2,1,0,1,8,0,8
Chandigarh,2002,Burglary,0,0,0,2,0,2,3,0,3,0,0,0,5,0,5
Chandigarh,2002,Thefts,0,0,0,38,3,41,30,2,32,18,0,18,86,5,91
Chandigarh,2002,Extortion,0,0,0,3,0,3,0,0,0,1,0,1,4,0,4
Chandigarh,2002,Riots,0,0,0,6,0,6,2,0,2,0,0,0,8,0,8
Chandigarh,2002,Arson,0,0,0,0,0,0,0,0,0,0,0,0,0,0,0
Chandigarh,2002,Criminal Breach Of Trust,0,0,0,4,0,4,7,0,7,0,0,0,11,0,11
Chandigarh,2002,Cheating,0,0,0,0,0,0,0,0,0,0,0,0,0,0,0
Chandigarh,2002,Counter Feiting,0,0,0,0,0,0,0,0,0,0,0,0,0,0,0
Chandigarh,2002,Dowry Deaths,0,0,0,4,1,5,3,2,5,0,0,0,7,3,10
Chandigarh,2002,Molestation,0,0,0,2,0,2,1,0,1,0,0,0,3,0,3
Chandigarh,2002,Eve-Teasing,0,0,0,0,0,0,2,0,2,1,0,1,3,0,3
Chandigarh,2002,Cruelty By Husband Or Relative Of Husband,0,0,0,3,0,3,4,1,5,0,0,0,7,1,8
Chandigarh,2002,Other Ipc Crimes,0,0,0,12,0,12,2,0,2,3,0,3,17,0,17
Chandigarh,2003,Murder,0,0,0,11,1,12,10,2,12,12,1,13,33,4,37
Chandigarh,2003,Attempt To Commit Murder,0,0,0,6,0,6,6,0,6,4,0,4,16,0,16
Chandigarh,2003,C.H. Not Amounting To Murder,0,0,0,6,0,6,5,0,5,2,0,2,13,0,13
Chandigarh,2003,Rape,0,0,0,8,0,8,6,0,6,7,0,7,21,0,21
Chandigarh,2003,Kidnapping And Abduction,0,0,0,6,0,6,9,0,9,2,0,2,17,0,17
Chandigarh,2003,Dacoity,0,0,0,7,0,7,11,0,11,2,0,2,20,0,20
Chandigarh,2003,Prep. And Assembly For Dacoity,0,0,0,3,0,3,9,0,9,0,0,0,12,0,12
Chandigarh,2003,Robbery,0,0,0,6,0,6,7,0,7,4,0,4,17,0,17
Chandigarh,2003,Burglary,0,0,0,4,0,4,7,0,7,6,0,6,17,0,17
Chandigarh,2003,Thefts,0,0,0,16,2,18,20,4,24,12,2,14,48,8,56
Chandigarh,2003,Extortion,0,0,0,2,0,2,6,0,6,3,0,3,11,0,11
Chandigarh,2003,Riots,0,0,0,7,0,7,8,0,8,4,0,4,19,0,19
Chandigarh,2003,Arson,0,0,0,0,0,0,0,0,0,0,0,0,0,0,0
Chandigarh,2003,Criminal Breach Of Trust,0,0,0,4,0,4,7,0,7,3,0,3,14,0,14
Chandigarh,2003,Cheating,0,0,0,6,0,6,7,2,9,6,1,7,19,3,22
Chandigarh,2003,Counter Feiting,0,0,0,0,0,0,0,0,0,0,0,0,0,0,0
Chandigarh,2003,Dowry Deaths,0,0,0,2,0,2,8,2,10,4,1,5,14,3,17
Chandigarh,2003,Molestation,0,0,0,0,0,0,0,0,0,0,0,0,0,0,0
Chandigarh,2003,Eve-Teasing,0,0,0,0,0,0,2,0,2,1,0,1,3,0,3
Chandigarh,2003,Cruelty By Husband Or Relative Of Husband,0,0,0,1,0,1,4,0,4,2,0,2,7,0,7
Chandigarh,2003,Other Ipc Crimes,0,0,0,0,0,0,0,0,0,0,0,0,0,0,0
Chandigarh,2004,Murder,0,0,0,27,2,29,24,2,26,7,1,8,58,5,63
Chandigarh,2004,Attempt To Commit Murder,0,0,0,6,0,6,9,0,9,4,0,4,19,0,19
Chandigarh,2004,C.H. Not Amounting To Murder,0,0,0,6,0,6,2,0,2,1,0,1,9,0,9
Chandigarh,2004,Rape,0,0,0,5,0,5,9,1,10,1,0,1,15,1,16
Chandigarh,2004,Kidnapping And Abduction,0,0,0,4,0,4,8,0,8,2,0,2,14,0,14
Chandigarh,2004,Dacoity,0,0,0,8,0,8,6,0,6,4,0,4,18,0,18
Chandigarh,2004,Prep. And Assembly For Dacoity,0,0,0,2,0,2,5,0,5,1,0,1,8,0,8
Chandigarh,2004,Robbery,0,0,0,9,0,9,6,0,6,7,0,7,22,0,22
Chandigarh,2004,Burglary,0,0,0,11,2,13,16,1,17,6,0,6,33,3,36
Chandigarh,2004,Thefts,0,0,0,34,2,36,25,2,27,15,1,16,74,5,79
Chandigarh,2004,Extortion,0,0,0,0,0,0,0,0,0,0,0,0,0,0,0
Chandigarh,2004,Riots,0,0,0,9,0,9,4,2,6,6,0,6,19,2,21
Chandigarh,2004,Arson,0,0,0,0,0,0,0,0,0,0,0,0,0,0,0
Chandigarh,2004,Criminal Breach Of Trust,0,0,0,1,0,1,4,0,4,8,0,8,13,0,13
Chandigarh,2004,Cheating,0,0,0,4,0,4,8,2,10,7,0,7,19,2,21
Chandigarh,2004,Counter Feiting,0,0,0,0,0,0,0,0,0,0,0,0,0,0,0
Chandigarh,2004,Dowry Deaths,0,0,0,1,0,1,3,0,3,1,0,1,5,0,5
Chandigarh,2004,Molestation,0,0,0,0,0,0,0,0,0,0,0,0,0,0,0
Chandigarh,2004,Eve-Teasing,0,0,0,0,0,0,2,0,2,0,0,0,2,0,2
Chandigarh,2004,Cruelty By Husband Or Relative Of Husband,0,0,0,1,0,1,3,2,5,2,0,2,6,2,8
Chandigarh,2004,Other Ipc Crimes,0,0,0,3,0,3,6,1,7,4,0,4,13,1,14
Chandigarh,2005,Murder,0,0,0,21,2,23,24,3,27,7,1,8,52,6,58
Chandigarh,2005,Attempt To Commit Murder,0,0,0,8,1,9,9,1,10,3,0,3,20,2,22
Chandigarh,2005,C.H. Not Amounting To Murder,0,0,0,8,0,8,7,0,7,2,0,2,17,0,17
Chandigarh,2005,Rape,0,0,0,7,1,8,8,0,8,0,0,0,15,1,16
Chandigarh,2005,Kidnapping And Abduction,0,0,0,4,0,4,6,0,6,1,0,1,11,0,11
Chandigarh,2005,Dacoity,0,0,0,9,0,9,7,0,7,5,0,5,21,0,21
Chandigarh,2005,Prep. And Assembly For Dacoity,0,0,0,2,0,2,5,0,5,2,0,2,9,0,9
Chandigarh,2005,Robbery,0,0,0,3,0,3,6,1,7,0,0,0,9,1,10
Chandigarh,2005,Burglary,0,0,0,6,1,7,6,1,7,6,0,6,18,2,20
Chandigarh,2005,Thefts,0,0,0,21,2,23,18,2,20,7,1,8,46,5,51
Chandigarh,2005,Extortion,0,0,0,0,0,0,0,0,0,0,0,0,0,0,0
Chandigarh,2005,Riots,0,0,0,9,0,9,8,0,8,6,0,6,23,0,23
Chandigarh,2005,Arson,0,0,0,0,0,0,0,0,0,0,0,0,0,0,0
Chandigarh,2005,Criminal Breach Of Trust,0,0,0,7,0,7,4,0,4,3,0,3,14,0,14
Chandigarh,2005,Cheating,0,0,0,4,0,4,5,0,5,4,0,4,13,0,13
Chandigarh,2005,Counter Feiting,0,0,0,0,0,0,0,0,0,0,0,0,0,0,0
Chandigarh,2005,Dowry Deaths,0,0,0,0,0,0,0,0,0,0,0,0,0,0,0
Chandigarh,2005,Molestation,0,0,0,0,0,0,0,0,0,0,0,0,0,0,0
Chandigarh,2005,Eve-Teasing,0,0,0,0,0,0,0,0,0,0,0,0,0,0,0
Chandigarh,2005,Cruelty By Husband Or Relative Of Husband,0,0,0,3,0,3,6,0,6,2,0,2,11,0,11
Chandigarh,2005,Other Ipc Crimes,0,0,0,0,0,0,0,0,0,0,0,0,0,0,0
Chandigarh,2006,Murder,0,0,0,20,1,21,24,4,28,6,1,7,50,6,56
Chandigarh,2006,Attempt To Commit Murder,0,0,0,10,1,11,13,1,14,2,0,2,25,2,27
Chandigarh,2006,C.H. Not Amounting To Murder,0,0,0,7,0,7,5,0,5,1,0,1,13,0,13
Chandigarh,2006,Rape,0,0,0,8,0,8,6,0,6,2,0,2,16,0,16
Chandigarh,2006,Kidnapping And Abduction,0,0,0,6,0,6,4,0,4,4,0,4,14,0,14
Chandigarh,2006,Dacoity,0,0,0,4,0,4,4,0,4,1,0,1,9,0,9
Chandigarh,2006,Prep. And Assembly For Dacoity,0,0,0,6,0,6,7,0,7,0,0,0,13,0,13
Chandigarh,2006,Robbery,0,0,0,5,0,5,9,0,9,2,0,2,16,0,16
Chandigarh,2006,Burglary,0,0,0,4,0,4,3,0,3,1,0,1,8,0,8
Chandigarh,2006,Thefts,0,0,0,21,2,23,20,4,24,4,2,6,45,8,53
Chandigarh,2006,Extortion,0,0,0,0,0,0,0,0,0,0,0,0,0,0,0
Chandigarh,2006,Riots,0,0,0,5,0,5,2,0,2,2,0,2,9,0,9
Chandigarh,2006,Arson,0,0,0,0,0,0,1,0,1,1,0,1,2,0,2
Chandigarh,2006,Criminal Breach Of Trust,0,0,0,6,0,6,3,0,3,2,0,2,11,0,11
Chandigarh,2006,Cheating,0,0,0,5,0,5,4,0,4,1,0,1,10,0,10
Chandigarh,2006,Counter Feiting,0,0,0,0,0,0,2,0,2,1,0,1,3,0,3
Chandigarh,2006,Dowry Deaths,0,0,0,1,0,1,0,0,0,1,0,1,2,0,2
Chandigarh,2006,Molestation,0,0,0,0,0,0,0,0,0,0,0,0,0,0,0
Chandigarh,2006,Eve-Teasing,0,0,0,0,0,0,0,0,0,0,0,0,0,0,0
Chandigarh,2006,Cruelty By Husband Or Relative Of Husband,0,0,0,2,0,2,4,0,4,2,0,2,8,0,8
Chandigarh,2006,Other Ipc Crimes,0,0,0,0,0,0,3,0,3,1,0,1,4,0,4
Chandigarh,2007,Murder,0,0,0,12,1,13,18,3,21,4,1,5,34,5,39
Chandigarh,2007,Attempt To Commit Murder,0,0,0,7,0,7,6,1,7,3,0,3,16,1,17
Chandigarh,2007,C.H. Not Amounting To Murder,0,0,0,5,0,5,8,0,8,4,0,4,17,0,17
Chandigarh,2007,Rape,0,0,0,10,0,10,7,0,7,1,0,1,18,0,18
Chandigarh,2007,Kidnapping And Abduction,0,0,0,4,1,5,7,1,8,2,0,2,13,2,15
Chandigarh,2007,Dacoity,0,0,0,4,0,4,7,0,7,4,0,4,15,0,15
Chandigarh,2007,Prep. And Assembly For Dacoity,0,0,0,3,0,3,4,0,4,2,0,2,9,0,9
Chandigarh,2007,Robbery,0,0,0,9,0,9,5,0,5,4,0,4,18,0,18
Chandigarh,2007,Burglary,0,0,0,3,0,3,5,0,5,4,0,4,12,0,12
Chandigarh,2007,Thefts,0,0,0,18,1,19,28,2,30,4,1,5,50,4,54
Chandigarh,2007,Extortion,0,0,0,3,0,3,6,0,6,3,0,3,12,0,12
Chandigarh,2007,Riots,0,0,0,5,0,5,7,0,7,4,0,4,16,0,16
Chandigarh,2007,Arson,0,0,0,0,0,0,0,0,0,0,0,0,0,0,0
Chandigarh,2007,Criminal Breach Of Trust,0,0,0,5,0,5,8,0,8,3,0,3,16,0,16
Chandigarh,2007,Cheating,0,0,0,6,0,6,9,0,9,2,0,2,17,0,17
Chandigarh,2007,Counter Feiting,0,0,0,0,0,0,0,0,0,0,0,0,0,0,0
Chandigarh,2007,Dowry Deaths,0,0,0,2,0,2,6,0,6,2,0,2,10,0,10
Chandigarh,2007,Molestation,0,0,0,0,0,0,0,0,0,0,0,0,0,0,0
Chandigarh,2007,Eve-Teasing,0,0,0,0,0,0,5,0,5,4,0,4,9,0,9
Chandigarh,2007,Cruelty By Husband Or Relative Of Husband,0,0,0,1,0,1,4,0,4,3,0,3,8,0,8
Chandigarh,2007,Other Ipc Crimes,0,0,0,0,0,0,0,0,0,0,0,0,0,0,0
Chandigarh,2008,Murder,0,0,0,14,1,15,21,2,23,4,0,4,39,3,42
Chandigarh,2008,Attempt To Commit Murder,0,0,0,4,0,4,12,0,12,3,0,3,19,0,19
Chandigarh,2008,C.H. Not Amounting To Murder,0,0,0,2,0,2,3,0,3,2,0,2,7,0,7
Chandigarh,2008,Rape,0,0,0,12,0,12,17,1,18,6,0,6,35,1,36
Chandigarh,2008,Kidnapping And Abduction,0,0,0,4,0,4,6,0,6,0,0,0,10,0,10
Chandigarh,2008,Dacoity,0,0,0,1,0,1,2,0,2,0,0,0,3,0,3
Chandigarh,2008,Prep. And Assembly For Dacoity,0,0,0,0,0,0,0,0,0,0,0,0,0,0,0
Chandigarh,2008,Robbery,0,0,0,5,0,5,6,0,6,2,0,2,13,0,13
Chandigarh,2008,Burglary,0,0,0,2,0,2,6,0,6,2,0,2,10,0,10
Chandigarh,2008,Thefts,0,0,0,24,2,26,29,3,32,12,0,12,65,5,70
Chandigarh,2008,Extortion,0,0,0,0,0,0,0,0,0,0,0,0,0,0,0
Chandigarh,2008,Riots,0,0,0,3,0,3,4,0,4,2,0,2,9,0,9
Chandigarh,2008,Arson,0,0,0,0,0,0,0,0,0,0,0,0,0,0,0
Chandigarh,2008,Criminal Breach Of Trust,0,0,0,3,0,3,6,0,6,1,0,1,10,0,10
Chandigarh,2008,Cheating,0,0,0,1,0,1,6,0,6,2,0,2,9,0,9
Chandigarh,2008,Counter Feiting,0,0,0,0,0,0,0,0,0,0,0,0,0,0,0
Chandigarh,2008,Dowry Deaths,0,0,0,0,0,0,7,0,7,0,0,0,7,0,7
Chandigarh,2008,Molestation,0,0,0,0,0,0,0,0,0,0,0,0,0,0,0
Chandigarh,2008,Eve-Teasing,0,0,0,2,0,2,0,0,0,0,0,0,2,0,2
Chandigarh,2008,Cruelty By Husband Or Relative Of Husband,0,0,0,0,0,0,4,0,4,2,0,2,6,0,6
Chandigarh,2008,Other Ipc Crimes,0,0,0,0,0,0,0,0,0,0,0,0,0,0,0
Chandigarh,2009,Murder,0,0,0,18,2,20,24,3,27,14,1,15,56,6,62
Chandigarh,2009,Attempt To Commit Murder,0,0,0,6,0,6,9,1,10,11,0,11,26,1,27
Chandigarh,2009,C.H. Not Amounting To Murder,0,0,0,4,1,5,7,2,9,8,0,8,19,3,22
Chandigarh,2009,Rape,0,0,0,18,0,18,14,0,14,4,0,4,36,0,36
Chandigarh,2009,Kidnapping And Abduction,0,0,0,3,0,3,6,0,6,2,0,2,11,0,11
Chandigarh,2009,Dacoity,0,0,0,2,0,2,4,0,4,1,0,1,7,0,7
Chandigarh,2009,Prep. And Assembly For Dacoity,0,0,0,4,0,4,6,0,6,0,0,0,10,0,10
Chandigarh,2009,Robbery,0,0,0,9,0,9,7,0,7,5,0,5,21,0,21
Chandigarh,2009,Burglary,0,0,0,4,0,4,3,0,3,4,0,4,11,0,11
Chandigarh,2009,Thefts,0,0,0,23,3,26,32,2,34,14,1,15,69,6,75
Chandigarh,2009,Extortion,0,0,0,0,0,0,0,0,0,0,0,0,0,0,0
Chandigarh,2009,Riots,0,0,0,4,0,4,2,0,2,3,0,3,9,0,9
Chandigarh,2009,Arson,0,0,0,0,0,0,0,0,0,0,0,0,0,0,0
Chandigarh,2009,Criminal Breach Of Trust,0,0,0,2,0,2,4,0,4,1,0,1,7,0,7
Chandigarh,2009,Cheating,0,0,0,1,0,1,5,0,5,2,0,2,8,0,8
Chandigarh,2009,Counter Feiting,0,0,0,0,0,0,4,0,4,0,0,0,4,0,4
Chandigarh,2009,Dowry Deaths,0,0,0,0,0,0,0,0,0,0,0,0,0,0,0
Chandigarh,2009,Molestation,0,0,0,0,0,0,0,0,0,0,0,0,0,0,0
Chandigarh,2009,Eve-Teasing,0,0,0,0,0,0,0,0,0,0,0,0,0,0,0
Chandigarh,2009,Cruelty By Husband Or Relative Of Husband,0,0,0,2,0,2,4,0,4,0,0,0,6,0,6
Chandigarh,2009,Other Ipc Crimes,0,0,0,0,0,0,0,0,0,0,0,0,0,0,0
Chandigarh,2010,Murder,0,0,0,23,2,25,22,3,25,10,1,11,55,6,61
Chandigarh,2010,Attempt To Commit Murder,0,0,0,9,0,9,8,1,9,12,0,12,29,1,30
Chandigarh,2010,C.H. Not Amounting To Murder,0,0,0,7,1,8,5,2,7,9,0,9,21,3,24
Chandigarh,2010,Rape,0,0,0,24,0,24,8,1,9,3,0,3,35,1,36
Chandigarh,2010,Kidnapping And Abduction,0,0,0,6,0,6,4,0,4,2,0,2,12,0,12
Chandigarh,2010,Dacoity,0,0,0,2,0,2,6,0,6,2,0,2,10,0,10
Chandigarh,2010,Prep. And Assembly For Dacoity,0,0,0,2,0,2,3,0,3,0,0,0,5,0,5
Chandigarh,2010,Robbery,0,0,0,8,0,8,7,0,7,3,0,3,18,0,18
Chandigarh,2010,Burglary,0,0,0,6,0,6,5,0,5,6,0,6,17,0,17
Chandigarh,2010,Thefts,0,0,0,10,0,10,42,3,45,8,0,8,60,3,63
Chandigarh,2010,Extortion,0,0,0,0,0,0,0,0,0,0,0,0,0,0,0
Chandigarh,2010,Riots,0,0,0,6,0,6,4,0,4,6,0,6,16,0,16
Chandigarh,2010,Arson,0,0,0,0,0,0,1,0,1,0,0,0,1,0,1
Chandigarh,2010,Criminal Breach Of Trust,0,0,0,6,0,6,6,0,6,4,0,4,16,0,16
Chandigarh,2010,Cheating,0,0,0,4,0,4,6,0,6,3,0,3,13,0,13
Chandigarh,2010,Counter Feiting,0,0,0,0,0,0,3,0,3,0,0,0,3,0,3
Chandigarh,2010,Dowry Deaths,0,0,0,0,0,0,0,0,0,0,0,0,0,0,0
Chandigarh,2010,Molestation,0,0,0,0,0,0,0,0,0,0,0,0,0,0,0
Chandigarh,2010,Eve-Teasing,0,0,0,0,0,0,0,0,0,0,0,0,0,0,0
Chandigarh,2010,Cruelty By Husband Or Relative Of Husband,0,0,0,4,0,4,4,0,4,2,0,2,10,0,10
Chandigarh,2010,Other Ipc Crimes,0,0,0,0,0,0,0,0,0,0,0,0,0,0,0
Chandigarh,2011,Murder,0,0,0,19,2,21,24,3,27,15,1,16,58,6,64
Chandigarh,2011,Attempt To Commit Murder,0,0,0,7,1,8,9,1,10,4,0,4,20,2,22
Chandigarh,2011,C.H. Not Amounting To Murder,0,0,0,4,0,4,5,0,5,3,0,3,12,0,12
Chandigarh,2011,Rape,0,0,0,13,0,13,11,0,11,6,0,6,30,0,30
Chandigarh,2011,Kidnapping And Abduction,0,0,0,4,0,4,8,0,8,4,1,5,16,1,17
Chandigarh,2011,Dacoity,0,0,0,2,0,2,6,0,6,4,0,4,12,0,12
Chandigarh,2011,Prep. And Assembly For Dacoity,0,0,0,3,0,3,4,0,4,0,0,0,7,0,7
Chandigarh,2011,Robbery,0,0,0,6,0,6,7,0,7,0,0,0,13,0,13
Chandigarh,2011,Burglary,0,0,0,4,0,4,9,0,9,4,0,4,17,0,17
Chandigarh,2011,Thefts,0,0,0,8,2,10,49,3,52,3,1,4,60,6,66
Chandigarh,2011,Extortion,0,0,0,0,0,0,0,0,0,0,0,0,0,0,0
Chandigarh,2011,Riots,0,0,0,4,0,4,9,0,9,2,0,2,15,0,15
Chandigarh,2011,Arson,0,0,0,0,0,0,0,0,0,0,0,0,0,0,0
Chandigarh,2011,Criminal Breach Of Trust,0,0,0,5,0,5,7,0,7,3,0,3,15,0,15
Chandigarh,2011,Cheating,0,0,0,6,0,6,6,0,6,0,0,0,12,0,12
Chandigarh,2011,Counter Feiting,0,0,0,0,0,0,2,0,2,0,0,0,2,0,2
Chandigarh,2011,Dowry Deaths,0,0,0,0,0,0,0,0,0,0,0,0,0,0,0
Chandigarh,2011,Molestation,0,0,0,0,0,0,0,0,0,0,0,0,0,0,0
Chandigarh,2011,Eve-Teasing,0,0,0,0,0,0,0,0,0,0,0,0,0,0,0
Chandigarh,2011,Cruelty By Husband Or Relative Of Husband,0,0,0,3,0,3,8,0,8,3,0,3,14,0,14
Chandigarh,2011,Other Ipc Crimes,0,0,0,0,0,0,0,0,0,0,0,0,0,0,0
Chandigarh,2012,Murder,0,0,0,18,3,21,28,3,31,11,2,13,57,8,65
Chandigarh,2012,Attempt To Commit Murder,0,0,0,8,1,9,19,1,20,4,0,4,31,2,33
Chandigarh,2012,C.H. Not Amounting To Murder,0,0,0,7,0,7,11,0,11,1,0,1,19,0,19
Chandigarh,2012,Rape,0,0,0,10,1,11,19,0,19,1,0,1,30,1,31
Chandigarh,2012,Kidnapping And Abduction,0,0,0,4,0,4,8,0,8,6,0,6,18,0,18
Chandigarh,2012,Dacoity,0,0,0,5,0,5,11,0,11,0,0,0,16,0,16
Chandigarh,2012,Prep. And Assembly For Dacoity,0,0,0,8,0,8,8,0,8,0,0,0,16,0,16
Chandigarh,2012,Robbery,0,0,0,7,0,7,7,0,7,1,0,1,15,0,15
Chandigarh,2012,Burglary,0,0,0,15,0,15,14,0,14,0,0,0,29,0,29
Chandigarh,2012,Thefts,0,0,0,27,2,29,34,6,40,10,2,12,71,10,81
Chandigarh,2012,Extortion,0,0,0,0,0,0,2,0,2,0,0,0,2,0,2
Chandigarh,2012,Riots,0,0,0,4,0,4,2,0,2,0,0,0,6,0,6
Chandigarh,2012,Arson,0,0,0,0,0,0,0,0,0,0,0,0,0,0,0
Chandigarh,2012,Criminal Breach Of Trust,0,0,0,6,0,6,4,0,4,0,0,0,10,0,10
Chandigarh,2012,Cheating,0,0,0,8,0,8,4,0,4,4,0,4,16,0,16
Chandigarh,2012,Counter Feiting,0,0,0,0,0,0,0,0,0,0,0,0,0,0,0
Chandigarh,2012,Dowry Deaths,0,0,0,6,0,6,4,1,5,3,1,4,13,2,15
Chandigarh,2012,Molestation,0,0,0,6,0,6,3,0,3,0,0,0,9,0,9
Chandigarh,2012,Eve-Teasing,0,0,0,4,0,4,0,0,0,0,0,0,4,0,4
Chandigarh,2012,Cruelty By Husband Or Relative Of Husband,0,0,0,3,0,3,6,0,6,3,0,3,12,0,12
Chandigarh,2012,Other Ipc Crimes,0,0,0,0,0,0,0,0,0,0,0,0,0,0,0
D & N Haveli,2001,Murder,0,0,0,10,0,10,2,0,2,0,0,0,12,0,12
D & N Haveli,2001,Attempt To Commit Murder,0,0,0,10,2,12,4,1,5,0,0,0,14,3,17
D & N Haveli,2001,C.H. Not Amounting To Murder,0,0,0,10,0,10,4,0,4,0,0,0,14,0,14
D & N Haveli,2001,Rape,0,0,0,23,0,23,0,0,0,0,0,0,23,0,23
D & N Haveli,2001,Kidnapping And Abduction,0,0,0,0,0,0,0,0,0,0,0,0,0,0,0
D & N Haveli,2001,Dacoity,0,0,0,0,0,0,0,0,0,0,0,0,0,0,0
D & N Haveli,2001,Prep. And Assembly For Dacoity,0,0,0,0,0,0,0,0,0,0,0,0,0,0,0
D & N Haveli,2001,Robbery,0,0,0,0,0,0,0,0,0,0,0,0,0,0,0
D & N Haveli,2001,Burglary,0,0,0,0,0,0,0,0,0,0,0,0,0,0,0
D & N Haveli,2001,Thefts,0,0,0,25,0,25,18,1,19,0,0,0,43,1,44
D & N Haveli,2001,Extortion,0,0,0,0,0,0,0,0,0,0,0,0,0,0,0
D & N Haveli,2001,Riots,0,0,0,4,0,4,0,0,0,0,0,0,4,0,4
D & N Haveli,2001,Arson,0,0,0,0,0,0,0,0,0,0,0,0,0,0,0
D & N Haveli,2001,Criminal Breach Of Trust,0,0,0,0,0,0,0,0,0,0,0,0,0,0,0
D & N Haveli,2001,Cheating,0,0,0,0,0,0,0,0,0,0,0,0,0,0,0
D & N Haveli,2001,Counter Feiting,0,0,0,0,0,0,0,0,0,0,0,0,0,0,0
D & N Haveli,2001,Dowry Deaths,0,0,0,0,0,0,0,0,0,0,0,0,0,0,0
D & N Haveli,2001,Molestation,0,0,0,0,0,0,0,0,0,0,0,0,0,0,0
D & N Haveli,2001,Eve-Teasing,0,0,0,0,0,0,0,0,0,0,0,0,0,0,0
D & N Haveli,2001,Cruelty By Husband Or Relative Of Husband,0,0,0,0,0,0,0,0,0,0,0,0,0,0,0
D & N Haveli,2001,Other Ipc Crimes,0,0,0,18,0,18,0,0,0,0,0,0,18,0,18
D & N Haveli,2002,Murder,0,0,0,20,0,20,10,0,10,0,0,0,30,0,30
D & N Haveli,2002,Attempt To Commit Murder,0,0,0,10,0,10,16,1,17,0,0,0,26,1,27
D & N Haveli,2002,C.H. Not Amounting To Murder,0,0,0,10,0,10,5,0,5,0,0,0,15,0,15
D & N Haveli,2002,Rape,0,0,0,0,0,0,0,0,0,0,0,0,0,0,0
D & N Haveli,2002,Kidnapping And Abduction,0,0,0,25,0,25,0,0,0,0,0,0,25,0,25
D & N Haveli,2002,Dacoity,0,0,0,0,0,0,0,0,0,0,0,0,0,0,0
D & N Haveli,2002,Prep. And Assembly For Dacoity,0,0,0,0,0,0,0,0,0,0,0,0,0,0,0
D & N Haveli,2002,Robbery,0,0,0,0,0,0,0,0,0,0,0,0,0,0,0
D & N Haveli,2002,Burglary,0,0,0,0,0,0,0,0,0,0,0,0,0,0,0
D & N Haveli,2002,Thefts,0,0,0,0,0,0,0,0,0,0,0,0,0,0,0
D & N Haveli,2002,Extortion,0,0,0,20,0,20,10,0,10,0,0,0,30,0,30
D & N Haveli,2002,Riots,0,0,0,10,0,10,5,0,5,0,0,0,15,0,15
D & N Haveli,2002,Arson,0,0,0,0,0,0,0,0,0,0,0,0,0,0,0
D & N Haveli,2002,Criminal Breach Of Trust,0,0,0,0,0,0,0,0,0,0,0,0,0,0,0
D & N Haveli,2002,Cheating,0,0,0,0,0,0,0,0,0,0,0,0,0,0,0
D & N Haveli,2002,Counter Feiting,0,0,0,0,0,0,0,0,0,0,0,0,0,0,0
D & N Haveli,2002,Dowry Deaths,0,0,0,0,0,0,0,0,0,0,0,0,0,0,0
D & N Haveli,2002,Molestation,0,0,0,0,0,0,0,0,0,0,0,0,0,0,0
D & N Haveli,2002,Eve-Teasing,0,0,0,0,0,0,0,0,0,0,0,0,0,0,0
D & N Haveli,2002,Cruelty By Husband Or Relative Of Husband,0,0,0,0,0,0,0,0,0,0,0,0,0,0,0
D & N Haveli,2002,Other Ipc Crimes,0,0,0,5,0,5,0,0,0,0,0,0,5,0,5
D & N Haveli,2003,Murder,0,0,0,20,0,20,10,0,10,0,0,0,30,0,30
D & N Haveli,2003,Attempt To Commit Murder,0,0,0,20,0,20,10,0,10,0,0,0,30,0,30
D & N Haveli,2003,C.H. Not Amounting To Murder,0,0,0,20,0,20,10,0,10,0,0,0,30,0,30
D & N Haveli,2003,Rape,0,0,0,0,0,0,0,0,0,0,0,0,0,0,0
D & N Haveli,2003,Kidnapping And Abduction,0,0,0,30,0,30,10,0,10,0,0,0,40,0,40
D & N Haveli,2003,Dacoity,0,0,0,0,0,0,0,0,0,0,0,0,0,0,0
D & N Haveli,2003,Prep. And Assembly For Dacoity,0,0,0,0,0,0,0,0,0,0,0,0,0,0,0
D & N Haveli,2003,Robbery,0,0,0,0,0,0,0,0,0,0,0,0,0,0,0
D & N Haveli,2003,Burglary,0,0,0,0,0,0,0,0,0,0,0,0,0,0,0
D & N Haveli,2003,Thefts,0,0,0,10,0,10,5,0,5,0,0,0,15,0,15
D & N Haveli,2003,Extortion,0,0,0,0,0,0,0,0,0,0,0,0,0,0,0
D & N Haveli,2003,Riots,0,0,0,10,0,10,2,0,2,0,0,0,12,0,12
D & N Haveli,2003,Arson,0,0,0,0,0,0,0,0,0,0,0,0,0,0,0
D & N Haveli,2003,Criminal Breach Of Trust,0,0,0,0,0,0,0,0,0,0,0,0,0,0,0
D & N Haveli,2003,Cheating,0,0,0,0,0,0,0,0,0,0,0,0,0,0,0
D & N Haveli,2003,Counter Feiting,0,0,0,0,0,0,0,0,0,0,0,0,0,0,0
D & N Haveli,2003,Dowry Deaths,0,0,0,0,0,0,0,0,0,0,0,0,0,0,0
D & N Haveli,2003,Molestation,0,0,0,0,0,0,0,0,0,0,0,0,0,0,0
D & N Haveli,2003,Eve-Teasing,0,0,0,0,0,0,0,0,0,0,0,0,0,0,0
D & N Haveli,2003,Cruelty By Husband Or Relative Of Husband,0,0,0,0,0,0,0,0,0,0,0,0,0,0,0
D & N Haveli,2003,Other Ipc Crimes,0,0,0,10,0,10,0,0,0,5,0,5,15,0,15
D & N Haveli,2004,Murder,0,0,0,5,0,5,5,0,5,0,0,0,10,0,10
D & N Haveli,2004,Attempt To Commit Murder,0,0,0,3,0,3,2,0,2,0,0,0,5,0,5
D & N Haveli,2004,C.H. Not Amounting To Murder,0,0,0,0,0,0,0,0,0,0,0,0,0,0,0
D & N Haveli,2004,Rape,0,0,0,5,0,5,0,0,0,0,0,0,5,0,5
D & N Haveli,2004,Kidnapping And Abduction,0,0,0,0,0,0,0,0,0,0,0,0,0,0,0
D & N Haveli,2004,Dacoity,0,0,0,0,0,0,0,0,0,0,0,0,0,0,0
D & N Haveli,2004,Prep. And Assembly For Dacoity,0,0,0,0,0,0,0,0,0,0,0,0,0,0,0
D & N Haveli,2004,Robbery,0,0,0,0,0,0,0,0,0,0,0,0,0,0,0
D & N Haveli,2004,Burglary,0,0,0,0,0,0,0,0,0,0,0,0,0,0,0
D & N Haveli,2004,Thefts,0,0,0,10,0,10,0,0,0,0,0,0,10,0,10
D & N Haveli,2004,Extortion,0,0,0,0,0,0,0,0,0,0,0,0,0,0,0
D & N Haveli,2004,Riots,0,0,0,0,0,0,0,0,0,0,0,0,0,0,0
D & N Haveli,2004,Arson,0,0,0,0,0,0,0,0,0,0,0,0,0,0,0
D & N Haveli,2004,Criminal Breach Of Trust,0,0,0,0,0,0,0,0,0,0,0,0,0,0,0
D & N Haveli,2004,Cheating,0,0,0,0,0,0,0,0,0,0,0,0,0,0,0
D & N Haveli,2004,Counter Feiting,0,0,0,0,0,0,0,0,0,0,0,0,0,0,0
D & N Haveli,2004,Dowry Deaths,0,0,0,0,0,0,0,0,0,0,0,0,0,0,0
D & N Haveli,2004,Molestation,0,0,0,0,0,0,0,0,0,0,0,0,0,0,0
D & N Haveli,2004,Eve-Teasing,0,0,0,0,0,0,0,0,0,0,0,0,0,0,0
D & N Haveli,2004,Cruelty By Husband Or Relative Of Husband,0,0,0,0,0,0,0,0,0,0,0,0,0,0,0
D & N Haveli,2004,Other Ipc Crimes,0,0,0,0,0,0,0,0,0,0,0,0,0,0,0
D & N Haveli,2005,Murder,0,0,0,5,0,5,3,0,3,0,0,0,8,0,8
D & N Haveli,2005,Attempt To Commit Murder,0,0,0,3,0,3,5,0,5,0,0,0,8,0,8
D & N Haveli,2005,C.H. Not Amounting To Murder,0,0,0,0,0,0,0,0,0,0,0,0,0,0,0
D & N Haveli,2005,Rape,0,0,0,2,0,2,0,0,0,0,0,0,2,0,2
D & N Haveli,2005,Kidnapping And Abduction,0,0,0,0,0,0,0,0,0,0,0,0,0,0,0
D & N Haveli,2005,Dacoity,0,0,0,0,0,0,0,0,0,0,0,0,0,0,0
D & N Haveli,2005,Prep. And Assembly For Dacoity,0,0,0,0,0,0,0,0,0,0,0,0,0,0,0
D & N Haveli,2005,Robbery,0,0,0,0,0,0,0,0,0,0,0,0,0,0,0
D & N Haveli,2005,Burglary,0,0,0,0,0,0,0,0,0,0,0,0,0,0,0
D & N Haveli,2005,Thefts,0,0,0,5,0,5,6,0,6,0,0,0,11,0,11
D & N Haveli,2005,Extortion,0,0,0,0,0,0,0,0,0,0,0,0,0,0,0
D & N Haveli,2005,Riots,0,0,0,0,0,0,0,0,0,0,0,0,0,0,0
D & N Haveli,2005,Arson,0,0,0,0,0,0,0,0,0,0,0,0,0,0,0
D & N Haveli,2005,Criminal Breach Of Trust,0,0,0,0,0,0,0,0,0,0,0,0,0,0,0
D & N Haveli,2005,Cheating,0,0,0,0,0,0,0,0,0,0,0,0,0,0,0
D & N Haveli,2005,Counter Feiting,0,0,0,0,0,0,0,0,0,0,0,0,0,0,0
D & N Haveli,2005,Dowry Deaths,0,0,0,0,0,0,0,0,0,0,0,0,0,0,0
D & N Haveli,2005,Molestation,0,0,0,0,0,0,0,0,0,0,0,0,0,0,0
D & N Haveli,2005,Eve-Teasing,0,0,0,0,0,0,0,0,0,0,0,0,0,0,0
D & N Haveli,2005,Cruelty By Husband Or Relative Of Husband,0,0,0,0,0,0,0,0,0,0,0,0,0,0,0
D & N Haveli,2005,Other Ipc Crimes,0,0,0,0,0,0,0,0,0,0,0,0,0,0,0
D & N Haveli,2006,Murder,0,0,0,7,0,7,0,0,0,0,0,0,7,0,7
D & N Haveli,2006,Attempt To Commit Murder,0,0,0,5,0,5,3,0,3,0,0,0,8,0,8
D & N Haveli,2006,C.H. Not Amounting To Murder,0,0,0,3,0,3,0,0,0,0,0,0,3,0,3
D & N Haveli,2006,Rape,0,0,0,3,0,3,0,0,0,0,0,0,3,0,3
D & N Haveli,2006,Kidnapping And Abduction,0,0,0,0,0,0,0,0,0,0,0,0,0,0,0
D & N Haveli,2006,Dacoity,0,0,0,0,0,0,0,0,0,0,0,0,0,0,0
D & N Haveli,2006,Prep. And Assembly For Dacoity,0,0,0,2,0,2,0,0,0,0,0,0,2,0,2
D & N Haveli,2006,Robbery,0,0,0,0,0,0,0,0,0,0,0,0,0,0,0
D & N Haveli,2006,Burglary,0,0,0,0,0,0,0,0,0,0,0,0,0,0,0
D & N Haveli,2006,Thefts,0,0,0,4,0,4,0,0,0,0,0,0,4,0,4
D & N Haveli,2006,Extortion,0,0,0,0,0,0,0,0,0,0,0,0,0,0,0
D & N Haveli,2006,Riots,0,0,0,0,0,0,0,0,0,0,0,0,0,0,0
D & N Haveli,2006,Arson,0,0,0,0,0,0,0,0,0,0,0,0,0,0,0
D & N Haveli,2006,Criminal Breach Of Trust,0,0,0,0,0,0,0,0,0,1,0,1,1,0,1
D & N Haveli,2006,Cheating,0,0,0,0,0,0,0,0,0,0,0,0,0,0,0
D & N Haveli,2006,Counter Feiting,0,0,0,0,0,0,0,0,0,0,0,0,0,0,0
D & N Haveli,2006,Dowry Deaths,0,0,0,0,0,0,0,0,0,0,0,0,0,0,0
D & N Haveli,2006,Molestation,0,0,0,0,0,0,0,0,0,0,0,0,0,0,0
D & N Haveli,2006,Eve-Teasing,0,0,0,0,0,0,0,0,0,0,0,0,0,0,0
D & N Haveli,2006,Cruelty By Husband Or Relative Of Husband,0,0,0,0,0,0,0,0,0,0,0,0,0,0,0
D & N Haveli,2006,Other Ipc Crimes,0,0,0,2,0,2,3,0,3,0,0,0,5,0,5
D & N Haveli,2007,Murder,0,0,0,2,0,2,3,0,3,0,0,0,5,0,5
D & N Haveli,2007,Attempt To Commit Murder,0,0,0,1,0,1,0,0,0,0,0,0,1,0,1
D & N Haveli,2007,C.H. Not Amounting To Murder,0,0,0,2,0,2,0,0,0,0,0,0,2,0,2
D & N Haveli,2007,Rape,0,0,0,2,0,2,0,0,0,0,0,0,2,0,2
D & N Haveli,2007,Kidnapping And Abduction,0,0,0,0,0,0,0,0,0,0,0,0,0,0,0
D & N Haveli,2007,Dacoity,0,0,0,2,0,2,4,0,4,0,0,0,6,0,6
D & N Haveli,2007,Prep. And Assembly For Dacoity,0,0,0,0,0,0,0,0,0,0,0,0,0,0,0
D & N Haveli,2007,Robbery,0,0,0,2,0,2,0,0,0,0,0,0,2,0,2
D & N Haveli,2007,Burglary,0,0,0,0,0,0,0,0,0,0,0,0,0,0,0
D & N Haveli,2007,Thefts,0,0,0,9,0,9,0,0,0,0,0,0,9,0,9
D & N Haveli,2007,Extortion,0,0,0,0,0,0,0,0,0,0,0,0,0,0,0
D & N Haveli,2007,Riots,0,0,0,1,0,1,0,0,0,0,0,0,1,0,1
D & N Haveli,2007,Arson,0,0,0,0,0,0,0,0,0,0,0,0,0,0,0
D & N Haveli,2007,Criminal Breach Of Trust,0,0,0,0,0,0,0,0,0,0,0,0,0,0,0
D & N Haveli,2007,Cheating,0,0,0,0,0,0,0,0,0,0,0,0,0,0,0
D & N Haveli,2007,Counter Feiting,0,0,0,0,0,0,0,0,0,0,0,0,0,0,0
D & N Haveli,2007,Dowry Deaths,0,0,0,0,0,0,0,0,0,0,0,0,0,0,0
D & N Haveli,2007,Molestation,0,0,0,0,0,0,0,0,0,0,0,0,0,0,0
D & N Haveli,2007,Eve-Teasing,0,0,0,0,0,0,0,0,0,0,0,0,0,0,0
D & N Haveli,2007,Cruelty By Husband Or Relative Of Husband,0,0,0,0,0,0,0,0,0,0,0,0,0,0,0
D & N Haveli,2007,Other Ipc Crimes,0,0,0,0,0,0,0,0,0,0,0,0,0,0,0
D & N Haveli,2008,Murder,0,0,0,0,0,0,3,0,3,0,0,0,3,0,3
D & N Haveli,2008,Attempt To Commit Murder,0,0,0,0,0,0,3,0,3,0,0,0,3,0,3
D & N Haveli,2008,C.H. Not Amounting To Murder,0,0,0,0,0,0,4,0,4,0,0,0,4,0,4
D & N Haveli,2008,Rape,0,0,0,2,1,3,0,0,0,0,0,0,2,1,3
D & N Haveli,2008,Kidnapping And Abduction,0,0,0,0,0,0,2,1,3,0,0,0,2,1,3
D & N Haveli,2008,Dacoity,0,0,0,0,0,0,5,0,5,0,0,0,5,0,5
D & N Haveli,2008,Prep. And Assembly For Dacoity,0,0,0,0,0,0,3,0,3,0,0,0,3,0,3
D & N Haveli,2008,Robbery,0,0,0,3,0,3,0,0,0,0,0,0,3,0,3
D & N Haveli,2008,Burglary,0,0,0,2,0,2,0,0,0,0,0,0,2,0,2
D & N Haveli,2008,Thefts,0,0,0,0,0,0,2,0,2,0,0,0,2,0,2
D & N Haveli,2008,Extortion,0,0,0,0,0,0,0,0,0,0,0,0,0,0,0
D & N Haveli,2008,Riots,0,0,0,0,0,0,0,0,0,0,0,0,0,0,0
D & N Haveli,2008,Arson,0,0,0,0,0,0,2,0,2,0,0,0,2,0,2
D & N Haveli,2008,Criminal Breach Of Trust,0,0,0,0,0,0,0,0,0,0,0,0,0,0,0
D & N Haveli,2008,Cheating,0,0,0,0,0,0,1,0,1,0,0,0,1,0,1
D & N Haveli,2008,Counter Feiting,0,0,0,0,0,0,0,0,0,0,0,0,0,0,0
D & N Haveli,2008,Dowry Deaths,0,0,0,0,0,0,0,0,0,0,0,0,0,0,0
D & N Haveli,2008,Molestation,0,0,0,0,0,0,0,0,0,0,0,0,0,0,0
D & N Haveli,2008,Eve-Teasing,0,0,0,0,0,0,0,0,0,0,0,0,0,0,0
D & N Haveli,2008,Cruelty By Husband Or Relative Of Husband,0,0,0,0,1,1,0,0,0,0,0,0,0,1,1
D & N Haveli,2008,Other Ipc Crimes,0,0,0,0,0,0,0,0,0,0,0,0,0,0,0
D & N Haveli,2009,Murder,0,0,0,10,0,10,1,1,2,0,0,0,11,1,12
D & N Haveli,2009,Attempt To Commit Murder,0,0,0,2,0,2,0,0,0,0,0,0,2,0,2
D & N Haveli,2009,C.H. Not Amounting To Murder,0,0,0,1,1,2,0,0,0,0,0,0,1,1,2
D & N Haveli,2009,Rape,0,0,0,8,0,8,0,0,0,0,0,0,8,0,8
D & N Haveli,2009,Kidnapping And Abduction,0,0,0,2,0,2,0,0,0,0,0,0,2,0,2
D & N Haveli,2009,Dacoity,0,0,0,16,0,16,0,0,0,0,0,0,16,0,16
D & N Haveli,2009,Prep. And Assembly For Dacoity,0,0,0,0,0,0,0,0,0,0,0,0,0,0,0
D & N Haveli,2009,Robbery,0,0,0,0,0,0,0,0,0,0,0,0,0,0,0
D & N Haveli,2009,Burglary,0,0,0,0,0,0,0,0,0,0,0,0,0,0,0
D & N Haveli,2009,Thefts,0,0,0,7,0,7,0,0,0,0,0,0,7,0,7
D & N Haveli,2009,Extortion,0,0,0,0,0,0,0,0,0,0,0,0,0,0,0
D & N Haveli,2009,Riots,0,0,0,0,0,0,0,0,0,0,0,0,0,0,0
D & N Haveli,2009,Arson,0,0,0,3,0,3,0,0,0,0,0,0,3,0,3
D & N Haveli,2009,Criminal Breach Of Trust,0,0,0,0,0,0,0,0,0,0,0,0,0,0,0
D & N Haveli,2009,Cheating,0,0,0,0,0,0,0,0,0,0,0,0,0,0,0
D & N Haveli,2009,Counter Feiting,0,0,0,0,0,0,0,0,0,0,0,0,0,0,0
D & N Haveli,2009,Dowry Deaths,0,0,0,0,0,0,0,0,0,0,0,0,0,0,0
D & N Haveli,2009,Molestation,0,0,0,0,0,0,0,0,0,0,0,0,0,0,0
D & N Haveli,2009,Eve-Teasing,0,0,0,0,0,0,0,0,0,0,0,0,0,0,0
D & N Haveli,2009,Cruelty By Husband Or Relative Of Husband,0,0,0,0,0,0,0,0,0,0,0,0,0,0,0
D & N Haveli,2009,Other Ipc Crimes,0,0,0,0,0,0,0,0,0,0,0,0,0,0,0
D & N Haveli,2010,Murder,0,0,0,2,0,2,2,0,2,0,0,0,4,0,4
D & N Haveli,2010,Attempt To Commit Murder,0,0,0,3,0,3,1,0,1,1,0,1,5,0,5
D & N Haveli,2010,C.H. Not Amounting To Murder,0,0,0,4,0,4,0,0,0,0,0,0,4,0,4
D & N Haveli,2010,Rape,0,0,0,4,0,4,0,0,0,0,0,0,4,0,4
D & N Haveli,2010,Kidnapping And Abduction,0,0,0,4,0,4,0,0,0,0,0,0,4,0,4
D & N Haveli,2010,Dacoity,0,0,0,5,0,5,1,0,1,0,0,0,6,0,6
D & N Haveli,2010,Prep. And Assembly For Dacoity,0,0,0,3,0,3,0,0,0,0,0,0,3,0,3
D & N Haveli,2010,Robbery,0,0,0,3,0,3,0,0,0,0,0,0,3,0,3
D & N Haveli,2010,Burglary,0,0,0,2,0,2,0,0,0,0,0,0,2,0,2
D & N Haveli,2010,Thefts,0,0,0,2,0,2,1,0,1,0,0,0,3,0,3
D & N Haveli,2010,Extortion,0,0,0,0,0,0,0,0,0,0,0,0,0,0,0
D & N Haveli,2010,Riots,0,0,0,0,0,0,0,0,0,0,0,0,0,0,0
D & N Haveli,2010,Arson,0,0,0,2,0,2,0,0,0,0,0,0,2,0,2
D & N Haveli,2010,Criminal Breach Of Trust,0,0,0,0,0,0,0,0,0,0,0,0,0,0,0
D & N Haveli,2010,Cheating,0,0,0,0,0,0,0,0,0,1,0,1,1,0,1
D & N Haveli,2010,Counter Feiting,0,0,0,0,0,0,0,0,0,0,0,0,0,0,0
D & N Haveli,2010,Dowry Deaths,0,0,0,0,0,0,0,0,0,0,0,0,0,0,0
D & N Haveli,2010,Molestation,0,0,0,0,0,0,0,0,0,0,0,0,0,0,0
D & N Haveli,2010,Eve-Teasing,0,0,0,0,0,0,0,0,0,0,0,0,0,0,0
D & N Haveli,2010,Cruelty By Husband Or Relative Of Husband,0,0,0,0,0,0,0,0,0,1,0,1,1,0,1
D & N Haveli,2010,Other Ipc Crimes,0,0,0,0,0,0,0,0,0,0,0,0,0,0,0
D & N Haveli,2011,Murder,0,0,0,4,0,4,2,2,4,0,0,0,6,2,8
D & N Haveli,2011,Attempt To Commit Murder,0,0,0,1,0,1,2,0,2,0,0,0,3,0,3
D & N Haveli,2011,C.H. Not Amounting To Murder,0,0,0,1,0,1,0,0,0,0,0,0,1,0,1
D & N Haveli,2011,Rape,0,0,0,2,0,2,0,0,0,0,0,0,2,0,2
D & N Haveli,2011,Kidnapping And Abduction,0,0,0,1,0,1,0,0,0,0,0,0,1,0,1
D & N Haveli,2011,Dacoity,0,0,0,2,0,2,0,0,0,0,0,0,2,0,2
D & N Haveli,2011,Prep. And Assembly For Dacoity,0,0,0,0,0,0,0,0,0,0,0,0,0,0,0
D & N Haveli,2011,Robbery,0,0,0,1,0,1,0,0,0,0,0,0,1,0,1
D & N Haveli,2011,Burglary,0,0,0,0,0,0,0,0,0,0,0,0,0,0,0
D & N Haveli,2011,Thefts,0,0,0,1,0,1,0,0,0,0,0,0,1,0,1
D & N Haveli,2011,Extortion,0,0,0,2,0,2,0,0,0,0,0,0,2,0,2
D & N Haveli,2011,Riots,0,0,0,0,0,0,0,0,0,0,0,0,0,0,0
D & N Haveli,2011,Arson,0,0,0,0,0,0,0,0,0,0,0,0,0,0,0
D & N Haveli,2011,Criminal Breach Of Trust,0,0,0,0,0,0,0,0,0,0,0,0,0,0,0
D & N Haveli,2011,Cheating,0,0,0,0,0,0,0,0,0,1,0,1,1,0,1
D & N Haveli,2011,Counter Feiting,0,0,0,0,0,0,0,0,0,0,0,0,0,0,0
D & N Haveli,2011,Dowry Deaths,0,0,0,0,0,0,0,0,0,0,0,0,0,0,0
D & N Haveli,2011,Molestation,0,0,0,0,0,0,0,0,0,0,0,0,0,0,0
D & N Haveli,2011,Eve-Teasing,0,0,0,0,0,0,0,0,0,0,0,0,0,0,0
D & N Haveli,2011,Cruelty By Husband Or Relative Of Husband,0,0,0,0,0,0,0,0,0,0,0,0,0,0,0
D & N Haveli,2011,Other Ipc Crimes,0,0,0,0,0,0,0,0,0,0,0,0,0,0,0
D & N Haveli,2012,Murder,0,0,0,2,0,2,2,1,3,1,1,2,5,2,7
D & N Haveli,2012,Attempt To Commit Murder,0,0,0,1,0,1,1,0,1,0,0,0,2,0,2
D & N Haveli,2012,C.H. Not Amounting To Murder,0,0,0,1,0,1,0,0,0,0,0,0,1,0,1
D & N Haveli,2012,Rape,0,0,0,2,0,2,2,0,2,1,0,1,5,0,5
D & N Haveli,2012,Kidnapping And Abduction,0,0,0,0,0,0,0,0,0,0,0,0,0,0,0
D & N Haveli,2012,Dacoity,0,0,0,1,0,1,2,0,2,0,0,0,3,0,3
D & N Haveli,2012,Prep. And Assembly For Dacoity,0,0,0,1,0,1,2,0,2,0,0,0,3,0,3
D & N Haveli,2012,Robbery,0,0,0,3,0,3,1,0,1,0,0,0,4,0,4
D & N Haveli,2012,Burglary,0,0,0,0,0,0,1,0,1,0,0,0,1,0,1
D & N Haveli,2012,Thefts,0,0,0,2,0,2,2,0,2,1,0,1,5,0,5
D & N Haveli,2012,Extortion,0,0,0,0,0,0,0,0,0,0,0,0,0,0,0
D & N Haveli,2012,Riots,0,0,0,0,0,0,0,0,0,0,0,0,0,0,0
D & N Haveli,2012,Arson,0,0,0,0,0,0,0,0,0,0,0,0,0,0,0
D & N Haveli,2012,Criminal Breach Of Trust,0,0,0,0,0,0,0,0,0,0,0,0,0,0,0
D & N Haveli,2012,Cheating,0,0,0,1,0,1,1,0,1,1,0,1,3,0,3
D & N Haveli,2012,Counter Feiting,0,0,0,0,0,0,0,0,0,0,0,0,0,0,0
D & N Haveli,2012,Dowry Deaths,0,0,0,0,0,0,0,0,0,0,0,0,0,0,0
D & N Haveli,2012,Molestation,0,0,0,0,0,0,0,0,0,0,0,0,0,0,0
D & N Haveli,2012,Eve-Teasing,0,0,0,0,0,0,0,0,0,0,0,0,0,0,0
D & N Haveli,2012,Cruelty By Husband Or Relative Of Husband,0,0,0,0,0,0,0,0,0,0,0,0,0,0,0
D & N Haveli,2012,Other Ipc Crimes,0,0,0,0,0,0,0,0,0,0,0,0,0,0,0
Daman & Diu,2001,Murder,0,0,0,1,1,2,0,0,0,0,0,0,1,1,2
Daman & Diu,2001,Attempt To Commit Murder,0,0,0,0,0,0,0,0,0,0,0,0,0,0,0
Daman & Diu,2001,C.H. Not Amounting To Murder,0,0,0,0,0,0,1,0,1,0,0,0,1,0,1
Daman & Diu,2001,Rape,0,0,0,0,0,0,0,0,0,0,0,0,0,0,0
Daman & Diu,2001,Kidnapping And Abduction,0,0,0,1,0,1,0,0,0,0,0,0,1,0,1
Daman & Diu,2001,Dacoity,0,0,0,0,0,0,0,0,0,0,0,0,0,0,0
Daman & Diu,2001,Prep. And Assembly For Dacoity,0,0,0,0,0,0,0,0,0,0,0,0,0,0,0
Daman & Diu,2001,Robbery,0,0,0,3,0,3,3,0,3,0,0,0,6,0,6
Daman & Diu,2001,Burglary,0,0,0,0,0,0,0,0,0,0,0,0,0,0,0
Daman & Diu,2001,Thefts,0,0,0,6,0,6,2,0,2,0,0,0,8,0,8
Daman & Diu,2001,Extortion,0,0,0,0,0,0,0,0,0,0,0,0,0,0,0
Daman & Diu,2001,Riots,0,0,0,0,0,0,0,0,0,0,0,0,0,0,0
Daman & Diu,2001,Arson,0,0,0,0,0,0,0,0,0,0,0,0,0,0,0
Daman & Diu,2001,Criminal Breach Of Trust,0,0,0,0,0,0,0,0,0,0,0,0,0,0,0
Daman & Diu,2001,Cheating,0,0,0,0,0,0,0,0,0,0,0,0,0,0,0
Daman & Diu,2001,Counter Feiting,0,0,0,0,0,0,0,0,0,0,0,0,0,0,0
Daman & Diu,2001,Dowry Deaths,0,0,0,0,0,0,0,0,0,0,0,0,0,0,0
Daman & Diu,2001,Molestation,0,0,0,0,0,0,0,0,0,0,0,0,0,0,0
Daman & Diu,2001,Eve-Teasing,0,0,0,0,0,0,0,0,0,0,0,0,0,0,0
Daman & Diu,2001,Cruelty By Husband Or Relative Of Husband,0,0,0,0,0,0,0,0,0,0,0,0,0,0,0
Daman & Diu,2001,Other Ipc Crimes,0,0,0,0,0,0,0,0,0,0,0,0,0,0,0
Daman & Diu,2002,Murder,0,0,0,0,0,0,3,0,3,0,0,0,3,0,3
Daman & Diu,2002,Attempt To Commit Murder,0,0,0,0,0,0,0,0,0,0,0,0,0,0,0
Daman & Diu,2002,C.H. Not Amounting To Murder,0,0,0,0,0,0,0,0,0,0,0,0,0,0,0
Daman & Diu,2002,Rape,0,0,0,0,0,0,0,0,0,0,0,0,0,0,0
Daman & Diu,2002,Kidnapping And Abduction,0,0,0,1,0,1,0,0,0,0,0,0,1,0,1
Daman & Diu,2002,Dacoity,0,0,0,0,0,0,0,0,0,0,0,0,0,0,0
Daman & Diu,2002,Prep. And Assembly For Dacoity,0,0,0,0,0,0,0,0,0,0,0,0,0,0,0
Daman & Diu,2002,Robbery,0,0,0,0,0,0,0,0,0,0,0,0,0,0,0
Daman & Diu,2002,Burglary,0,0,0,0,0,0,0,0,0,0,0,0,0,0,0
Daman & Diu,2002,Thefts,0,0,0,12,0,12,2,0,2,0,0,0,14,0,14
Daman & Diu,2002,Extortion,0,0,0,0,0,0,0,0,0,0,0,0,0,0,0
Daman & Diu,2002,Riots,0,0,0,0,0,0,0,0,0,0,0,0,0,0,0
Daman & Diu,2002,Arson,0,0,0,0,0,0,0,0,0,0,0,0,0,0,0
Daman & Diu,2002,Criminal Breach Of Trust,0,0,0,0,0,0,0,0,0,0,0,0,0,0,0
Daman & Diu,2002,Cheating,0,0,0,0,0,0,0,0,0,0,0,0,0,0,0
Daman & Diu,2002,Counter Feiting,0,0,0,0,0,0,0,0,0,0,0,0,0,0,0
Daman & Diu,2002,Dowry Deaths,0,0,0,0,0,0,0,0,0,0,0,0,0,0,0
Daman & Diu,2002,Molestation,0,0,0,0,0,0,0,0,0,0,0,0,0,0,0
Daman & Diu,2002,Eve-Teasing,0,0,0,0,0,0,0,0,0,0,0,0,0,0,0
Daman & Diu,2002,Cruelty By Husband Or Relative Of Husband,0,0,0,0,0,0,0,0,0,0,0,0,0,0,0
Daman & Diu,2002,Other Ipc Crimes,0,0,0,0,0,0,1,0,1,0,0,0,1,0,1
Daman & Diu,2003,Murder,0,0,0,0,0,0,0,0,0,0,0,0,0,0,0
Daman & Diu,2003,Attempt To Commit Murder,0,0,0,0,0,0,0,0,0,0,0,0,0,0,0
Daman & Diu,2003,C.H. Not Amounting To Murder,0,0,0,0,0,0,0,0,0,0,0,0,0,0,0
Daman & Diu,2003,Rape,0,0,0,0,0,0,0,0,0,0,0,0,0,0,0
Daman & Diu,2003,Kidnapping And Abduction,0,0,0,1,0,1,0,0,0,0,0,0,1,0,1
Daman & Diu,2003,Dacoity,0,0,0,0,0,0,0,0,0,0,0,0,0,0,0
Daman & Diu,2003,Prep. And Assembly For Dacoity,0,0,0,0,0,0,0,0,0,0,0,0,0,0,0
Daman & Diu,2003,Robbery,1,0,1,11,0,11,3,0,3,0,0,0,15,0,15
Daman & Diu,2003,Burglary,0,0,0,0,0,0,0,0,0,0,0,0,0,0,0
Daman & Diu,2003,Thefts,0,0,0,2,0,2,0,0,0,1,0,1,3,0,3
Daman & Diu,2003,Extortion,0,0,0,0,0,0,0,0,0,0,0,0,0,0,0
Daman & Diu,2003,Riots,0,0,0,0,0,0,0,0,0,0,0,0,0,0,0
Daman & Diu,2003,Arson,0,0,0,0,0,0,0,0,0,0,0,0,0,0,0
Daman & Diu,2003,Criminal Breach Of Trust,0,0,0,0,0,0,0,0,0,0,0,0,0,0,0
Daman & Diu,2003,Cheating,0,0,0,1,0,1,0,0,0,0,0,0,1,0,1
Daman & Diu,2003,Counter Feiting,0,0,0,0,0,0,0,0,0,0,0,0,0,0,0
Daman & Diu,2003,Dowry Deaths,0,0,0,0,0,0,0,0,0,0,0,0,0,0,0
Daman & Diu,2003,Molestation,0,0,0,0,0,0,0,0,0,0,0,0,0,0,0
Daman & Diu,2003,Eve-Teasing,0,0,0,0,0,0,0,0,0,0,0,0,0,0,0
Daman & Diu,2003,Cruelty By Husband Or Relative Of Husband,0,0,0,0,0,0,0,0,0,0,0,0,0,0,0
Daman & Diu,2003,Other Ipc Crimes,0,0,0,0,0,0,0,0,0,0,0,0,0,0,0
Daman & Diu,2004,Murder,0,0,0,4,0,4,2,1,3,2,0,2,8,1,9
Daman & Diu,2004,Attempt To Commit Murder,0,0,0,0,0,0,0,0,0,0,0,0,0,0,0
Daman & Diu,2004,C.H. Not Amounting To Murder,0,0,0,0,0,0,0,0,0,0,0,0,0,0,0
Daman & Diu,2004,Rape,0,0,0,1,0,1,0,0,0,0,0,0,1,0,1
Daman & Diu,2004,Kidnapping And Abduction,0,0,0,1,0,1,0,0,0,0,0,0,1,0,1
Daman & Diu,2004,Dacoity,0,0,0,0,0,0,0,0,0,0,0,0,0,0,0
Daman & Diu,2004,Prep. And Assembly For Dacoity,0,0,0,0,0,0,0,0,0,0,0,0,0,0,0
Daman & Diu,2004,Robbery,1,0,1,6,0,6,0,0,0,0,0,0,7,0,7
Daman & Diu,2004,Burglary,0,0,0,0,0,0,0,0,0,0,0,0,0,0,0
Daman & Diu,2004,Thefts,0,0,0,0,0,0,0,0,0,0,0,0,0,0,0
Daman & Diu,2004,Extortion,0,0,0,0,0,0,0,0,0,0,0,0,0,0,0
Daman & Diu,2004,Riots,0,0,0,0,0,0,0,0,0,0,0,0,0,0,0
Daman & Diu,2004,Arson,0,0,0,0,0,0,0,0,0,0,0,0,0,0,0
Daman & Diu,2004,Criminal Breach Of Trust,0,0,0,0,0,0,0,0,0,0,0,0,0,0,0
Daman & Diu,2004,Cheating,0,0,0,0,0,0,0,0,0,0,0,0,0,0,0
Daman & Diu,2004,Counter Feiting,0,0,0,0,0,0,0,0,0,0,0,0,0,0,0
Daman & Diu,2004,Dowry Deaths,0,0,0,0,0,0,0,0,0,0,0,0,0,0,0
Daman & Diu,2004,Molestation,0,0,0,0,0,0,0,0,0,0,0,0,0,0,0
Daman & Diu,2004,Eve-Teasing,0,0,0,0,0,0,0,0,0,0,0,0,0,0,0
Daman & Diu,2004,Cruelty By Husband Or Relative Of Husband,0,0,0,1,0,1,0,0,0,0,0,0,1,0,1
Daman & Diu,2004,Other Ipc Crimes,0,0,0,0,0,0,0,0,0,0,0,0,0,0,0
Daman & Diu,2005,Murder,0,0,0,3,0,3,6,1,7,0,0,0,9,1,10
Daman & Diu,2005,Attempt To Commit Murder,0,0,0,0,0,0,0,0,0,0,0,0,0,0,0
Daman & Diu,2005,C.H. Not Amounting To Murder,0,0,0,0,0,0,0,0,0,0,0,0,0,0,0
Daman & Diu,2005,Rape,0,0,0,0,0,0,0,0,0,0,0,0,0,0,0
Daman & Diu,2005,Kidnapping And Abduction,0,0,0,0,0,0,0,0,0,0,0,0,0,0,0
Daman & Diu,2005,Dacoity,0,0,0,0,0,0,0,0,0,0,0,0,0,0,0
Daman & Diu,2005,Prep. And Assembly For Dacoity,0,0,0,0,0,0,0,0,0,0,0,0,0,0,0
Daman & Diu,2005,Robbery,0,0,0,5,0,5,0,0,0,0,0,0,5,0,5
Daman & Diu,2005,Burglary,0,0,0,2,0,2,0,0,0,0,0,0,2,0,2
Daman & Diu,2005,Thefts,0,0,0,0,0,0,0,0,0,0,0,0,0,0,0
Daman & Diu,2005,Extortion,0,0,0,0,0,0,0,0,0,0,0,0,0,0,0
Daman & Diu,2005,Riots,0,0,0,0,0,0,0,0,0,0,0,0,0,0,0
Daman & Diu,2005,Arson,0,0,0,0,0,0,0,0,0,0,0,0,0,0,0
Daman & Diu,2005,Criminal Breach Of Trust,0,0,0,0,0,0,0,0,0,0,0,0,0,0,0
Daman & Diu,2005,Cheating,0,0,0,0,0,0,0,0,0,0,0,0,0,0,0
Daman & Diu,2005,Counter Feiting,0,0,0,0,0,0,0,0,0,0,0,0,0,0,0
Daman & Diu,2005,Dowry Deaths,0,0,0,0,0,0,0,0,0,0,0,0,0,0,0
Daman & Diu,2005,Molestation,0,0,0,0,0,0,0,0,0,0,0,0,0,0,0
Daman & Diu,2005,Eve-Teasing,0,0,0,0,0,0,0,0,0,0,0,0,0,0,0
Daman & Diu,2005,Cruelty By Husband Or Relative Of Husband,0,0,0,0,0,0,0,0,0,0,0,0,0,0,0
Daman & Diu,2005,Other Ipc Crimes,0,0,0,0,0,0,0,0,0,0,0,0,0,0,0
Daman & Diu,2006,Murder,0,0,0,0,1,1,0,0,0,0,0,0,0,1,1
Daman & Diu,2006,Attempt To Commit Murder,0,0,0,0,0,0,0,0,0,0,0,0,0,0,0
Daman & Diu,2006,C.H. Not Amounting To Murder,0,0,0,0,0,0,0,0,0,0,0,0,0,0,0
Daman & Diu,2006,Rape,0,0,0,0,0,0,0,0,0,0,0,0,0,0,0
Daman & Diu,2006,Kidnapping And Abduction,0,0,0,0,0,0,2,0,2,0,0,0,2,0,2
Daman & Diu,2006,Dacoity,0,0,0,19,0,19,2,0,2,1,0,1,22,0,22
Daman & Diu,2006,Prep. And Assembly For Dacoity,0,0,0,0,0,0,0,0,0,0,0,0,0,0,0
Daman & Diu,2006,Robbery,0,0,0,8,0,8,1,0,1,0,0,0,9,0,9
Daman & Diu,2006,Burglary,0,0,0,0,0,0,0,0,0,0,0,0,0,0,0
Daman & Diu,2006,Thefts,0,0,0,7,0,7,1,0,1,0,0,0,8,0,8
Daman & Diu,2006,Extortion,0,0,0,0,0,0,0,0,0,0,0,0,0,0,0
Daman & Diu,2006,Riots,0,0,0,0,0,0,0,0,0,0,0,0,0,0,0
Daman & Diu,2006,Arson,0,0,0,0,0,0,0,0,0,0,0,0,0,0,0
Daman & Diu,2006,Criminal Breach Of Trust,0,0,0,0,0,0,0,0,0,0,0,0,0,0,0
Daman & Diu,2006,Cheating,0,0,0,0,0,0,0,0,0,0,0,0,0,0,0
Daman & Diu,2006,Counter Feiting,0,0,0,0,0,0,0,0,0,0,0,0,0,0,0
Daman & Diu,2006,Dowry Deaths,0,0,0,0,0,0,0,0,0,0,0,0,0,0,0
Daman & Diu,2006,Molestation,0,0,0,0,0,0,0,0,0,0,0,0,0,0,0
Daman & Diu,2006,Eve-Teasing,0,0,0,0,0,0,0,0,0,0,0,0,0,0,0
Daman & Diu,2006,Cruelty By Husband Or Relative Of Husband,0,0,0,0,0,0,0,0,0,0,0,0,0,0,0
Daman & Diu,2006,Other Ipc Crimes,0,0,0,0,0,0,0,0,0,0,0,0,0,0,0
Daman & Diu,2007,Murder,0,0,0,11,0,11,8,1,9,0,0,0,19,1,20
Daman & Diu,2007,Attempt To Commit Murder,0,0,0,0,0,0,0,0,0,0,0,0,0,0,0
Daman & Diu,2007,C.H. Not Amounting To Murder,0,0,0,0,0,0,0,0,0,0,0,0,0,0,0
Daman & Diu,2007,Rape,0,0,0,0,0,0,0,0,0,0,0,0,0,0,0
Daman & Diu,2007,Kidnapping And Abduction,0,0,0,0,0,0,0,0,0,0,0,0,0,0,0
Daman & Diu,2007,Dacoity,0,0,0,8,0,8,4,0,4,2,0,2,14,0,14
Daman & Diu,2007,Prep. And Assembly For Dacoity,0,0,0,0,0,0,0,0,0,0,0,0,0,0,0
Daman & Diu,2007,Robbery,0,0,0,8,0,8,2,0,2,0,0,0,10,0,10
Daman & Diu,2007,Burglary,0,0,0,0,0,0,0,0,0,0,0,0,0,0,0
Daman & Diu,2007,Thefts,0,0,0,4,0,4,3,3,6,0,0,0,7,3,10
Daman & Diu,2007,Extortion,0,0,0,0,0,0,0,0,0,0,0,0,0,0,0
Daman & Diu,2007,Riots,0,0,0,0,0,0,0,0,0,0,0,0,0,0,0
Daman & Diu,2007,Arson,0,0,0,0,0,0,0,0,0,0,0,0,0,0,0
Daman & Diu,2007,Criminal Breach Of Trust,0,0,0,0,0,0,0,0,0,0,0,0,0,0,0
Daman & Diu,2007,Cheating,0,0,0,0,0,0,0,0,0,0,0,0,0,0,0
Daman & Diu,2007,Counter Feiting,0,0,0,0,0,0,0,0,0,0,0,0,0,0,0
Daman & Diu,2007,Dowry Deaths,0,0,0,0,0,0,0,0,0,0,0,0,0,0,0
Daman & Diu,2007,Molestation,0,0,0,0,0,0,0,0,0,0,0,0,0,0,0
Daman & Diu,2007,Eve-Teasing,0,0,0,0,0,0,0,0,0,0,0,0,0,0,0
Daman & Diu,2007,Cruelty By Husband Or Relative Of Husband,0,0,0,0,0,0,0,0,0,0,0,0,0,0,0
Daman & Diu,2007,Other Ipc Crimes,0,0,0,0,0,0,0,0,0,0,0,0,0,0,0
Daman & Diu,2008,Murder,0,0,0,0,0,0,0,1,1,0,0,0,0,1,1
Daman & Diu,2008,Attempt To Commit Murder,0,0,0,0,0,0,0,0,0,0,0,0,0,0,0
Daman & Diu,2008,C.H. Not Amounting To Murder,0,0,0,0,0,0,0,0,0,0,0,0,0,0,0
Daman & Diu,2008,Rape,0,0,0,0,0,0,0,0,0,0,0,0,0,0,0
Daman & Diu,2008,Kidnapping And Abduction,0,0,0,0,0,0,0,0,0,0,0,0,0,0,0
Daman & Diu,2008,Dacoity,0,0,0,10,0,10,0,0,0,0,0,0,10,0,10
Daman & Diu,2008,Prep. And Assembly For Dacoity,0,0,0,0,0,0,0,0,0,0,0,0,0,0,0
Daman & Diu,2008,Robbery,0,0,0,5,0,5,8,0,8,0,0,0,13,0,13
Daman & Diu,2008,Burglary,0,0,0,0,0,0,0,0,0,0,0,0,0,0,0
Daman & Diu,2008,Thefts,0,0,0,3,0,3,0,0,0,0,0,0,3,0,3
Daman & Diu,2008,Extortion,0,0,0,0,0,0,0,0,0,0,0,0,0,0,0
Daman & Diu,2008,Riots,0,0,0,0,0,0,0,0,0,0,0,0,0,0,0
Daman & Diu,2008,Arson,0,0,0,0,0,0,0,0,0,0,0,0,0,0,0
Daman & Diu,2008,Criminal Breach Of Trust,0,0,0,0,0,0,0,0,0,0,0,0,0,0,0
Daman & Diu,2008,Cheating,0,0,0,0,0,0,0,0,0,0,0,0,0,0,0
Daman & Diu,2008,Counter Feiting,0,0,0,0,0,0,0,0,0,0,0,0,0,0,0
Daman & Diu,2008,Dowry Deaths,0,0,0,0,0,0,0,0,0,0,0,0,0,0,0
Daman & Diu,2008,Molestation,0,0,0,0,0,0,0,0,0,0,0,0,0,0,0
Daman & Diu,2008,Eve-Teasing,0,0,0,0,0,0,0,0,0,0,0,0,0,0,0
Daman & Diu,2008,Cruelty By Husband Or Relative Of Husband,0,0,0,0,0,0,0,0,0,0,0,0,0,0,0
Daman & Diu,2008,Other Ipc Crimes,0,0,0,0,0,0,0,0,0,0,0,0,0,0,0
Daman & Diu,2009,Murder,0,0,0,0,0,0,12,0,12,0,0,0,12,0,12
Daman & Diu,2009,Attempt To Commit Murder,0,0,0,5,0,5,3,0,3,0,0,0,8,0,8
Daman & Diu,2009,C.H. Not Amounting To Murder,0,0,0,0,0,0,0,0,0,0,0,0,0,0,0
Daman & Diu,2009,Rape,0,0,0,1,0,1,0,0,0,0,0,0,1,0,1
Daman & Diu,2009,Kidnapping And Abduction,0,0,0,0,0,0,0,0,0,0,0,0,0,0,0
Daman & Diu,2009,Dacoity,0,0,0,0,0,0,0,0,0,0,0,0,0,0,0
Daman & Diu,2009,Prep. And Assembly For Dacoity,0,0,0,3,0,3,0,0,0,0,0,0,3,0,3
Daman & Diu,2009,Robbery,0,0,0,0,0,0,0,0,0,0,0,0,0,0,0
Daman & Diu,2009,Burglary,0,0,0,0,0,0,0,0,0,0,0,0,0,0,0
Daman & Diu,2009,Thefts,0,0,0,0,0,0,0,0,0,0,0,0,0,0,0
Daman & Diu,2009,Extortion,0,0,0,0,0,0,0,0,0,0,0,0,0,0,0
Daman & Diu,2009,Riots,0,0,0,0,0,0,0,0,0,0,0,0,0,0,0
Daman & Diu,2009,Arson,0,0,0,0,0,0,0,0,0,0,0,0,0,0,0
Daman & Diu,2009,Criminal Breach Of Trust,0,0,0,0,0,0,0,0,0,0,0,0,0,0,0
Daman & Diu,2009,Cheating,0,0,0,0,0,0,0,0,0,0,0,0,0,0,0
Daman & Diu,2009,Counter Feiting,0,0,0,0,0,0,0,0,0,0,0,0,0,0,0
Daman & Diu,2009,Dowry Deaths,0,0,0,0,0,0,0,0,0,0,0,0,0,0,0
Daman & Diu,2009,Molestation,0,0,0,0,0,0,0,0,0,0,0,0,0,0,0
Daman & Diu,2009,Eve-Teasing,0,0,0,0,0,0,0,0,0,0,0,0,0,0,0
Daman & Diu,2009,Cruelty By Husband Or Relative Of Husband,0,0,0,0,0,0,0,0,0,0,0,0,0,0,0
Daman & Diu,2009,Other Ipc Crimes,0,0,0,0,0,0,0,0,0,0,0,0,0,0,0
Daman & Diu,2010,Murder,0,0,0,2,0,2,4,0,4,0,0,0,6,0,6
Daman & Diu,2010,Attempt To Commit Murder,0,0,0,4,0,4,0,0,0,0,0,0,4,0,4
Daman & Diu,2010,C.H. Not Amounting To Murder,0,0,0,0,0,0,0,0,0,0,0,0,0,0,0
Daman & Diu,2010,Rape,0,0,0,0,0,0,0,0,0,0,0,0,0,0,0
Daman & Diu,2010,Kidnapping And Abduction,0,0,0,0,0,0,0,0,0,0,0,0,0,0,0
Daman & Diu,2010,Dacoity,0,0,0,3,0,3,0,0,0,0,0,0,3,0,3
Daman & Diu,2010,Prep. And Assembly For Dacoity,0,0,0,0,0,0,0,0,0,0,0,0,0,0,0
Daman & Diu,2010,Robbery,0,0,0,0,0,0,0,0,0,0,0,0,0,0,0
Daman & Diu,2010,Burglary,0,0,0,0,0,0,0,0,0,0,0,0,0,0,0
Daman & Diu,2010,Thefts,0,0,0,3,0,3,0,0,0,0,0,0,3,0,3
Daman & Diu,2010,Extortion,0,0,0,0,0,0,0,0,0,0,0,0,0,0,0
Daman & Diu,2010,Riots,0,0,0,0,0,0,0,0,0,0,0,0,0,0,0
Daman & Diu,2010,Arson,0,0,0,0,0,0,0,0,0,0,0,0,0,0,0
Daman & Diu,2010,Criminal Breach Of Trust,0,0,0,0,0,0,0,0,0,0,0,0,0,0,0
Daman & Diu,2010,Cheating,0,0,0,0,0,0,0,0,0,0,0,0,0,0,0
Daman & Diu,2010,Counter Feiting,0,0,0,0,0,0,0,0,0,0,0,0,0,0,0
Daman & Diu,2010,Dowry Deaths,0,0,0,0,0,0,0,0,0,0,0,0,0,0,0
Daman & Diu,2010,Molestation,0,0,0,0,0,0,0,0,0,0,0,0,0,0,0
Daman & Diu,2010,Eve-Teasing,0,0,0,0,0,0,0,0,0,0,0,0,0,0,0
Daman & Diu,2010,Cruelty By Husband Or Relative Of Husband,0,0,0,0,0,0,0,0,0,0,0,0,0,0,0
Daman & Diu,2010,Other Ipc Crimes,0,0,0,0,0,0,0,0,0,0,0,0,0,0,0
Daman & Diu,2011,Murder,0,0,0,3,0,3,0,0,0,0,0,0,3,0,3
Daman & Diu,2011,Attempt To Commit Murder,0,0,0,2,0,2,0,0,0,0,0,0,2,0,2
Daman & Diu,2011,C.H. Not Amounting To Murder,0,0,0,0,0,0,0,0,0,0,0,0,0,0,0
Daman & Diu,2011,Rape,0,0,0,1,0,1,0,0,0,0,0,0,1,0,1
Daman & Diu,2011,Kidnapping And Abduction,0,0,0,0,0,0,0,0,0,0,0,0,0,0,0
Daman & Diu,2011,Dacoity,0,0,0,0,0,0,0,0,0,0,0,0,0,0,0
Daman & Diu,2011,Prep. And Assembly For Dacoity,0,0,0,0,0,0,5,0,5,0,0,0,5,0,5
Daman & Diu,2011,Robbery,0,0,0,2,0,2,0,0,0,0,0,0,2,0,2
Daman & Diu,2011,Burglary,0,0,0,0,0,0,0,0,0,0,0,0,0,0,0
Daman & Diu,2011,Thefts,0,0,0,0,0,0,4,0,4,0,0,0,4,0,4
Daman & Diu,2011,Extortion,0,0,0,0,0,0,0,0,0,0,0,0,0,0,0
Daman & Diu,2011,Riots,0,0,0,0,0,0,0,0,0,0,0,0,0,0,0
Daman & Diu,2011,Arson,0,0,0,0,0,0,0,0,0,0,0,0,0,0,0
Daman & Diu,2011,Criminal Breach Of Trust,0,0,0,0,0,0,0,0,0,0,0,0,0,0,0
Daman & Diu,2011,Cheating,0,0,0,0,0,0,0,0,0,0,0,0,0,0,0
Daman & Diu,2011,Counter Feiting,0,0,0,0,0,0,0,0,0,0,0,0,0,0,0
Daman & Diu,2011,Dowry Deaths,0,0,0,0,0,0,0,0,0,0,0,0,0,0,0
Daman & Diu,2011,Molestation,0,0,0,0,0,0,0,0,0,0,0,0,0,0,0
Daman & Diu,2011,Eve-Teasing,0,0,0,0,0,0,0,0,0,0,0,0,0,0,0
Daman & Diu,2011,Cruelty By Husband Or Relative Of Husband,0,0,0,0,0,0,0,0,0,0,0,0,0,0,0
Daman & Diu,2011,Other Ipc Crimes,0,0,0,0,0,0,0,0,0,0,0,0,0,0,0
Daman & Diu,2012,Murder,0,0,0,2,0,2,0,0,0,0,0,0,2,0,2
Daman & Diu,2012,Attempt To Commit Murder,0,0,0,2,0,2,0,0,0,0,0,0,2,0,2
Daman & Diu,2012,C.H. Not Amounting To Murder,0,0,0,0,0,0,0,0,0,0,0,0,0,0,0
Daman & Diu,2012,Rape,0,0,0,2,0,2,0,0,0,0,0,0,2,0,2
Daman & Diu,2012,Kidnapping And Abduction,0,0,0,0,0,0,0,0,0,0,0,0,0,0,0
Daman & Diu,2012,Dacoity,0,0,0,0,0,0,0,0,0,0,0,0,0,0,0
Daman & Diu,2012,Prep. And Assembly For Dacoity,0,0,0,0,0,0,0,0,0,0,0,0,0,0,0
Daman & Diu,2012,Robbery,0,0,0,0,0,0,2,0,2,0,0,0,2,0,2
Daman & Diu,2012,Burglary,0,0,0,0,0,0,0,0,0,0,0,0,0,0,0
Daman & Diu,2012,Thefts,0,0,0,1,1,2,1,0,1,0,0,0,2,1,3
Daman & Diu,2012,Extortion,0,0,0,0,0,0,0,0,0,0,0,0,0,0,0
Daman & Diu,2012,Riots,0,0,0,0,0,0,0,0,0,0,0,0,0,0,0
Daman & Diu,2012,Arson,0,0,0,0,0,0,0,0,0,0,0,0,0,0,0
Daman & Diu,2012,Criminal Breach Of Trust,0,0,0,0,0,0,0,0,0,0,0,0,0,0,0
Daman & Diu,2012,Cheating,0,0,0,0,0,0,0,0,0,0,0,0,0,0,0
Daman & Diu,2012,Counter Feiting,0,0,0,0,0,0,0,0,0,0,0,0,0,0,0
Daman & Diu,2012,Dowry Deaths,0,0,0,0,0,0,0,0,0,0,0,0,0,0,0
Daman & Diu,2012,Molestation,0,0,0,0,0,0,0,0,0,0,0,0,0,0,0
Daman & Diu,2012,Eve-Teasing,0,0,0,0,0,0,0,0,0,0,0,0,0,0,0
Daman & Diu,2012,Cruelty By Husband Or Relative Of Husband,0,0,0,0,0,0,0,0,0,0,0,0,0,0,0
Daman & Diu,2012,Other Ipc Crimes,0,0,0,0,0,0,0,0,0,0,0,0,0,0,0
Delhi,2001,Murder,70,0,70,1207,33,1240,307,36,343,35,8,43,1619,77,1696
Delhi,2001,Attempt To Commit Murder,21,0,21,289,0,289,99,7,106,16,1,17,425,8,433
Delhi,2001,C.H. Not Amounting To Murder,7,0,7,28,0,28,21,0,21,3,0,3,59,0,59
Delhi,2001,Rape,49,0,49,451,6,457,106,18,124,5,0,5,611,24,635
Delhi,2001,Kidnapping And Abduction,17,0,17,258,8,266,68,8,76,5,0,5,348,16,364
Delhi,2001,Dacoity,15,0,15,389,0,389,68,0,68,3,0,3,475,0,475
Delhi,2001,Prep. And Assembly For Dacoity,8,0,8,289,0,289,51,0,51,1,0,1,349,0,349
Delhi,2001,Robbery,45,0,45,215,0,215,40,0,40,1,0,1,301,0,301
Delhi,2001,Burglary,20,0,20,166,0,166,10,0,10,1,0,1,197,0,197
Delhi,2001,Thefts,90,0,90,840,10,850,308,8,316,18,2,20,1256,20,1276
Delhi,2001,Extortion,0,0,0,2,0,2,0,0,0,0,0,0,2,0,2
Delhi,2001,Riots,3,0,3,54,0,54,15,0,15,1,0,1,73,0,73
Delhi,2001,Arson,0,0,0,0,0,0,0,0,0,0,0,0,0,0,0
Delhi,2001,Criminal Breach Of Trust,0,0,0,32,0,32,27,0,27,2,0,2,61,0,61
Delhi,2001,Cheating,1,0,1,197,5,202,95,8,103,12,0,12,305,13,318
Delhi,2001,Counter Feiting,0,0,0,5,0,5,4,0,4,0,0,0,9,0,9
Delhi,2001,Dowry Deaths,3,0,3,95,0,95,30,0,30,7,0,7,135,0,135
Delhi,2001,Molestation,0,0,0,1,0,1,0,0,0,0,0,0,1,0,1
Delhi,2001,Eve-Teasing,0,0,0,1,0,1,0,0,0,0,0,0,1,0,1
Delhi,2001,Cruelty By Husband Or Relative Of Husband,0,0,0,16,0,16,9,0,9,2,0,2,27,0,27
Delhi,2001,Other Ipc Crimes,10,0,10,124,41,165,64,24,88,4,5,9,202,70,272
Delhi,2002,Murder,0,0,0,1491,37,1528,330,29,359,49,3,52,1870,69,1939
Delhi,2002,Attempt To Commit Murder,0,0,0,280,1,281,101,2,103,13,0,13,394,3,397
Delhi,2002,C.H. Not Amounting To Murder,0,0,0,47,0,47,20,0,20,2,0,2,69,0,69
Delhi,2002,Rape,0,0,0,559,8,567,100,23,123,13,2,15,672,33,705
Delhi,2002,Kidnapping And Abduction,0,0,0,210,9,219,73,4,77,6,4,10,289,17,306
Delhi,2002,Dacoity,0,0,0,537,0,537,117,0,117,9,0,9,663,0,663
Delhi,2002,Prep. And Assembly For Dacoity,0,0,0,294,0,294,67,0,67,0,0,0,361,0,361
Delhi,2002,Robbery,0,0,0,236,0,236,43,0,43,5,0,5,284,0,284
Delhi,2002,Burglary,0,0,0,125,0,125,17,0,17,4,0,4,146,0,146
Delhi,2002,Thefts,0,0,0,1110,7,1117,249,18,267,14,0,14,1373,25,1398
Delhi,2002,Extortion,0,0,0,5,0,5,4,0,4,0,0,0,9,0,9
Delhi,2002,Riots,0,0,0,43,0,43,23,0,23,2,0,2,68,0,68
Delhi,2002,Arson,0,0,0,0,0,0,0,0,0,0,0,0,0,0,0
Delhi,2002,Criminal Breach Of Trust,0,0,0,6,0,6,8,0,8,3,0,3,17,0,17
Delhi,2002,Cheating,0,0,0,283,16,299,87,21,108,42,0,42,412,37,449
Delhi,2002,Counter Feiting,0,0,0,3,0,3,6,0,6,0,0,0,9,0,9
Delhi,2002,Dowry Deaths,0,0,0,159,9,168,50,26,76,42,21,63,251,56,307
Delhi,2002,Molestation,0,0,0,5,0,5,0,0,0,0,0,0,5,0,5
Delhi,2002,Eve-Teasing,0,0,0,1,0,1,0,0,0,0,0,0,1,0,1
Delhi,2002,Cruelty By Husband Or Relative Of Husband,0,0,0,9,0,9,12,0,12,5,0,5,26,0,26
Delhi,2002,Other Ipc Crimes,0,0,0,114,27,141,54,19,73,10,0,10,178,46,224
Delhi,2003,Murder,0,0,0,1523,33,1556,335,29,364,72,5,77,1930,67,1997
Delhi,2003,Attempt To Commit Murder,0,0,0,325,3,328,123,7,130,12,1,13,460,11,471
Delhi,2003,C.H. Not Amounting To Murder,0,0,0,56,0,56,21,0,21,2,0,2,79,0,79
Delhi,2003,Rape,0,0,0,524,2,526,129,4,133,17,3,20,670,9,679
Delhi,2003,Kidnapping And Abduction,0,0,0,216,8,224,78,12,90,5,5,10,299,25,324
Delhi,2003,Dacoity,0,0,0,638,1,639,129,2,131,6,1,7,773,4,777
Delhi,2003,Prep. And Assembly For Dacoity,0,0,0,248,0,248,45,0,45,0,0,0,293,0,293
Delhi,2003,Robbery,0,0,0,134,0,134,31,0,31,2,0,2,167,0,167
Delhi,2003,Burglary,0,0,0,119,0,119,18,0,18,0,0,0,137,0,137
Delhi,2003,Thefts,0,0,0,1072,12,1084,285,19,304,22,4,26,1379,35,1414
Delhi,2003,Extortion,0,0,0,2,0,2,1,0,1,0,0,0,3,0,3
Delhi,2003,Riots,0,0,0,24,0,24,15,0,15,0,0,0,39,0,39
Delhi,2003,Arson,0,0,0,2,0,2,1,0,1,0,0,0,3,0,3
Delhi,2003,Criminal Breach Of Trust,0,0,0,5,0,5,6,0,6,1,0,1,12,0,12
Delhi,2003,Cheating,0,0,0,219,20,239,124,17,141,27,8,35,370,45,415
Delhi,2003,Counter Feiting,0,0,0,2,0,2,5,0,5,0,0,0,7,0,7
Delhi,2003,Dowry Deaths,0,0,0,144,23,167,53,35,88,25,24,49,222,82,304
Delhi,2003,Molestation,0,0,0,1,0,1,0,0,0,0,0,0,1,0,1
Delhi,2003,Eve-Teasing,0,0,0,0,0,0,0,0,0,0,0,0,0,0,0
Delhi,2003,Cruelty By Husband Or Relative Of Husband,0,0,0,8,0,8,9,0,9,2,0,2,19,0,19
Delhi,2003,Other Ipc Crimes,0,0,0,91,22,113,44,31,75,4,2,6,139,55,194
Delhi,2004,Murder,0,0,0,1403,23,1426,330,19,349,69,8,77,1802,50,1852
Delhi,2004,Attempt To Commit Murder,0,0,0,311,3,314,128,4,132,29,0,29,468,7,475
Delhi,2004,C.H. Not Amounting To Murder,0,0,0,19,0,19,33,0,33,7,0,7,59,0,59
Delhi,2004,Rape,0,0,0,456,7,463,127,8,135,25,0,25,608,15,623
Delhi,2004,Kidnapping And Abduction,0,0,0,256,12,268,64,11,75,25,0,25,345,23,368
Delhi,2004,Dacoity,0,0,0,609,0,609,256,0,256,16,0,16,881,0,881
Delhi,2004,Prep. And Assembly For Dacoity,0,0,0,32,0,32,4,0,4,1,0,1,37,0,37
Delhi,2004,Robbery,0,0,0,146,0,146,57,0,57,0,0,0,203,0,203
Delhi,2004,Burglary,0,0,0,89,0,89,25,0,25,0,0,0,114,0,114
Delhi,2004,Thefts,0,0,0,850,18,868,310,24,334,55,6,61,1215,48,1263
Delhi,2004,Extortion,0,0,0,3,0,3,1,0,1,0,0,0,4,0,4
Delhi,2004,Riots,0,0,0,5,0,5,6,0,6,0,0,0,11,0,11
Delhi,2004,Arson,0,0,0,0,0,0,0,0,0,0,0,0,0,0,0
Delhi,2004,Criminal Breach Of Trust,0,0,0,18,0,18,26,0,26,2,0,2,46,0,46
Delhi,2004,Cheating,0,0,0,203,11,214,112,14,126,29,0,29,344,25,369
Delhi,2004,Counter Feiting,0,0,0,33,0,33,23,0,23,2,0,2,58,0,58
Delhi,2004,Dowry Deaths,0,0,0,88,21,109,31,28,59,29,15,44,148,64,212
Delhi,2004,Molestation,0,0,0,4,0,4,2,0,2,1,0,1,7,0,7
Delhi,2004,Eve-Teasing,0,0,0,7,0,7,0,0,0,0,0,0,7,0,7
Delhi,2004,Cruelty By Husband Or Relative Of Husband,0,0,0,14,0,14,9,0,9,4,0,4,27,0,27
Delhi,2004,Other Ipc Crimes,0,0,0,58,22,80,48,22,70,0,0,0,106,44,150
Delhi,2005,Murder,0,0,0,1036,13,1049,285,26,311,61,9,70,1382,48,1430
Delhi,2005,Attempt To Commit Murder,0,0,0,232,4,236,74,8,82,17,6,23,323,18,341
Delhi,2005,C.H. Not Amounting To Murder,0,0,0,28,0,28,12,0,12,1,0,1,41,0,41
Delhi,2005,Rape,0,0,0,552,0,552,146,0,146,19,0,19,717,0,717
Delhi,2005,Kidnapping And Abduction,0,0,0,199,6,205,54,8,62,2,1,3,255,15,270
Delhi,2005,Dacoity,0,0,0,519,13,532,160,27,187,14,0,14,693,40,733
Delhi,2005,Prep. And Assembly For Dacoity,0,0,0,72,0,72,71,2,73,7,0,7,150,2,152
Delhi,2005,Robbery,0,0,0,199,0,199,109,2,111,1,0,1,309,2,311
Delhi,2005,Burglary,0,0,0,27,0,27,109,0,109,2,0,2,138,0,138
Delhi,2005,Thefts,0,0,0,922,11,933,547,12,559,50,0,50,1519,23,1542
Delhi,2005,Extortion,0,0,0,36,0,36,16,0,16,1,0,1,53,0,53
Delhi,2005,Riots,0,0,0,1,1,2,0,1,1,0,0,0,1,2,3
Delhi,2005,Arson,0,0,0,0,0,0,0,0,0,0,0,0,0,0,0
Delhi,2005,Criminal Breach Of Trust,0,0,0,13,0,13,15,0,15,2,0,2,30,0,30
Delhi,2005,Cheating,0,0,0,104,6,110,86,13,99,34,3,37,224,22,246
Delhi,2005,Counter Feiting,0,0,0,29,0,29,45,0,45,6,0,6,80,0,80
Delhi,2005,Dowry Deaths,0,0,0,95,15,110,43,26,69,20,17,37,158,58,216
Delhi,2005,Molestation,0,0,0,10,0,10,1,0,1,0,0,0,11,0,11
Delhi,2005,Eve-Teasing,0,0,0,0,0,0,0,0,0,0,0,0,0,0,0
Delhi,2005,Cruelty By Husband Or Relative Of Husband,0,0,0,9,0,9,10,0,10,2,0,2,21,0,21
Delhi,2005,Other Ipc Crimes,0,0,0,94,7,101,48,12,60,18,5,23,160,24,184
Delhi,2006,Murder,0,0,0,969,17,986,412,15,427,51,8,59,1432,40,1472
Delhi,2006,Attempt To Commit Murder,0,0,0,364,3,367,178,8,186,27,3,30,569,14,583
Delhi,2006,C.H. Not Amounting To Murder,0,0,0,25,0,25,9,0,9,3,0,3,37,0,37
Delhi,2006,Rape,0,0,0,498,3,501,164,3,167,19,0,19,681,6,687
Delhi,2006,Kidnapping And Abduction,0,0,0,241,2,243,116,9,125,22,5,27,379,16,395
Delhi,2006,Dacoity,0,0,0,551,4,555,185,3,188,21,0,21,757,7,764
Delhi,2006,Prep. And Assembly For Dacoity,0,0,0,130,0,130,60,0,60,6,0,6,196,0,196
Delhi,2006,Robbery,0,0,0,279,5,284,135,8,143,13,0,13,427,13,440
Delhi,2006,Burglary,0,0,0,106,0,106,135,0,135,8,0,8,249,0,249
Delhi,2006,Thefts,0,0,0,1054,6,1060,247,17,264,31,4,35,1332,27,1359
Delhi,2006,Extortion,0,0,0,42,0,42,28,1,29,0,0,0,70,1,71
Delhi,2006,Riots,0,0,0,0,0,0,0,0,0,0,0,0,0,0,0
Delhi,2006,Arson,0,0,0,2,0,2,0,0,0,0,0,0,2,0,2
Delhi,2006,Criminal Breach Of Trust,0,0,0,8,0,8,15,0,15,4,0,4,27,0,27
Delhi,2006,Cheating,0,0,0,109,5,114,124,10,134,65,0,65,298,15,313
Delhi,2006,Counter Feiting,0,0,0,23,0,23,41,0,41,6,0,6,70,0,70
Delhi,2006,Dowry Deaths,0,0,0,69,19,88,28,19,47,19,14,33,116,52,168
Delhi,2006,Molestation,0,0,0,16,0,16,2,0,2,1,0,1,19,0,19
Delhi,2006,Eve-Teasing,0,0,0,0,0,0,0,0,0,0,0,0,0,0,0
Delhi,2006,Cruelty By Husband Or Relative Of Husband,0,0,0,9,0,9,4,0,4,1,0,1,14,0,14
Delhi,2006,Other Ipc Crimes,0,0,0,356,0,356,353,0,353,31,0,31,740,0,740
Delhi,2007,Murder,0,0,0,1136,22,1158,510,50,560,66,22,88,1712,94,1806
Delhi,2007,Attempt To Commit Murder,0,0,0,393,1,394,186,4,190,24,5,29,603,10,613
Delhi,2007,C.H. Not Amounting To Murder,0,0,0,34,0,34,18,0,18,3,0,3,55,0,55
Delhi,2007,Rape,0,0,0,575,2,577,162,4,166,22,4,26,759,10,769
Delhi,2007,Kidnapping And Abduction,0,0,0,242,3,245,83,6,89,14,2,16,339,11,350
Delhi,2007,Dacoity,0,0,0,750,0,750,194,0,194,15,0,15,959,0,959
Delhi,2007,Prep. And Assembly For Dacoity,0,0,0,88,0,88,55,0,55,6,0,6,149,0,149
Delhi,2007,Robbery,0,0,0,190,3,193,71,1,72,5,1,6,266,5,271
Delhi,2007,Burglary,0,0,0,63,0,63,25,0,25,0,0,0,88,0,88
Delhi,2007,Thefts,0,0,0,643,2,645,175,3,178,26,2,28,844,7,851
Delhi,2007,Extortion,0,0,0,44,0,44,30,0,30,1,0,1,75,0,75
Delhi,2007,Riots,0,0,0,4,0,4,2,0,2,0,0,0,6,0,6
Delhi,2007,Arson,0,0,0,0,0,0,0,0,0,0,0,0,0,0,0
Delhi,2007,Criminal Breach Of Trust,0,0,0,13,0,13,24,0,24,4,0,4,41,0,41
Delhi,2007,Cheating,0,0,0,144,0,144,139,14,153,46,5,51,329,19,348
Delhi,2007,Counter Feiting,0,0,0,38,2,40,41,1,42,5,1,6,84,4,88
Delhi,2007,Dowry Deaths,0,0,0,121,17,138,54,47,101,34,7,41,209,71,280
Delhi,2007,Molestation,0,0,0,8,0,8,4,0,4,0,0,0,12,0,12
Delhi,2007,Eve-Teasing,0,0,0,5,0,5,1,0,1,0,0,0,6,0,6
Delhi,2007,Cruelty By Husband Or Relative Of Husband,0,0,0,4,0,4,9,0,9,1,0,1,14,0,14
Delhi,2007,Other Ipc Crimes,0,0,0,106,0,106,104,0,104,2,0,2,212,0,212
Delhi,2008,Murder,0,0,0,1262,33,1295,513,78,591,70,13,83,1845,124,1969
Delhi,2008,Attempt To Commit Murder,0,0,0,405,2,407,143,2,145,19,2,21,567,6,573
Delhi,2008,C.H. Not Amounting To Murder,0,0,0,41,0,41,27,0,27,9,0,9,77,0,77
Delhi,2008,Rape,0,0,0,569,1,570,186,1,187,25,1,26,780,3,783
Delhi,2008,Kidnapping And Abduction,0,0,0,194,8,202,94,12,106,16,5,21,304,25,329
Delhi,2008,Dacoity,0,0,0,655,0,655,209,0,209,20,0,20,884,0,884
Delhi,2008,Prep. And Assembly For Dacoity,0,0,0,69,0,69,62,0,62,11,0,11,142,0,142
Delhi,2008,Robbery,0,0,0,183,4,187,83,1,84,3,2,5,269,7,276
Delhi,2008,Burglary,0,0,0,31,0,31,23,0,23,0,0,0,54,0,54
Delhi,2008,Thefts,0,0,0,702,6,708,234,2,236,45,1,46,981,9,990
Delhi,2008,Extortion,0,0,0,14,0,14,34,0,34,2,0,2,50,0,50
Delhi,2008,Riots,0,0,0,9,0,9,4,0,4,0,0,0,13,0,13
Delhi,2008,Arson,0,0,0,0,0,0,0,0,0,0,0,0,0,0,0
Delhi,2008,Criminal Breach Of Trust,0,0,0,21,4,25,24,1,25,4,1,5,49,6,55
Delhi,2008,Cheating,0,0,0,124,3,127,116,12,128,39,1,40,279,16,295
Delhi,2008,Counter Feiting,0,0,0,13,1,14,18,1,19,3,2,5,34,4,38
Delhi,2008,Dowry Deaths,0,0,0,138,8,146,81,27,108,35,0,35,254,35,289
Delhi,2008,Molestation,0,0,0,1,0,1,3,0,3,1,0,1,5,0,5
Delhi,2008,Eve-Teasing,0,0,0,9,0,9,3,0,3,0,0,0,12,0,12
Delhi,2008,Cruelty By Husband Or Relative Of Husband,0,0,0,14,0,14,15,0,15,7,0,7,36,0,36
Delhi,2008,Other Ipc Crimes,0,0,0,61,0,61,29,0,29,7,0,7,97,0,97
Delhi,2009,Murder,0,0,0,1457,31,1488,558,65,623,72,18,90,2087,114,2201
Delhi,2009,Attempt To Commit Murder,0,0,0,282,4,286,152,4,156,13,2,15,447,10,457
Delhi,2009,C.H. Not Amounting To Murder,0,0,0,36,0,36,24,0,24,4,0,4,64,0,64
Delhi,2009,Rape,0,0,0,562,6,568,183,3,186,27,1,28,772,10,782
Delhi,2009,Kidnapping And Abduction,0,0,0,203,14,217,98,12,110,16,2,18,317,28,345
Delhi,2009,Dacoity,0,0,0,686,0,686,193,0,193,18,0,18,897,0,897
Delhi,2009,Prep. And Assembly For Dacoity,0,0,0,96,0,96,55,0,55,4,0,4,155,0,155
Delhi,2009,Robbery,0,0,0,132,10,142,68,0,68,6,1,7,206,11,217
Delhi,2009,Burglary,0,0,0,71,0,71,50,0,50,2,0,2,123,0,123
Delhi,2009,Thefts,0,0,0,824,2,826,201,5,206,34,0,34,1059,7,1066
Delhi,2009,Extortion,0,0,0,16,0,16,27,0,27,4,0,4,47,0,47
Delhi,2009,Riots,0,0,0,5,0,5,0,0,0,1,0,1,6,0,6
Delhi,2009,Arson,0,0,0,1,0,1,0,0,0,0,0,0,1,0,1
Delhi,2009,Criminal Breach Of Trust,0,0,0,34,4,38,32,3,35,3,4,7,69,11,80
Delhi,2009,Cheating,0,0,0,126,2,128,128,6,134,26,3,29,280,11,291
Delhi,2009,Counter Feiting,0,0,0,15,1,16,21,3,24,1,2,3,37,6,43
Delhi,2009,Dowry Deaths,0,0,0,152,1,153,69,26,95,31,9,40,252,36,288
Delhi,2009,Molestation,0,0,0,0,0,0,1,0,1,0,0,0,1,0,1
Delhi,2009,Eve-Teasing,0,0,0,8,0,8,3,0,3,0,0,0,11,0,11
Delhi,2009,Cruelty By Husband Or Relative Of Husband,0,0,0,13,0,13,8,0,8,1,0,1,22,0,22
Delhi,2009,Other Ipc Crimes,0,0,0,54,0,54,22,0,22,5,0,5,81,0,81
Delhi,2010,Murder,0,0,0,1422,37,1459,579,62,641,72,21,93,2073,120,2193
Delhi,2010,Attempt To Commit Murder,0,0,0,256,4,260,82,7,89,16,0,16,354,11,365
Delhi,2010,C.H. Not Amounting To Murder,0,0,0,18,0,18,10,0,10,4,0,4,32,0,32
Delhi,2010,Rape,0,0,0,539,7,546,148,8,156,23,2,25,710,17,727
Delhi,2010,Kidnapping And Abduction,0,0,0,207,18,225,104,14,118,6,4,10,317,36,353
Delhi,2010,Dacoity,0,0,0,392,0,392,139,1,140,18,0,18,549,1,550
Delhi,2010,Prep. And Assembly For Dacoity,0,0,0,56,0,56,45,0,45,1,0,1,102,0,102
Delhi,2010,Robbery,0,0,0,188,1,189,97,1,98,8,0,8,293,2,295
Delhi,2010,Burglary,0,0,0,122,0,122,12,0,12,0,0,0,134,0,134
Delhi,2010,Thefts,0,0,0,940,12,952,168,11,179,26,2,28,1134,25,1159
Delhi,2010,Extortion,0,0,0,1,0,1,2,0,2,3,0,3,6,0,6
Delhi,2010,Riots,0,0,0,2,0,2,1,0,1,0,0,0,3,0,3
Delhi,2010,Arson,0,0,0,1,0,1,1,0,1,0,0,0,2,0,2
Delhi,2010,Criminal Breach Of Trust,0,0,0,12,0,12,25,0,25,2,0,2,39,0,39
Delhi,2010,Cheating,0,0,0,85,14,99,106,12,118,24,8,32,215,34,249
Delhi,2010,Counter Feiting,0,0,0,12,0,12,8,0,8,0,0,0,20,0,20
Delhi,2010,Dowry Deaths,0,0,0,145,7,152,57,22,79,31,14,45,233,43,276
Delhi,2010,Molestation,0,0,0,3,0,3,1,0,1,0,0,0,4,0,4
Delhi,2010,Eve-Teasing,0,0,0,2,0,2,0,0,0,0,0,0,2,0,2
Delhi,2010,Cruelty By Husband Or Relative Of Husband,0,0,0,1,0,1,3,0,3,0,0,0,4,0,4
Delhi,2010,Other Ipc Crimes,0,0,0,152,0,152,35,0,35,10,0,10,197,0,197
Delhi,2011,Murder,0,0,0,1399,50,1449,548,57,605,85,12,97,2032,119,2151
Delhi,2011,Attempt To Commit Murder,0,0,0,282,6,288,115,6,121,15,0,15,412,12,424
Delhi,2011,C.H. Not Amounting To Murder,0,0,0,23,0,23,16,0,16,3,1,4,42,1,43
Delhi,2011,Rape,0,0,0,523,10,533,195,9,204,17,2,19,735,21,756
Delhi,2011,Kidnapping And Abduction,0,0,0,206,17,223,107,15,122,4,5,9,317,37,354
Delhi,2011,Dacoity,0,0,0,425,3,428,149,2,151,12,1,13,586,6,592
Delhi,2011,Prep. And Assembly For Dacoity,0,0,0,107,0,107,39,0,39,0,0,0,146,0,146
Delhi,2011,Robbery,0,0,0,230,0,230,102,0,102,10,0,10,342,0,342
Delhi,2011,Burglary,0,0,0,158,0,158,24,0,24,1,0,1,183,0,183
Delhi,2011,Thefts,0,0,0,896,11,907,259,9,268,17,2,19,1172,22,1194
Delhi,2011,Extortion,0,0,0,37,0,37,6,0,6,0,0,0,43,0,43
Delhi,2011,Riots,0,0,0,21,0,21,11,0,11,2,0,2,34,0,34
Delhi,2011,Arson,0,0,0,31,0,31,16,0,16,10,0,10,57,0,57
Delhi,2011,Criminal Breach Of Trust,0,0,0,16,0,16,9,0,9,2,1,3,27,1,28
Delhi,2011,Cheating,0,0,0,249,16,265,215,13,228,42,3,45,506,32,538
Delhi,2011,Counter Feiting,0,0,0,10,0,10,11,0,11,2,0,2,23,0,23
Delhi,2011,Dowry Deaths,0,0,0,157,9,166,60,16,76,28,20,48,245,45,290
Delhi,2011,Molestation,0,0,0,10,0,10,4,0,4,1,0,1,15,0,15
Delhi,2011,Eve-Teasing,0,0,0,23,0,23,0,0,0,0,0,0,23,0,23
Delhi,2011,Cruelty By Husband Or Relative Of Husband,0,0,0,0,0,0,2,0,2,1,0,1,3,0,3
Delhi,2011,Other Ipc Crimes,0,0,0,140,6,146,46,3,49,10,0,10,196,9,205
Delhi,2012,Murder,0,0,0,1361,40,1401,672,58,730,85,10,95,2118,108,2226
Delhi,2012,Attempt To Commit Murder,0,0,0,346,3,349,155,7,162,19,0,19,520,10,530
Delhi,2012,C.H. Not Amounting To Murder,0,0,0,26,0,26,12,2,14,5,0,5,43,2,45
Delhi,2012,Rape,0,0,0,600,9,609,223,22,245,23,2,25,846,33,879
Delhi,2012,Kidnapping And Abduction,0,0,0,192,14,206,112,14,126,10,2,12,314,30,344
Delhi,2012,Dacoity,0,0,0,390,2,392,139,1,140,12,0,12,541,3,544
Delhi,2012,Prep. And Assembly For Dacoity,0,0,0,61,0,61,38,0,38,1,0,1,100,0,100
Delhi,2012,Robbery,0,0,0,303,0,303,114,0,114,9,0,9,426,0,426
Delhi,2012,Burglary,0,0,0,92,0,92,29,0,29,2,0,2,123,0,123
Delhi,2012,Thefts,0,0,0,907,8,915,226,14,240,26,5,31,1159,27,1186
Delhi,2012,Extortion,0,0,0,36,0,36,10,0,10,0,0,0,46,0,46
Delhi,2012,Riots,0,0,0,16,0,16,14,0,14,0,0,0,30,0,30
Delhi,2012,Arson,0,0,0,2,0,2,1,0,1,0,0,0,3,0,3
Delhi,2012,Criminal Breach Of Trust,0,0,0,12,0,12,9,0,9,1,0,1,22,0,22
Delhi,2012,Cheating,0,0,0,187,14,201,140,15,155,43,3,46,370,32,402
Delhi,2012,Counter Feiting,0,0,0,10,0,10,18,0,18,2,0,2,30,0,30
Delhi,2012,Dowry Deaths,0,0,0,183,15,198,64,23,87,20,19,39,267,57,324
Delhi,2012,Molestation,0,0,0,10,0,10,3,0,3,0,0,0,13,0,13
Delhi,2012,Eve-Teasing,0,0,0,7,0,7,0,0,0,0,0,0,7,0,7
Delhi,2012,Cruelty By Husband Or Relative Of Husband,0,0,0,1,0,1,1,0,1,0,0,0,2,0,2
Delhi,2012,Other Ipc Crimes,0,0,0,67,0,67,60,3,63,22,3,25,149,6,155
Lakshadweep,2001,Murder,0,0,0,0,0,0,1,0,1,0,0,0,1,0,1
Lakshadweep,2001,Attempt To Commit Murder,0,0,0,0,0,0,0,0,0,0,0,0,0,0,0
Lakshadweep,2001,C.H. Not Amounting To Murder,0,0,0,0,0,0,0,0,0,0,0,0,0,0,0
Lakshadweep,2001,Rape,0,0,0,0,0,0,0,0,0,0,0,0,0,0,0
Lakshadweep,2001,Kidnapping And Abduction,0,0,0,0,0,0,0,0,0,0,0,0,0,0,0
Lakshadweep,2001,Dacoity,0,0,0,0,0,0,0,0,0,0,0,0,0,0,0
Lakshadweep,2001,Prep. And Assembly For Dacoity,0,0,0,0,0,0,0,0,0,0,0,0,0,0,0
Lakshadweep,2001,Robbery,0,0,0,0,0,0,0,0,0,0,0,0,0,0,0
Lakshadweep,2001,Burglary,0,0,0,0,0,0,0,0,0,0,0,0,0,0,0
Lakshadweep,2001,Thefts,0,0,0,0,0,0,0,0,0,0,0,0,0,0,0
Lakshadweep,2001,Extortion,0,0,0,0,0,0,0,0,0,0,0,0,0,0,0
Lakshadweep,2001,Riots,0,0,0,0,0,0,0,0,0,0,0,0,0,0,0
Lakshadweep,2001,Arson,0,0,0,0,0,0,0,0,0,0,0,0,0,0,0
Lakshadweep,2001,Criminal Breach Of Trust,0,0,0,0,0,0,0,0,0,0,0,0,0,0,0
Lakshadweep,2001,Cheating,0,0,0,0,0,0,0,0,0,0,0,0,0,0,0
Lakshadweep,2001,Counter Feiting,0,0,0,0,0,0,0,0,0,0,0,0,0,0,0
Lakshadweep,2001,Dowry Deaths,0,0,0,0,0,0,0,0,0,0,0,0,0,0,0
Lakshadweep,2001,Molestation,0,0,0,0,0,0,0,0,0,0,0,0,0,0,0
Lakshadweep,2001,Eve-Teasing,0,0,0,0,0,0,0,0,0,0,0,0,0,0,0
Lakshadweep,2001,Cruelty By Husband Or Relative Of Husband,0,0,0,0,0,0,0,0,0,0,0,0,0,0,0
Lakshadweep,2001,Other Ipc Crimes,0,0,0,0,0,0,0,0,0,0,0,0,0,0,0
Lakshadweep,2002,Murder,0,0,0,0,0,0,1,0,1,0,0,0,1,0,1
Lakshadweep,2002,Attempt To Commit Murder,0,0,0,0,0,0,0,0,0,0,0,0,0,0,0
Lakshadweep,2002,C.H. Not Amounting To Murder,0,0,0,0,0,0,0,0,0,0,0,0,0,0,0
Lakshadweep,2002,Rape,0,0,0,0,0,0,0,0,0,0,0,0,0,0,0
Lakshadweep,2002,Kidnapping And Abduction,0,0,0,0,0,0,0,0,0,0,0,0,0,0,0
Lakshadweep,2002,Dacoity,0,0,0,0,0,0,0,0,0,0,0,0,0,0,0
Lakshadweep,2002,Prep. And Assembly For Dacoity,0,0,0,0,0,0,0,0,0,0,0,0,0,0,0
Lakshadweep,2002,Robbery,0,0,0,0,0,0,0,0,0,0,0,0,0,0,0
Lakshadweep,2002,Burglary,0,0,0,0,0,0,0,0,0,0,0,0,0,0,0
Lakshadweep,2002,Thefts,0,0,0,0,0,0,0,0,0,0,0,0,0,0,0
Lakshadweep,2002,Extortion,0,0,0,0,0,0,0,0,0,0,0,0,0,0,0
Lakshadweep,2002,Riots,0,0,0,0,0,0,0,0,0,0,0,0,0,0,0
Lakshadweep,2002,Arson,0,0,0,0,0,0,0,0,0,0,0,0,0,0,0
Lakshadweep,2002,Criminal Breach Of Trust,0,0,0,0,0,0,0,0,0,0,0,0,0,0,0
Lakshadweep,2002,Cheating,0,0,0,0,0,0,0,0,0,0,0,0,0,0,0
Lakshadweep,2002,Counter Feiting,0,0,0,0,0,0,0,0,0,0,0,0,0,0,0
Lakshadweep,2002,Dowry Deaths,0,0,0,0,0,0,0,0,0,0,0,0,0,0,0
Lakshadweep,2002,Molestation,0,0,0,0,0,0,0,0,0,0,0,0,0,0,0
Lakshadweep,2002,Eve-Teasing,0,0,0,0,0,0,0,0,0,0,0,0,0,0,0
Lakshadweep,2002,Cruelty By Husband Or Relative Of Husband,0,0,0,0,0,0,0,0,0,0,0,0,0,0,0
Lakshadweep,2002,Other Ipc Crimes,0,0,0,0,0,0,13,0,13,0,0,0,13,0,13
Lakshadweep,2003,Murder,0,0,0,0,0,0,0,0,0,0,0,0,0,0,0
Lakshadweep,2003,Attempt To Commit Murder,0,0,0,2,0,2,0,0,0,0,0,0,2,0,2
Lakshadweep,2003,C.H. Not Amounting To Murder,0,0,0,0,0,0,0,0,0,0,0,0,0,0,0
Lakshadweep,2003,Rape,0,0,0,0,0,0,0,0,0,0,0,0,0,0,0
Lakshadweep,2003,Kidnapping And Abduction,0,0,0,0,0,0,0,0,0,0,0,0,0,0,0
Lakshadweep,2003,Dacoity,0,0,0,0,0,0,0,0,0,0,0,0,0,0,0
Lakshadweep,2003,Prep. And Assembly For Dacoity,0,0,0,0,0,0,0,0,0,0,0,0,0,0,0
Lakshadweep,2003,Robbery,0,0,0,0,0,0,0,0,0,0,0,0,0,0,0
Lakshadweep,2003,Burglary,0,0,0,1,0,1,0,0,0,0,0,0,1,0,1
Lakshadweep,2003,Thefts,0,0,0,1,0,1,0,0,0,0,0,0,1,0,1
Lakshadweep,2003,Extortion,0,0,0,0,0,0,0,0,0,0,0,0,0,0,0
Lakshadweep,2003,Riots,0,0,0,0,0,0,0,0,0,0,0,0,0,0,0
Lakshadweep,2003,Arson,0,0,0,0,0,0,0,0,0,0,0,0,0,0,0
Lakshadweep,2003,Criminal Breach Of Trust,0,0,0,0,0,0,0,0,0,0,0,0,0,0,0
Lakshadweep,2003,Cheating,0,0,0,0,0,0,0,0,0,0,0,0,0,0,0
Lakshadweep,2003,Counter Feiting,0,0,0,0,0,0,0,0,0,0,0,0,0,0,0
Lakshadweep,2003,Dowry Deaths,0,0,0,0,0,0,0,0,0,0,0,0,0,0,0
Lakshadweep,2003,Molestation,0,0,0,0,0,0,0,0,0,0,0,0,0,0,0
Lakshadweep,2003,Eve-Teasing,0,0,0,0,0,0,0,0,0,0,0,0,0,0,0
Lakshadweep,2003,Cruelty By Husband Or Relative Of Husband,0,0,0,0,0,0,0,0,0,0,0,0,0,0,0
Lakshadweep,2003,Other Ipc Crimes,0,0,0,0,0,0,0,0,0,0,0,0,0,0,0
Lakshadweep,2004,Murder,0,0,0,0,0,0,0,0,0,0,0,0,0,0,0
Lakshadweep,2004,Attempt To Commit Murder,0,0,0,0,0,0,0,0,0,0,0,0,0,0,0
Lakshadweep,2004,C.H. Not Amounting To Murder,0,0,0,0,0,0,0,0,0,0,0,0,0,0,0
Lakshadweep,2004,Rape,0,0,0,0,0,0,0,0,0,0,0,0,0,0,0
Lakshadweep,2004,Kidnapping And Abduction,0,0,0,0,0,0,0,0,0,0,0,0,0,0,0
Lakshadweep,2004,Dacoity,0,0,0,0,0,0,0,0,0,0,0,0,0,0,0
Lakshadweep,2004,Prep. And Assembly For Dacoity,0,0,0,0,0,0,0,0,0,0,0,0,0,0,0
Lakshadweep,2004,Robbery,0,0,0,0,0,0,0,0,0,0,0,0,0,0,0
Lakshadweep,2004,Burglary,0,0,0,0,0,0,0,0,0,0,0,0,0,0,0
Lakshadweep,2004,Thefts,0,0,0,0,0,0,0,0,0,0,0,0,0,0,0
Lakshadweep,2004,Extortion,0,0,0,0,0,0,0,0,0,0,0,0,0,0,0
Lakshadweep,2004,Riots,0,0,0,0,0,0,0,0,0,0,0,0,0,0,0
Lakshadweep,2004,Arson,0,0,0,0,0,0,0,0,0,0,0,0,0,0,0
Lakshadweep,2004,Criminal Breach Of Trust,0,0,0,0,0,0,0,0,0,0,0,0,0,0,0
Lakshadweep,2004,Cheating,0,0,0,0,0,0,0,0,0,0,0,0,0,0,0
Lakshadweep,2004,Counter Feiting,0,0,0,0,0,0,0,0,0,0,0,0,0,0,0
Lakshadweep,2004,Dowry Deaths,0,0,0,0,0,0,0,0,0,0,0,0,0,0,0
Lakshadweep,2004,Molestation,0,0,0,0,0,0,0,0,0,0,0,0,0,0,0
Lakshadweep,2004,Eve-Teasing,0,0,0,0,0,0,0,0,0,0,0,0,0,0,0
Lakshadweep,2004,Cruelty By Husband Or Relative Of Husband,0,0,0,0,0,0,0,0,0,0,0,0,0,0,0
Lakshadweep,2004,Other Ipc Crimes,0,0,0,0,0,0,0,0,0,0,0,0,0,0,0
Lakshadweep,2005,Murder,0,0,0,0,0,0,1,0,1,0,0,0,1,0,1
Lakshadweep,2005,Attempt To Commit Murder,0,0,0,0,0,0,1,0,1,0,0,0,1,0,1
Lakshadweep,2005,C.H. Not Amounting To Murder,0,0,0,0,0,0,0,0,0,0,0,0,0,0,0
Lakshadweep,2005,Rape,0,0,0,0,0,0,0,0,0,0,0,0,0,0,0
Lakshadweep,2005,Kidnapping And Abduction,0,0,0,0,0,0,0,0,0,0,0,0,0,0,0
Lakshadweep,2005,Dacoity,0,0,0,0,0,0,0,0,0,0,0,0,0,0,0
Lakshadweep,2005,Prep. And Assembly For Dacoity,0,0,0,0,0,0,0,0,0,0,0,0,0,0,0
Lakshadweep,2005,Robbery,0,0,0,0,0,0,0,0,0,0,0,0,0,0,0
Lakshadweep,2005,Burglary,0,0,0,0,0,0,0,0,0,0,0,0,0,0,0
Lakshadweep,2005,Thefts,0,0,0,0,0,0,0,0,0,0,0,0,0,0,0
Lakshadweep,2005,Extortion,0,0,0,0,0,0,0,0,0,0,0,0,0,0,0
Lakshadweep,2005,Riots,0,0,0,0,0,0,0,0,0,0,0,0,0,0,0
Lakshadweep,2005,Arson,0,0,0,0,0,0,0,0,0,0,0,0,0,0,0
Lakshadweep,2005,Criminal Breach Of Trust,0,0,0,0,0,0,0,0,0,0,0,0,0,0,0
Lakshadweep,2005,Cheating,0,0,0,0,0,0,0,0,0,0,0,0,0,0,0
Lakshadweep,2005,Counter Feiting,0,0,0,0,0,0,0,0,0,0,0,0,0,0,0
Lakshadweep,2005,Dowry Deaths,0,0,0,0,0,0,0,0,0,0,0,0,0,0,0
Lakshadweep,2005,Molestation,0,0,0,0,0,0,0,0,0,0,0,0,0,0,0
Lakshadweep,2005,Eve-Teasing,0,0,0,0,0,0,0,0,0,0,0,0,0,0,0
Lakshadweep,2005,Cruelty By Husband Or Relative Of Husband,0,0,0,0,0,0,0,0,0,0,0,0,0,0,0
Lakshadweep,2005,Other Ipc Crimes,0,0,0,0,0,0,0,0,0,0,0,0,0,0,0
Lakshadweep,2006,Murder,0,0,0,0,0,0,0,0,0,0,0,0,0,0,0
Lakshadweep,2006,Attempt To Commit Murder,0,0,0,0,0,0,0,0,0,0,0,0,0,0,0
Lakshadweep,2006,C.H. Not Amounting To Murder,0,0,0,0,0,0,0,0,0,0,0,0,0,0,0
Lakshadweep,2006,Rape,0,0,0,0,0,0,0,0,0,0,0,0,0,0,0
Lakshadweep,2006,Kidnapping And Abduction,0,0,0,0,0,0,0,0,0,0,0,0,0,0,0
Lakshadweep,2006,Dacoity,0,0,0,0,0,0,0,0,0,0,0,0,0,0,0
Lakshadweep,2006,Prep. And Assembly For Dacoity,0,0,0,0,0,0,0,0,0,0,0,0,0,0,0
Lakshadweep,2006,Robbery,0,0,0,0,0,0,0,0,0,0,0,0,0,0,0
Lakshadweep,2006,Burglary,0,0,0,0,0,0,0,0,0,0,0,0,0,0,0
Lakshadweep,2006,Thefts,0,0,0,0,0,0,0,0,0,0,0,0,0,0,0
Lakshadweep,2006,Extortion,0,0,0,0,0,0,0,0,0,0,0,0,0,0,0
Lakshadweep,2006,Riots,0,0,0,0,0,0,0,0,0,0,0,0,0,0,0
Lakshadweep,2006,Arson,0,0,0,0,0,0,0,0,0,0,0,0,0,0,0
Lakshadweep,2006,Criminal Breach Of Trust,0,0,0,0,0,0,0,0,0,0,0,0,0,0,0
Lakshadweep,2006,Cheating,0,0,0,0,0,0,0,0,0,0,0,0,0,0,0
Lakshadweep,2006,Counter Feiting,0,0,0,0,0,0,0,0,0,0,0,0,0,0,0
Lakshadweep,2006,Dowry Deaths,0,0,0,0,0,0,0,0,0,0,0,0,0,0,0
Lakshadweep,2006,Molestation,0,0,0,0,0,0,0,0,0,0,0,0,0,0,0
Lakshadweep,2006,Eve-Teasing,0,0,0,0,0,0,0,0,0,0,0,0,0,0,0
Lakshadweep,2006,Cruelty By Husband Or Relative Of Husband,0,0,0,0,0,0,0,0,0,0,0,0,0,0,0
Lakshadweep,2006,Other Ipc Crimes,0,0,0,0,0,0,0,0,0,0,0,0,0,0,0
Lakshadweep,2007,Murder,0,0,0,0,0,0,0,0,0,0,0,0,0,0,0
Lakshadweep,2007,Attempt To Commit Murder,0,0,0,10,0,10,0,0,0,0,0,0,10,0,10
Lakshadweep,2007,C.H. Not Amounting To Murder,0,0,0,0,0,0,0,0,0,0,0,0,0,0,0
Lakshadweep,2007,Rape,0,0,0,0,0,0,1,0,1,0,0,0,1,0,1
Lakshadweep,2007,Kidnapping And Abduction,0,0,0,0,0,0,0,0,0,0,0,0,0,0,0
Lakshadweep,2007,Dacoity,0,0,0,0,0,0,0,0,0,0,0,0,0,0,0
Lakshadweep,2007,Prep. And Assembly For Dacoity,0,0,0,0,0,0,0,0,0,0,0,0,0,0,0
Lakshadweep,2007,Robbery,0,0,0,0,0,0,0,0,0,0,0,0,0,0,0
Lakshadweep,2007,Burglary,0,0,0,0,0,0,0,0,0,0,0,0,0,0,0
Lakshadweep,2007,Thefts,0,0,0,0,0,0,0,0,0,0,0,0,0,0,0
Lakshadweep,2007,Extortion,0,0,0,0,0,0,0,0,0,0,0,0,0,0,0
Lakshadweep,2007,Riots,0,0,0,0,0,0,0,0,0,0,0,0,0,0,0
Lakshadweep,2007,Arson,0,0,0,0,0,0,0,0,0,0,0,0,0,0,0
Lakshadweep,2007,Criminal Breach Of Trust,0,0,0,0,0,0,0,0,0,0,0,0,0,0,0
Lakshadweep,2007,Cheating,0,0,0,0,0,0,0,0,0,0,0,0,0,0,0
Lakshadweep,2007,Counter Feiting,0,0,0,0,0,0,0,0,0,0,0,0,0,0,0
Lakshadweep,2007,Dowry Deaths,0,0,0,0,0,0,0,0,0,0,0,0,0,0,0
Lakshadweep,2007,Molestation,0,0,0,0,0,0,0,0,0,0,0,0,0,0,0
Lakshadweep,2007,Eve-Teasing,0,0,0,0,0,0,0,0,0,0,0,0,0,0,0
Lakshadweep,2007,Cruelty By Husband Or Relative Of Husband,0,0,0,0,0,0,0,0,0,0,0,0,0,0,0
Lakshadweep,2007,Other Ipc Crimes,0,0,0,0,0,0,0,0,0,0,0,0,0,0,0
Lakshadweep,2008,Murder,0,0,0,0,0,0,0,0,0,0,0,0,0,0,0
Lakshadweep,2008,Attempt To Commit Murder,0,0,0,0,0,0,0,0,0,1,0,1,1,0,1
Lakshadweep,2008,C.H. Not Amounting To Murder,0,0,0,0,0,0,0,0,0,0,0,0,0,0,0
Lakshadweep,2008,Rape,0,0,0,0,0,0,1,0,1,0,0,0,1,0,1
Lakshadweep,2008,Kidnapping And Abduction,0,0,0,0,0,0,0,0,0,0,0,0,0,0,0
Lakshadweep,2008,Dacoity,0,0,0,0,0,0,0,0,0,0,0,0,0,0,0
Lakshadweep,2008,Prep. And Assembly For Dacoity,0,0,0,0,0,0,0,0,0,0,0,0,0,0,0
Lakshadweep,2008,Robbery,0,0,0,0,0,0,0,0,0,0,0,0,0,0,0
Lakshadweep,2008,Burglary,0,0,0,0,0,0,0,0,0,0,0,0,0,0,0
Lakshadweep,2008,Thefts,0,0,0,0,0,0,0,0,0,0,0,0,0,0,0
Lakshadweep,2008,Extortion,0,0,0,0,0,0,0,0,0,0,0,0,0,0,0
Lakshadweep,2008,Riots,0,0,0,0,0,0,0,0,0,0,0,0,0,0,0
Lakshadweep,2008,Arson,0,0,0,0,0,0,0,0,0,0,0,0,0,0,0
Lakshadweep,2008,Criminal Breach Of Trust,0,0,0,0,0,0,0,0,0,0,0,0,0,0,0
Lakshadweep,2008,Cheating,0,0,0,0,0,0,0,0,0,0,0,0,0,0,0
Lakshadweep,2008,Counter Feiting,0,0,0,0,0,0,0,0,0,0,0,0,0,0,0
Lakshadweep,2008,Dowry Deaths,0,0,0,0,0,0,0,0,0,0,0,0,0,0,0
Lakshadweep,2008,Molestation,0,0,0,0,0,0,0,0,0,0,0,0,0,0,0
Lakshadweep,2008,Eve-Teasing,0,0,0,0,0,0,0,0,0,0,0,0,0,0,0
Lakshadweep,2008,Cruelty By Husband Or Relative Of Husband,0,0,0,0,0,0,0,0,0,0,0,0,0,0,0
Lakshadweep,2008,Other Ipc Crimes,0,0,0,1,0,1,14,0,14,1,0,1,16,0,16
Lakshadweep,2009,Murder,0,0,0,0,0,0,0,0,0,0,0,0,0,0,0
Lakshadweep,2009,Attempt To Commit Murder,0,0,0,0,0,0,0,0,0,0,0,0,0,0,0
Lakshadweep,2009,C.H. Not Amounting To Murder,0,0,0,0,0,0,0,0,0,0,0,0,0,0,0
Lakshadweep,2009,Rape,0,0,0,0,0,0,0,0,0,0,0,0,0,0,0
Lakshadweep,2009,Kidnapping And Abduction,0,0,0,0,0,0,0,0,0,0,0,0,0,0,0
Lakshadweep,2009,Dacoity,0,0,0,0,0,0,0,0,0,0,0,0,0,0,0
Lakshadweep,2009,Prep. And Assembly For Dacoity,0,0,0,0,0,0,0,0,0,0,0,0,0,0,0
Lakshadweep,2009,Robbery,0,0,0,0,0,0,0,0,0,0,0,0,0,0,0
Lakshadweep,2009,Burglary,0,0,0,0,0,0,0,0,0,0,0,0,0,0,0
Lakshadweep,2009,Thefts,0,0,0,0,0,0,0,0,0,0,0,0,0,0,0
Lakshadweep,2009,Extortion,0,0,0,0,0,0,0,0,0,0,0,0,0,0,0
Lakshadweep,2009,Riots,0,0,0,0,0,0,0,0,0,0,0,0,0,0,0
Lakshadweep,2009,Arson,0,0,0,0,0,0,0,0,0,0,0,0,0,0,0
Lakshadweep,2009,Criminal Breach Of Trust,0,0,0,0,0,0,0,0,0,0,0,0,0,0,0
Lakshadweep,2009,Cheating,0,0,0,0,0,0,0,0,0,0,0,0,0,0,0
Lakshadweep,2009,Counter Feiting,0,0,0,0,0,0,0,0,0,0,0,0,0,0,0
Lakshadweep,2009,Dowry Deaths,0,0,0,0,0,0,0,0,0,0,0,0,0,0,0
Lakshadweep,2009,Molestation,0,0,0,0,0,0,0,0,0,0,0,0,0,0,0
Lakshadweep,2009,Eve-Teasing,0,0,0,0,0,0,0,0,0,0,0,0,0,0,0
Lakshadweep,2009,Cruelty By Husband Or Relative Of Husband,0,0,0,0,0,0,0,0,0,0,0,0,0,0,0
Lakshadweep,2009,Other Ipc Crimes,0,0,0,6,0,6,34,0,34,3,0,3,43,0,43
Lakshadweep,2010,Murder,0,0,0,0,0,0,0,0,0,0,0,0,0,0,0
Lakshadweep,2010,Attempt To Commit Murder,0,0,0,0,0,0,0,0,0,0,0,0,0,0,0
Lakshadweep,2010,C.H. Not Amounting To Murder,0,0,0,0,0,0,0,0,0,0,0,0,0,0,0
Lakshadweep,2010,Rape,0,0,0,0,0,0,0,0,0,0,0,0,0,0,0
Lakshadweep,2010,Kidnapping And Abduction,0,0,0,0,0,0,0,0,0,0,0,0,0,0,0
Lakshadweep,2010,Dacoity,0,0,0,0,0,0,0,0,0,0,0,0,0,0,0
Lakshadweep,2010,Prep. And Assembly For Dacoity,0,0,0,0,0,0,0,0,0,0,0,0,0,0,0
Lakshadweep,2010,Robbery,0,0,0,0,0,0,0,0,0,0,0,0,0,0,0
Lakshadweep,2010,Burglary,0,0,0,1,0,1,1,0,1,0,0,0,2,0,2
Lakshadweep,2010,Thefts,0,0,0,0,0,0,0,0,0,0,0,0,0,0,0
Lakshadweep,2010,Extortion,0,0,0,0,0,0,0,0,0,0,0,0,0,0,0
Lakshadweep,2010,Riots,0,0,0,0,0,0,0,0,0,0,0,0,0,0,0
Lakshadweep,2010,Arson,0,0,0,0,0,0,0,0,0,0,0,0,0,0,0
Lakshadweep,2010,Criminal Breach Of Trust,0,0,0,0,0,0,0,0,0,0,0,0,0,0,0
Lakshadweep,2010,Cheating,0,0,0,0,0,0,0,0,0,0,0,0,0,0,0
Lakshadweep,2010,Counter Feiting,0,0,0,0,0,0,0,0,0,0,0,0,0,0,0
Lakshadweep,2010,Dowry Deaths,0,0,0,0,0,0,0,0,0,0,0,0,0,0,0
Lakshadweep,2010,Molestation,0,0,0,0,0,0,0,0,0,0,0,0,0,0,0
Lakshadweep,2010,Eve-Teasing,0,0,0,0,0,0,0,0,0,0,0,0,0,0,0
Lakshadweep,2010,Cruelty By Husband Or Relative Of Husband,0,0,0,0,0,0,0,0,0,0,0,0,0,0,0
Lakshadweep,2010,Other Ipc Crimes,0,0,0,18,0,18,7,0,7,0,0,0,25,0,25
Lakshadweep,2011,Murder,0,0,0,0,0,0,0,0,0,0,0,0,0,0,0
Lakshadweep,2011,Attempt To Commit Murder,1,0,1,0,1,1,0,0,0,0,0,0,1,1,2
Lakshadweep,2011,C.H. Not Amounting To Murder,0,0,0,0,0,0,0,0,0,0,0,0,0,0,0
Lakshadweep,2011,Rape,0,0,0,0,0,0,0,0,0,0,0,0,0,0,0
Lakshadweep,2011,Kidnapping And Abduction,0,0,0,0,0,0,0,0,0,0,0,0,0,0,0
Lakshadweep,2011,Dacoity,0,0,0,0,0,0,0,0,0,0,0,0,0,0,0
Lakshadweep,2011,Prep. And Assembly For Dacoity,0,0,0,0,0,0,0,0,0,0,0,0,0,0,0
Lakshadweep,2011,Robbery,0,0,0,0,0,0,0,0,0,0,0,0,0,0,0
Lakshadweep,2011,Burglary,0,0,0,0,0,0,0,0,0,0,0,0,0,0,0
Lakshadweep,2011,Thefts,0,0,0,0,0,0,0,0,0,0,0,0,0,0,0
Lakshadweep,2011,Extortion,0,0,0,0,0,0,0,0,0,0,0,0,0,0,0
Lakshadweep,2011,Riots,0,0,0,0,0,0,0,0,0,0,0,0,0,0,0
Lakshadweep,2011,Arson,0,0,0,0,0,0,0,0,0,0,0,0,0,0,0
Lakshadweep,2011,Criminal Breach Of Trust,0,0,0,0,0,0,0,0,0,0,0,0,0,0,0
Lakshadweep,2011,Cheating,0,0,0,0,0,0,0,0,0,0,0,0,0,0,0
Lakshadweep,2011,Counter Feiting,0,0,0,0,0,0,0,0,0,0,0,0,0,0,0
Lakshadweep,2011,Dowry Deaths,0,0,0,0,0,0,0,0,0,0,0,0,0,0,0
Lakshadweep,2011,Molestation,0,0,0,0,0,0,0,0,0,0,0,0,0,0,0
Lakshadweep,2011,Eve-Teasing,0,0,0,0,0,0,0,0,0,0,0,0,0,0,0
Lakshadweep,2011,Cruelty By Husband Or Relative Of Husband,0,0,0,0,0,0,0,0,0,0,0,0,0,0,0
Lakshadweep,2011,Other Ipc Crimes,0,0,0,15,0,15,13,0,13,0,0,0,28,0,28
Lakshadweep,2012,Murder,0,0,0,0,0,0,0,0,0,0,0,0,0,0,0
Lakshadweep,2012,Attempt To Commit Murder,0,0,0,0,0,0,0,0,0,0,0,0,0,0,0
Lakshadweep,2012,C.H. Not Amounting To Murder,0,0,0,0,0,0,0,0,0,0,0,0,0,0,0
Lakshadweep,2012,Rape,0,0,0,0,0,0,0,0,0,0,0,0,0,0,0
Lakshadweep,2012,Kidnapping And Abduction,0,0,0,0,0,0,0,0,0,0,0,0,0,0,0
Lakshadweep,2012,Dacoity,0,0,0,0,0,0,0,0,0,0,0,0,0,0,0
Lakshadweep,2012,Prep. And Assembly For Dacoity,0,0,0,0,0,0,0,0,0,0,0,0,0,0,0
Lakshadweep,2012,Robbery,0,0,0,0,0,0,0,0,0,0,0,0,0,0,0
Lakshadweep,2012,Burglary,0,0,0,0,0,0,0,0,0,0,0,0,0,0,0
Lakshadweep,2012,Thefts,0,0,0,0,0,0,0,0,0,0,0,0,0,0,0
Lakshadweep,2012,Extortion,0,0,0,0,0,0,0,0,0,0,0,0,0,0,0
Lakshadweep,2012,Riots,0,0,0,0,0,0,0,0,0,0,0,0,0,0,0
Lakshadweep,2012,Arson,0,0,0,0,0,0,0,0,0,0,0,0,0,0,0
Lakshadweep,2012,Criminal Breach Of Trust,0,0,0,0,0,0,0,0,0,0,0,0,0,0,0
Lakshadweep,2012,Cheating,0,0,0,0,0,0,0,0,0,0,0,0,0,0,0
Lakshadweep,2012,Counter Feiting,0,0,0,0,0,0,0,0,0,0,0,0,0,0,0
Lakshadweep,2012,Dowry Deaths,0,0,0,0,0,0,0,0,0,0,0,0,0,0,0
Lakshadweep,2012,Molestation,0,0,0,0,0,0,0,0,0,0,0,0,0,0,0
Lakshadweep,2012,Eve-Teasing,0,0,0,0,0,0,0,0,0,0,0,0,0,0,0
Lakshadweep,2012,Cruelty By Husband Or Relative Of Husband,0,0,0,0,0,0,0,0,0,0,0,0,0,0,0
Lakshadweep,2012,Other Ipc Crimes,0,0,0,0,0,0,0,0,0,0,0,0,0,0,0
Pondicherry,2001,Murder,0,0,0,39,0,39,16,0,16,0,0,0,55,0,55
Pondicherry,2001,Attempt To Commit Murder,0,0,0,10,0,10,10,0,10,0,0,0,20,0,20
Pondicherry,2001,C.H. Not Amounting To Murder,0,0,0,3,0,3,0,0,0,2,0,2,5,0,5
Pondicherry,2001,Rape,0,0,0,1,0,1,1,0,1,1,0,1,3,0,3
Pondicherry,2001,Kidnapping And Abduction,0,0,0,0,0,0,0,0,0,0,0,0,0,0,0
Pondicherry,2001,Dacoity,0,0,0,0,0,0,0,0,0,0,0,0,0,0,0
Pondicherry,2001,Prep. And Assembly For Dacoity,0,0,0,0,0,0,0,0,0,0,0,0,0,0,0
Pondicherry,2001,Robbery,0,0,0,5,0,5,1,0,1,0,0,0,6,0,6
Pondicherry,2001,Burglary,0,0,0,0,0,0,6,0,6,2,0,2,8,0,8
Pondicherry,2001,Thefts,0,0,0,22,0,22,8,0,8,4,0,4,34,0,34
Pondicherry,2001,Extortion,0,0,0,0,0,0,0,0,0,0,0,0,0,0,0
Pondicherry,2001,Riots,0,0,0,0,0,0,0,0,0,0,0,0,0,0,0
Pondicherry,2001,Arson,0,0,0,0,0,0,0,0,0,0,0,0,0,0,0
Pondicherry,2001,Criminal Breach Of Trust,0,0,0,0,0,0,0,0,0,0,0,0,0,0,0
Pondicherry,2001,Cheating,0,0,0,0,0,0,1,0,1,0,0,0,1,0,1
Pondicherry,2001,Counter Feiting,0,0,0,0,0,0,1,0,1,0,0,0,1,0,1
Pondicherry,2001,Dowry Deaths,0,0,0,0,0,0,0,0,0,0,0,0,0,0,0
Pondicherry,2001,Molestation,0,0,0,0,0,0,0,0,0,0,0,0,0,0,0
Pondicherry,2001,Eve-Teasing,0,0,0,0,0,0,0,0,0,0,0,0,0,0,0
Pondicherry,2001,Cruelty By Husband Or Relative Of Husband,0,0,0,0,0,0,0,0,0,0,0,0,0,0,0
Pondicherry,2001,Other Ipc Crimes,0,0,0,4,0,4,0,0,0,2,0,2,6,0,6
Pondicherry,2002,Murder,0,0,0,22,0,22,17,0,17,0,0,0,39,0,39
Pondicherry,2002,Attempt To Commit Murder,0,0,0,9,0,9,8,0,8,0,0,0,17,0,17
Pondicherry,2002,C.H. Not Amounting To Murder,0,0,0,0,0,0,0,0,0,0,0,0,0,0,0
Pondicherry,2002,Rape,0,0,0,0,0,0,1,0,1,0,0,0,1,0,1
Pondicherry,2002,Kidnapping And Abduction,0,0,0,0,0,0,8,0,8,0,0,0,8,0,8
Pondicherry,2002,Dacoity,0,0,0,0,0,0,0,0,0,0,0,0,0,0,0
Pondicherry,2002,Prep. And Assembly For Dacoity,0,0,0,0,0,0,0,0,0,0,0,0,0,0,0
Pondicherry,2002,Robbery,0,0,0,0,0,0,0,0,0,0,0,0,0,0,0
Pondicherry,2002,Burglary,0,0,0,0,0,0,4,0,4,0,0,0,4,0,4
Pondicherry,2002,Thefts,0,0,0,2,0,2,0,0,0,7,0,7,9,0,9
Pondicherry,2002,Extortion,0,0,0,0,0,0,0,0,0,0,0,0,0,0,0
Pondicherry,2002,Riots,0,0,0,0,0,0,0,0,0,0,0,0,0,0,0
Pondicherry,2002,Arson,0,0,0,0,0,0,0,0,0,0,0,0,0,0,0
Pondicherry,2002,Criminal Breach Of Trust,0,0,0,0,0,0,0,0,0,0,0,0,0,0,0
Pondicherry,2002,Cheating,0,0,0,0,0,0,3,0,3,0,0,0,3,0,3
Pondicherry,2002,Counter Feiting,0,0,0,0,0,0,0,0,0,0,0,0,0,0,0
Pondicherry,2002,Dowry Deaths,0,0,0,0,0,0,0,0,0,0,0,0,0,0,0
Pondicherry,2002,Molestation,0,0,0,0,0,0,0,0,0,0,0,0,0,0,0
Pondicherry,2002,Eve-Teasing,0,0,0,6,0,6,0,0,0,0,0,0,6,0,6
Pondicherry,2002,Cruelty By Husband Or Relative Of Husband,0,0,0,0,0,0,0,0,0,0,0,0,0,0,0
Pondicherry,2002,Other Ipc Crimes,0,0,0,0,0,0,0,0,0,0,0,0,0,0,0
Pondicherry,2003,Murder,0,0,0,47,0,47,13,0,13,0,0,0,60,0,60
Pondicherry,2003,Attempt To Commit Murder,0,0,0,9,0,9,5,0,5,0,0,0,14,0,14
Pondicherry,2003,C.H. Not Amounting To Murder,0,0,0,0,0,0,0,0,0,0,0,0,0,0,0
Pondicherry,2003,Rape,0,0,0,0,0,0,2,0,2,0,0,0,2,0,2
Pondicherry,2003,Kidnapping And Abduction,0,0,0,0,0,0,0,0,0,0,0,0,0,0,0
Pondicherry,2003,Dacoity,0,0,0,0,0,0,0,0,0,0,0,0,0,0,0
Pondicherry,2003,Prep. And Assembly For Dacoity,0,0,0,0,0,0,0,0,0,0,0,0,0,0,0
Pondicherry,2003,Robbery,0,0,0,4,0,4,0,0,0,0,0,0,4,0,4
Pondicherry,2003,Burglary,0,0,0,0,0,0,4,0,4,0,0,0,4,0,4
Pondicherry,2003,Thefts,0,0,0,17,0,17,6,0,6,0,0,0,23,0,23
Pondicherry,2003,Extortion,0,0,0,0,0,0,0,0,0,0,0,0,0,0,0
Pondicherry,2003,Riots,0,0,0,0,0,0,0,0,0,0,0,0,0,0,0
Pondicherry,2003,Arson,0,0,0,0,0,0,0,0,0,0,0,0,0,0,0
Pondicherry,2003,Criminal Breach Of Trust,0,0,0,0,0,0,0,0,0,0,0,0,0,0,0
Pondicherry,2003,Cheating,0,0,0,0,0,0,3,0,3,0,0,0,3,0,3
Pondicherry,2003,Counter Feiting,0,0,0,0,0,0,0,0,0,3,0,3,3,0,3
Pondicherry,2003,Dowry Deaths,0,0,0,0,0,0,0,0,0,0,0,0,0,0,0
Pondicherry,2003,Molestation,0,0,0,0,0,0,0,0,0,0,0,0,0,0,0
Pondicherry,2003,Eve-Teasing,0,0,0,6,0,6,0,0,0,0,0,0,6,0,6
Pondicherry,2003,Cruelty By Husband Or Relative Of Husband,0,0,0,0,0,0,0,0,0,0,0,0,0,0,0
Pondicherry,2003,Other Ipc Crimes,0,0,0,0,0,0,6,0,6,5,0,5,11,0,11
Pondicherry,2004,Murder,0,0,0,22,1,23,9,0,9,0,0,0,31,1,32
Pondicherry,2004,Attempt To Commit Murder,0,0,0,9,0,9,3,0,3,0,0,0,12,0,12
Pondicherry,2004,C.H. Not Amounting To Murder,0,0,0,2,0,2,4,0,4,0,0,0,6,0,6
Pondicherry,2004,Rape,0,0,0,0,0,0,0,0,0,0,0,0,0,0,0
Pondicherry,2004,Kidnapping And Abduction,0,0,0,1,0,1,0,0,0,0,0,0,1,0,1
Pondicherry,2004,Dacoity,0,0,0,0,0,0,0,0,0,0,0,0,0,0,0
Pondicherry,2004,Prep. And Assembly For Dacoity,0,0,0,0,0,0,0,0,0,0,0,0,0,0,0
Pondicherry,2004,Robbery,0,0,0,1,0,1,0,0,0,0,0,0,1,0,1
Pondicherry,2004,Burglary,0,0,0,3,0,3,2,0,2,0,0,0,5,0,5
Pondicherry,2004,Thefts,0,0,0,19,0,19,37,0,37,0,0,0,56,0,56
Pondicherry,2004,Extortion,0,0,0,0,0,0,0,0,0,0,0,0,0,0,0
Pondicherry,2004,Riots,0,0,0,0,0,0,5,0,5,0,0,0,5,0,5
Pondicherry,2004,Arson,0,0,0,0,0,0,2,0,2,0,0,0,2,0,2
Pondicherry,2004,Criminal Breach Of Trust,0,0,0,0,0,0,5,0,5,0,0,0,5,0,5
Pondicherry,2004,Cheating,0,0,0,0,0,0,1,0,1,0,0,0,1,0,1
Pondicherry,2004,Counter Feiting,0,0,0,0,0,0,0,0,0,0,0,0,0,0,0
Pondicherry,2004,Dowry Deaths,0,0,0,0,0,0,0,0,0,0,0,0,0,0,0
Pondicherry,2004,Molestation,0,0,0,0,0,0,0,0,0,0,0,0,0,0,0
Pondicherry,2004,Eve-Teasing,0,0,0,0,0,0,0,0,0,0,0,0,0,0,0
Pondicherry,2004,Cruelty By Husband Or Relative Of Husband,0,0,0,0,0,0,0,0,0,0,0,0,0,0,0
Pondicherry,2004,Other Ipc Crimes,0,0,0,5,0,5,28,0,28,8,0,8,41,0,41
Pondicherry,2005,Murder,0,0,0,30,0,30,14,0,14,6,0,6,50,0,50
Pondicherry,2005,Attempt To Commit Murder,0,0,0,9,0,9,3,0,3,0,0,0,12,0,12
Pondicherry,2005,C.H. Not Amounting To Murder,0,0,0,4,0,4,0,0,0,0,0,0,4,0,4
Pondicherry,2005,Rape,0,0,0,2,0,2,1,0,1,0,0,0,3,0,3
Pondicherry,2005,Kidnapping And Abduction,0,0,0,4,0,4,2,0,2,0,0,0,6,0,6
Pondicherry,2005,Dacoity,0,0,0,5,0,5,0,0,0,0,0,0,5,0,5
Pondicherry,2005,Prep. And Assembly For Dacoity,0,0,0,0,0,0,2,0,2,0,0,0,2,0,2
Pondicherry,2005,Robbery,0,0,0,2,0,2,2,0,2,0,0,0,4,0,4
Pondicherry,2005,Burglary,0,0,0,8,0,8,0,0,0,12,0,12,20,0,20
Pondicherry,2005,Thefts,0,0,0,11,1,12,8,0,8,6,0,6,25,1,26
Pondicherry,2005,Extortion,0,0,0,0,0,0,0,0,0,0,0,0,0,0,0
Pondicherry,2005,Riots,0,0,0,0,0,0,0,0,0,0,0,0,0,0,0
Pondicherry,2005,Arson,0,0,0,0,0,0,0,0,0,0,0,0,0,0,0
Pondicherry,2005,Criminal Breach Of Trust,0,0,0,0,0,0,0,0,0,0,0,0,0,0,0
Pondicherry,2005,Cheating,0,0,0,0,0,0,3,0,3,2,0,2,5,0,5
Pondicherry,2005,Counter Feiting,0,0,0,4,0,4,0,0,0,0,0,0,4,0,4
Pondicherry,2005,Dowry Deaths,0,0,0,0,0,0,0,0,0,0,0,0,0,0,0
Pondicherry,2005,Molestation,0,0,0,0,0,0,0,0,0,0,0,0,0,0,0
Pondicherry,2005,Eve-Teasing,0,0,0,0,0,0,2,0,2,0,0,0,2,0,2
Pondicherry,2005,Cruelty By Husband Or Relative Of Husband,0,0,0,0,0,0,0,0,0,0,0,0,0,0,0
Pondicherry,2005,Other Ipc Crimes,0,0,0,3,0,3,6,0,6,7,0,7,16,0,16
Pondicherry,2006,Murder,0,0,0,38,1,39,8,0,8,2,0,2,48,1,49
Pondicherry,2006,Attempt To Commit Murder,0,0,0,8,0,8,5,0,5,0,0,0,13,0,13
Pondicherry,2006,C.H. Not Amounting To Murder,0,0,0,4,0,4,3,0,3,2,0,2,9,0,9
Pondicherry,2006,Rape,0,0,0,6,0,6,2,0,2,1,0,1,9,0,9
Pondicherry,2006,Kidnapping And Abduction,0,0,0,11,0,11,5,0,5,2,0,2,18,0,18
Pondicherry,2006,Dacoity,0,0,0,0,0,0,3,0,3,0,0,0,3,0,3
Pondicherry,2006,Prep. And Assembly For Dacoity,0,0,0,4,0,4,6,0,6,0,0,0,10,0,10
Pondicherry,2006,Robbery,0,0,0,0,0,0,3,0,3,0,0,0,3,0,3
Pondicherry,2006,Burglary,0,0,0,22,0,22,20,0,20,0,0,0,42,0,42
Pondicherry,2006,Thefts,0,0,0,5,0,5,7,0,7,5,0,5,17,0,17
Pondicherry,2006,Extortion,0,0,0,0,0,0,0,0,0,0,0,0,0,0,0
Pondicherry,2006,Riots,0,0,0,0,0,0,0,0,0,0,0,0,0,0,0
Pondicherry,2006,Arson,0,0,0,0,0,0,0,0,0,0,0,0,0,0,0
Pondicherry,2006,Criminal Breach Of Trust,0,0,0,0,0,0,0,0,0,0,0,0,0,0,0
Pondicherry,2006,Cheating,0,0,0,1,0,1,0,0,0,0,0,0,1,0,1
Pondicherry,2006,Counter Feiting,0,0,0,1,0,1,0,0,0,0,0,0,1,0,1
Pondicherry,2006,Dowry Deaths,0,0,0,0,0,0,0,0,0,0,0,0,0,0,0
Pondicherry,2006,Molestation,0,0,0,0,0,0,0,0,0,0,0,0,0,0,0
Pondicherry,2006,Eve-Teasing,0,0,0,0,0,0,0,0,0,0,0,0,0,0,0
Pondicherry,2006,Cruelty By Husband Or Relative Of Husband,0,0,0,1,0,1,1,0,1,0,0,0,2,0,2
Pondicherry,2006,Other Ipc Crimes,0,0,0,3,0,3,2,0,2,3,0,3,8,0,8
Pondicherry,2007,Murder,0,0,0,36,2,38,17,0,17,6,0,6,59,2,61
Pondicherry,2007,Attempt To Commit Murder,0,0,0,10,0,10,6,0,6,1,0,1,17,0,17
Pondicherry,2007,C.H. Not Amounting To Murder,0,0,0,6,0,6,0,0,0,0,0,0,6,0,6
Pondicherry,2007,Rape,0,0,0,4,0,4,2,0,2,0,0,0,6,0,6
Pondicherry,2007,Kidnapping And Abduction,0,0,0,13,0,13,6,0,6,5,0,5,24,0,24
Pondicherry,2007,Dacoity,0,0,0,0,0,0,0,0,0,0,0,0,0,0,0
Pondicherry,2007,Prep. And Assembly For Dacoity,0,0,0,8,0,8,0,0,0,0,0,0,8,0,8
Pondicherry,2007,Robbery,0,0,0,5,0,5,8,0,8,0,0,0,13,0,13
Pondicherry,2007,Burglary,0,0,0,11,0,11,7,0,7,6,0,6,24,0,24
Pondicherry,2007,Thefts,0,0,0,16,0,16,22,0,22,9,0,9,47,0,47
Pondicherry,2007,Extortion,0,0,0,0,0,0,0,0,0,0,0,0,0,0,0
Pondicherry,2007,Riots,0,0,0,0,0,0,0,0,0,0,0,0,0,0,0
Pondicherry,2007,Arson,0,0,0,0,0,0,0,0,0,0,0,0,0,0,0
Pondicherry,2007,Criminal Breach Of Trust,0,0,0,0,0,0,0,0,0,0,0,0,0,0,0
Pondicherry,2007,Cheating,0,0,0,4,0,4,2,0,2,0,0,0,6,0,6
Pondicherry,2007,Counter Feiting,0,0,0,0,0,0,0,0,0,0,0,0,0,0,0
Pondicherry,2007,Dowry Deaths,0,0,0,0,0,0,0,0,0,0,0,0,0,0,0
Pondicherry,2007,Molestation,0,0,0,0,0,0,0,0,0,0,0,0,0,0,0
Pondicherry,2007,Eve-Teasing,0,0,0,0,0,0,0,0,0,1,0,1,1,0,1
Pondicherry,2007,Cruelty By Husband Or Relative Of Husband,0,0,0,0,0,0,0,0,0,0,0,0,0,0,0
Pondicherry,2007,Other Ipc Crimes,0,0,0,0,0,0,0,0,0,0,0,0,0,0,0
Pondicherry,2008,Murder,0,0,0,62,2,64,24,0,24,0,0,0,86,2,88
Pondicherry,2008,Attempt To Commit Murder,0,0,0,0,0,0,9,0,9,1,0,1,10,0,10
Pondicherry,2008,C.H. Not Amounting To Murder,0,0,0,7,0,7,2,0,2,1,0,1,10,0,10
Pondicherry,2008,Rape,0,0,0,0,0,0,1,0,1,0,0,0,1,0,1
Pondicherry,2008,Kidnapping And Abduction,0,0,0,12,0,12,5,0,5,2,0,2,19,0,19
Pondicherry,2008,Dacoity,0,0,0,0,0,0,0,0,0,0,0,0,0,0,0
Pondicherry,2008,Prep. And Assembly For Dacoity,0,0,0,0,0,0,0,0,0,0,0,0,0,0,0
Pondicherry,2008,Robbery,0,0,0,2,0,2,7,0,7,0,0,0,9,0,9
Pondicherry,2008,Burglary,0,0,0,0,0,0,0,0,0,0,0,0,0,0,0
Pondicherry,2008,Thefts,0,0,0,0,1,1,8,2,10,5,0,5,13,3,16
Pondicherry,2008,Extortion,0,0,0,0,0,0,0,0,0,0,0,0,0,0,0
Pondicherry,2008,Riots,0,0,0,0,0,0,0,0,0,0,0,0,0,0,0
Pondicherry,2008,Arson,0,0,0,0,0,0,0,0,0,0,0,0,0,0,0
Pondicherry,2008,Criminal Breach Of Trust,0,0,0,0,0,0,0,0,0,0,0,0,0,0,0
Pondicherry,2008,Cheating,0,0,0,0,0,0,0,0,0,4,0,4,4,0,4
Pondicherry,2008,Counter Feiting,0,0,0,0,0,0,0,0,0,0,0,0,0,0,0
Pondicherry,2008,Dowry Deaths,0,0,0,4,0,4,0,0,0,0,0,0,4,0,4
Pondicherry,2008,Molestation,0,0,0,3,0,3,0,0,0,0,0,0,3,0,3
Pondicherry,2008,Eve-Teasing,0,0,0,5,0,5,0,0,0,0,0,0,5,0,5
Pondicherry,2008,Cruelty By Husband Or Relative Of Husband,0,0,0,2,0,2,0,0,0,0,0,0,2,0,2
Pondicherry,2008,Other Ipc Crimes,0,0,0,0,0,0,2,0,2,0,0,0,2,0,2
Pondicherry,2009,Murder,0,0,0,12,0,12,9,1,10,1,0,1,22,1,23
Pondicherry,2009,Attempt To Commit Murder,0,0,0,2,0,2,9,0,9,0,0,0,11,0,11
Pondicherry,2009,C.H. Not Amounting To Murder,0,0,0,0,0,0,1,0,1,0,0,0,1,0,1
Pondicherry,2009,Rape,0,0,0,1,0,1,0,0,0,0,0,0,1,0,1
Pondicherry,2009,Kidnapping And Abduction,0,0,0,10,0,10,4,0,4,0,0,0,14,0,14
Pondicherry,2009,Dacoity,0,0,0,1,0,1,0,0,0,0,0,0,1,0,1
Pondicherry,2009,Prep. And Assembly For Dacoity,0,0,0,1,0,1,0,0,0,0,0,0,1,0,1
Pondicherry,2009,Robbery,0,0,0,0,0,0,2,0,2,0,0,0,2,0,2
Pondicherry,2009,Burglary,0,0,0,2,0,2,0,0,0,0,0,0,2,0,2
Pondicherry,2009,Thefts,0,0,0,14,0,14,5,0,5,1,0,1,20,0,20
Pondicherry,2009,Extortion,0,0,0,0,0,0,0,0,0,0,0,0,0,0,0
Pondicherry,2009,Riots,0,0,0,0,0,0,0,0,0,0,0,0,0,0,0
Pondicherry,2009,Arson,0,0,0,0,0,0,0,0,0,0,0,0,0,0,0
Pondicherry,2009,Criminal Breach Of Trust,0,0,0,0,0,0,0,0,0,0,0,0,0,0,0
Pondicherry,2009,Cheating,0,0,0,0,0,0,0,0,0,0,0,0,0,0,0
Pondicherry,2009,Counter Feiting,0,0,0,0,0,0,0,0,0,0,0,0,0,0,0
Pondicherry,2009,Dowry Deaths,0,0,0,0,0,0,0,0,0,0,0,0,0,0,0
Pondicherry,2009,Molestation,0,0,0,0,0,0,0,0,0,0,0,0,0,0,0
Pondicherry,2009,Eve-Teasing,0,0,0,0,0,0,0,0,0,0,0,0,0,0,0
Pondicherry,2009,Cruelty By Husband Or Relative Of Husband,0,0,0,0,0,0,0,0,0,0,0,0,0,0,0
Pondicherry,2009,Other Ipc Crimes,0,0,0,8,0,8,10,0,10,0,0,0,18,0,18
Pondicherry,2010,Murder,0,0,0,21,0,21,6,0,6,1,0,1,28,0,28
Pondicherry,2010,Attempt To Commit Murder,0,0,0,6,0,6,2,0,2,0,0,0,8,0,8
Pondicherry,2010,C.H. Not Amounting To Murder,0,0,0,0,0,0,3,1,4,0,0,0,3,1,4
Pondicherry,2010,Rape,0,0,0,0,0,0,1,0,1,0,0,0,1,0,1
Pondicherry,2010,Kidnapping And Abduction,0,0,0,1,1,2,0,0,0,0,0,0,1,1,2
Pondicherry,2010,Dacoity,0,0,0,0,0,0,0,0,0,0,0,0,0,0,0
Pondicherry,2010,Prep. And Assembly For Dacoity,0,0,0,2,0,2,0,0,0,0,0,0,2,0,2
Pondicherry,2010,Robbery,0,0,0,8,0,8,0,0,0,0,0,0,8,0,8
Pondicherry,2010,Burglary,0,0,0,3,0,3,3,0,3,0,0,0,6,0,6
Pondicherry,2010,Thefts,0,0,0,13,2,15,6,0,6,0,0,0,19,2,21
Pondicherry,2010,Extortion,0,0,0,1,0,1,1,0,1,0,0,0,2,0,2
Pondicherry,2010,Riots,0,0,0,0,0,0,0,0,0,0,0,0,0,0,0
Pondicherry,2010,Arson,0,0,0,0,0,0,0,0,0,0,0,0,0,0,0
Pondicherry,2010,Criminal Breach Of Trust,0,0,0,0,0,0,0,0,0,0,0,0,0,0,0
Pondicherry,2010,Cheating,0,0,0,1,0,1,0,0,0,0,0,0,1,0,1
Pondicherry,2010,Counter Feiting,0,0,0,0,0,0,0,0,0,0,0,0,0,0,0
Pondicherry,2010,Dowry Deaths,0,0,0,0,0,0,0,0,0,0,0,0,0,0,0
Pondicherry,2010,Molestation,0,0,0,0,0,0,0,0,0,0,0,0,0,0,0
Pondicherry,2010,Eve-Teasing,0,0,0,0,0,0,0,0,0,0,0,0,0,0,0
Pondicherry,2010,Cruelty By Husband Or Relative Of Husband,0,0,0,0,0,0,0,0,0,0,0,0,0,0,0
Pondicherry,2010,Other Ipc Crimes,0,0,0,19,0,19,6,0,6,2,0,2,27,0,27
Pondicherry,2011,Murder,0,0,0,15,0,15,5,0,5,0,0,0,20,0,20
Pondicherry,2011,Attempt To Commit Murder,0,0,0,6,0,6,1,0,1,0,0,0,7,0,7
Pondicherry,2011,C.H. Not Amounting To Murder,0,0,0,0,0,0,2,0,2,0,0,0,2,0,2
Pondicherry,2011,Rape,0,0,0,0,0,0,0,0,0,0,0,0,0,0,0
Pondicherry,2011,Kidnapping And Abduction,0,0,0,11,1,12,0,1,1,0,0,0,11,2,13
Pondicherry,2011,Dacoity,0,0,0,0,0,0,0,0,0,0,0,0,0,0,0
Pondicherry,2011,Prep. And Assembly For Dacoity,0,0,0,0,0,0,0,0,0,0,0,0,0,0,0
Pondicherry,2011,Robbery,0,0,0,0,0,0,0,0,0,0,0,0,0,0,0
Pondicherry,2011,Burglary,0,0,0,3,0,3,0,0,0,0,0,0,3,0,3
Pondicherry,2011,Thefts,0,0,0,19,0,19,8,0,8,0,0,0,27,0,27
Pondicherry,2011,Extortion,0,0,0,0,0,0,0,0,0,0,0,0,0,0,0
Pondicherry,2011,Riots,0,0,0,0,0,0,0,0,0,0,0,0,0,0,0
Pondicherry,2011,Arson,0,0,0,0,0,0,0,0,0,0,0,0,0,0,0
Pondicherry,2011,Criminal Breach Of Trust,0,0,0,0,0,0,0,0,0,0,0,0,0,0,0
Pondicherry,2011,Cheating,0,0,0,0,0,0,0,0,0,0,0,0,0,0,0
Pondicherry,2011,Counter Feiting,0,0,0,0,0,0,0,0,0,0,0,0,0,0,0
Pondicherry,2011,Dowry Deaths,0,0,0,0,0,0,0,0,0,0,0,0,0,0,0
Pondicherry,2011,Molestation,0,0,0,0,0,0,0,0,0,0,0,0,0,0,0
Pondicherry,2011,Eve-Teasing,0,0,0,0,0,0,0,0,0,0,0,0,0,0,0
Pondicherry,2011,Cruelty By Husband Or Relative Of Husband,0,0,0,0,0,0,0,0,0,0,0,0,0,0,0
Pondicherry,2011,Other Ipc Crimes,0,0,0,2,0,2,6,0,6,0,0,0,8,0,8
Pondicherry,2012,Murder,0,0,0,34,0,34,10,1,11,2,0,2,46,1,47
Pondicherry,2012,Attempt To Commit Murder,0,0,0,0,0,0,3,0,3,0,0,0,3,0,3
Pondicherry,2012,C.H. Not Amounting To Murder,0,0,0,1,0,1,1,0,1,0,0,0,2,0,2
Pondicherry,2012,Rape,0,0,0,1,0,1,0,0,0,0,0,0,1,0,1
Pondicherry,2012,Kidnapping And Abduction,0,0,0,18,0,18,6,0,6,0,0,0,24,0,24
Pondicherry,2012,Dacoity,0,0,0,0,0,0,0,0,0,0,0,0,0,0,0
Pondicherry,2012,Prep. And Assembly For Dacoity,0,0,0,9,0,9,0,0,0,0,0,0,9,0,9
Pondicherry,2012,Robbery,0,0,0,2,0,2,3,0,3,0,0,0,5,0,5
Pondicherry,2012,Burglary,0,0,0,2,0,2,1,0,1,0,0,0,3,0,3
Pondicherry,2012,Thefts,0,0,0,9,0,9,11,0,11,0,0,0,20,0,20
Pondicherry,2012,Extortion,0,0,0,0,0,0,0,0,0,0,0,0,0,0,0
Pondicherry,2012,Riots,0,0,0,0,0,0,0,0,0,0,0,0,0,0,0
Pondicherry,2012,Arson,0,0,0,0,0,0,0,0,0,0,0,0,0,0,0
Pondicherry,2012,Criminal Breach Of Trust,0,0,0,0,0,0,0,0,0,0,0,0,0,0,0
Pondicherry,2012,Cheating,0,0,0,3,0,3,3,0,3,0,0,0,6,0,6
Pondicherry,2012,Counter Feiting,0,0,0,0,0,0,0,0,0,0,0,0,0,0,0
Pondicherry,2012,Dowry Deaths,0,0,0,0,0,0,0,0,0,0,0,0,0,0,0
Pondicherry,2012,Molestation,0,0,0,0,0,0,0,0,0,0,0,0,0,0,0
Pondicherry,2012,Eve-Teasing,0,0,0,0,0,0,0,0,0,0,0,0,0,0,0
Pondicherry,2012,Cruelty By Husband Or Relative Of Husband,0,0,0,0,0,0,0,0,0,0,0,0,0,0,0
Pondicherry,2012,Other Ipc Crimes,0,0,0,24,0,24,10,0,10,7,0,7,41,0,41
Andhra Pradesh,2013,Murder,0,0,0,622,71,693,529,55,584,58,15,73,1209,141,1350
Andhra Pradesh,2013,Attempt To Commit Murder,0,0,0,195,2,197,298,7,305,20,3,23,513,12,525
Andhra Pradesh,2013,C.H. Not Amounting To Murder,0,0,0,70,3,73,67,5,72,9,7,16,146,15,161
Andhra Pradesh,2013,Rape,0,0,0,235,0,235,152,3,155,18,0,18,405,3,408
Andhra Pradesh,2013,Kidnapping And Abduction,0,0,0,146,2,148,115,7,122,13,1,14,274,10,284
Andhra Pradesh,2013,Dacoity,0,0,0,150,1,151,122,2,124,12,2,14,284,5,289
Andhra Pradesh,2013,Prep. And Assembly For Dacoity,0,0,0,8,1,9,1,0,1,0,0,0,9,1,10
Andhra Pradesh,2013,Robbery,0,0,0,110,1,111,104,0,104,4,0,4,218,1,219
Andhra Pradesh,2013,Burglary,0,0,0,169,3,172,51,0,51,1,0,1,221,3,224
Andhra Pradesh,2013,Thefts,0,0,0,1193,42,1235,884,45,929,99,9,108,2176,96,2272
Andhra Pradesh,2013,Extortion,0,0,0,34,3,37,95,2,97,11,0,11,140,5,145
Andhra Pradesh,2013,Riots,0,0,0,21,0,21,12,0,12,0,0,0,33,0,33
Andhra Pradesh,2013,Arson,0,0,0,3,0,3,1,0,1,1,0,1,5,0,5
Andhra Pradesh,2013,Criminal Breach Of Trust,0,0,0,15,0,15,55,0,55,2,0,2,72,0,72
Andhra Pradesh,2013,Cheating,0,0,0,122,5,127,158,10,168,26,2,28,306,17,323
Andhra Pradesh,2013,Counter Feiting,0,0,0,21,0,21,4,0,4,4,1,5,29,1,30
Andhra Pradesh,2013,Dowry Deaths,0,0,0,91,5,96,86,26,112,21,9,30,198,40,238
Andhra Pradesh,2013,Molestation,0,0,0,47,0,47,41,0,41,2,0,2,90,0,90
Andhra Pradesh,2013,Eve-Teasing,0,0,0,28,0,28,13,1,14,1,1,2,42,2,44
Andhra Pradesh,2013,Cruelty By Husband Or Relative Of Husband,0,0,0,140,14,154,186,19,205,24,3,27,350,36,386
Andhra Pradesh,2013,Other Ipc Crimes,0,0,0,404,31,435,374,27,401,52,5,57,830,63,893
Arunachal Pradesh,2013,Murder,0,0,0,9,0,9,5,1,6,1,0,1,15,1,16
Arunachal Pradesh,2013,Attempt To Commit Murder,0,0,0,3,0,3,2,0,2,0,0,0,5,0,5
Arunachal Pradesh,2013,C.H. Not Amounting To Murder,0,0,0,0,0,0,0,0,0,0,0,0,0,0,0
Arunachal Pradesh,2013,Rape,0,0,0,0,0,0,1,0,1,0,0,0,1,0,1
Arunachal Pradesh,2013,Kidnapping And Abduction,0,0,0,4,0,4,0,0,0,0,0,0,4,0,4
Arunachal Pradesh,2013,Dacoity,0,0,0,3,0,3,2,0,2,0,0,0,5,0,5
Arunachal Pradesh,2013,Prep. And Assembly For Dacoity,0,0,0,0,0,0,0,0,0,0,0,0,0,0,0
Arunachal Pradesh,2013,Robbery,0,0,0,3,0,3,2,0,2,0,0,0,5,0,5
Arunachal Pradesh,2013,Burglary,0,0,0,0,0,0,0,0,0,0,0,0,0,0,0
Arunachal Pradesh,2013,Thefts,0,0,0,16,0,16,3,0,3,0,0,0,19,0,19
Arunachal Pradesh,2013,Extortion,0,0,0,3,0,3,1,0,1,0,0,0,4,0,4
Arunachal Pradesh,2013,Riots,0,0,0,0,0,0,0,0,0,0,0,0,0,0,0
Arunachal Pradesh,2013,Arson,0,0,0,1,0,1,0,0,0,0,0,0,1,0,1
Arunachal Pradesh,2013,Criminal Breach Of Trust,0,0,0,0,0,0,0,0,0,0,0,0,0,0,0
Arunachal Pradesh,2013,Cheating,0,0,0,3,0,3,3,0,3,0,0,0,6,0,6
Arunachal Pradesh,2013,Counter Feiting,0,0,0,0,0,0,0,0,0,0,0,0,0,0,0
Arunachal Pradesh,2013,Dowry Deaths,0,0,0,0,0,0,0,0,0,0,0,0,0,0,0
Arunachal Pradesh,2013,Molestation,0,0,0,0,0,0,0,0,0,0,0,0,0,0,0
Arunachal Pradesh,2013,Eve-Teasing,0,0,0,0,0,0,0,0,0,0,0,0,0,0,0
Arunachal Pradesh,2013,Cruelty By Husband Or Relative Of Husband,0,0,0,3,0,3,1,0,1,0,0,0,4,0,4
Arunachal Pradesh,2013,Other Ipc Crimes,0,0,0,5,0,5,2,0,2,0,0,0,7,0,7
Assam,2013,Murder,0,0,0,463,12,475,443,30,473,109,4,113,1015,46,1061
Assam,2013,Attempt To Commit Murder,0,0,0,150,6,156,130,11,141,17,3,20,297,20,317
Assam,2013,C.H. Not Amounting To Murder,0,0,0,70,2,72,146,6,152,12,0,12,228,8,236
Assam,2013,Rape,0,0,0,180,0,180,183,4,187,32,0,32,395,4,399
Assam,2013,Kidnapping And Abduction,0,0,0,272,8,280,180,15,195,45,2,47,497,25,522
Assam,2013,Dacoity,0,0,0,160,9,169,131,5,136,47,3,50,338,17,355
Assam,2013,Prep. And Assembly For Dacoity,0,0,0,20,0,20,11,0,11,3,0,3,34,0,34
Assam,2013,Robbery,0,0,0,40,0,40,60,0,60,5,0,5,105,0,105
Assam,2013,Burglary,0,0,0,65,6,71,27,2,29,2,0,2,94,8,102
Assam,2013,Thefts,0,0,0,482,15,497,250,7,257,16,0,16,748,22,770
Assam,2013,Extortion,0,0,0,53,3,56,35,2,37,7,0,7,95,5,100
Assam,2013,Riots,0,0,0,30,2,32,20,0,20,3,1,4,53,3,56
Assam,2013,Arson,0,0,0,25,2,27,20,0,20,6,0,6,51,2,53
Assam,2013,Criminal Breach Of Trust,0,0,0,8,0,8,7,0,7,4,0,4,19,0,19
Assam,2013,Cheating,0,0,0,20,0,20,13,0,13,9,0,9,42,0,42
Assam,2013,Counter Feiting,0,0,0,12,0,12,15,0,15,2,0,2,29,0,29
Assam,2013,Dowry Deaths,0,0,0,26,3,29,11,0,11,5,0,5,42,3,45
Assam,2013,Molestation,0,0,0,4,0,4,2,0,2,6,1,7,12,1,13
Assam,2013,Eve-Teasing,0,0,0,0,0,0,0,0,0,0,0,0,0,0,0
Assam,2013,Cruelty By Husband Or Relative Of Husband,0,0,0,65,5,70,70,0,70,12,0,12,147,5,152
Assam,2013,Other Ipc Crimes,0,0,0,75,6,81,36,3,39,33,0,33,144,9,153
Bihar,2013,Murder,0,0,0,2066,98,2164,2278,136,2414,782,34,816,5126,268,5394
Bihar,2013,Attempt To Commit Murder,0,0,0,1421,51,1472,1611,44,1655,580,15,595,3612,110,3722
Bihar,2013,C.H. Not Amounting To Murder,0,0,0,106,12,118,235,14,249,51,2,53,392,28,420
Bihar,2013,Rape,0,0,0,678,0,678,473,0,473,99,0,99,1250,0,1250
Bihar,2013,Kidnapping And Abduction,0,0,0,606,24,630,555,31,586,165,10,175,1326,65,1391
Bihar,2013,Dacoity,0,0,0,460,3,463,442,6,448,179,1,180,1081,10,1091
Bihar,2013,Prep. And Assembly For Dacoity,0,0,0,163,0,163,180,0,180,46,0,46,389,0,389
Bihar,2013,Robbery,0,0,0,594,0,594,573,3,576,107,0,107,1274,3,1277
Bihar,2013,Burglary,0,0,0,74,0,74,88,0,88,43,1,44,205,1,206
Bihar,2013,Thefts,0,0,0,1045,25,1070,937,35,972,263,2,265,2245,62,2307
Bihar,2013,Extortion,0,0,0,212,0,212,157,0,157,69,0,69,438,0,438
Bihar,2013,Riots,0,0,0,78,0,78,28,2,30,30,0,30,136,2,138
Bihar,2013,Arson,0,0,0,79,0,79,74,1,75,15,0,15,168,1,169
Bihar,2013,Criminal Breach Of Trust,0,0,0,37,1,38,48,1,49,19,1,20,104,3,107
Bihar,2013,Cheating,0,0,0,86,0,86,118,4,122,35,0,35,239,4,243
Bihar,2013,Counter Feiting,0,0,0,50,1,51,41,3,44,10,1,11,101,5,106
Bihar,2013,Dowry Deaths,0,0,0,567,78,645,703,140,843,271,41,312,1541,259,1800
Bihar,2013,Molestation,0,0,0,13,0,13,7,0,7,0,0,0,20,0,20
Bihar,2013,Eve-Teasing,0,0,0,3,0,3,0,0,0,0,0,0,3,0,3
Bihar,2013,Cruelty By Husband Or Relative Of Husband,0,0,0,234,9,243,271,18,289,100,0,100,605,27,632
Bihar,2013,Other Ipc Crimes,0,0,0,53,3,56,47,0,47,22,1,23,122,4,126
Chhatisgarh,2013,Murder,0,0,0,1247,79,1326,889,79,968,186,27,213,2322,185,2507
Chhatisgarh,2013,Attempt To Commit Murder,0,0,0,487,18,505,305,19,324,78,7,85,870,44,914
Chhatisgarh,2013,C.H. Not Amounting To Murder,0,0,0,113,6,119,42,9,51,16,2,18,171,17,188
Chhatisgarh,2013,Rape,0,0,0,681,8,689,207,12,219,36,2,38,924,22,946
Chhatisgarh,2013,Kidnapping And Abduction,0,0,0,147,5,152,57,5,62,8,1,9,212,11,223
Chhatisgarh,2013,Dacoity,0,0,0,122,0,122,57,0,57,8,0,8,187,0,187
Chhatisgarh,2013,Prep. And Assembly For Dacoity,0,0,0,12,0,12,20,0,20,5,0,5,37,0,37
Chhatisgarh,2013,Robbery,0,0,0,160,2,162,65,0,65,3,0,3,228,2,230
Chhatisgarh,2013,Burglary,0,0,0,257,1,258,66,1,67,19,0,19,342,2,344
Chhatisgarh,2013,Thefts,0,0,0,339,13,352,147,8,155,21,0,21,507,21,528
Chhatisgarh,2013,Extortion,0,0,0,7,0,7,5,0,5,0,0,0,12,0,12
Chhatisgarh,2013,Riots,0,0,0,52,7,59,93,2,95,7,0,7,152,9,161
Chhatisgarh,2013,Arson,0,0,0,17,0,17,10,0,10,3,0,3,30,0,30
Chhatisgarh,2013,Criminal Breach Of Trust,0,0,0,31,0,31,25,1,26,12,2,14,68,3,71
Chhatisgarh,2013,Cheating,0,0,0,66,6,72,103,8,111,31,2,33,200,16,216
Chhatisgarh,2013,Counter Feiting,0,0,0,15,0,15,15,1,16,5,0,5,35,1,36
Chhatisgarh,2013,Dowry Deaths,0,0,0,58,14,72,16,13,29,15,19,34,89,46,135
Chhatisgarh,2013,Molestation,0,0,0,76,0,76,41,0,41,6,0,6,123,0,123
Chhatisgarh,2013,Eve-Teasing,0,0,0,0,0,0,0,0,0,0,0,0,0,0,0
Chhatisgarh,2013,Cruelty By Husband Or Relative Of Husband,0,0,0,30,1,31,15,2,17,10,1,11,55,4,59
Chhatisgarh,2013,Other Ipc Crimes,0,0,0,478,19,497,377,28,405,115,8,123,970,55,1025
Goa,2013,Murder,0,0,0,57,3,60,15,3,18,1,2,3,73,8,81
Goa,2013,Attempt To Commit Murder,0,0,0,10,0,10,2,0,2,0,0,0,12,0,12
Goa,2013,C.H. Not Amounting To Murder,0,0,0,0,0,0,0,0,0,0,0,0,0,0,0
Goa,2013,Rape,0,0,0,46,0,46,7,0,7,1,0,1,54,0,54
Goa,2013,Kidnapping And Abduction,0,0,0,7,1,8,2,0,2,0,0,0,9,1,10
Goa,2013,Dacoity,0,0,0,6,0,6,1,0,1,0,0,0,7,0,7
Goa,2013,Prep. And Assembly For Dacoity,0,0,0,0,0,0,0,0,0,0,0,0,0,0,0
Goa,2013,Robbery,0,0,0,27,0,27,5,0,5,0,0,0,32,0,32
Goa,2013,Burglary,0,0,0,7,0,7,2,0,2,0,0,0,9,0,9
Goa,2013,Thefts,0,0,0,37,3,40,8,3,11,0,0,0,45,6,51
Goa,2013,Extortion,0,0,0,3,0,3,0,0,0,0,0,0,3,0,3
Goa,2013,Riots,0,0,0,0,0,0,0,0,0,0,0,0,0,0,0
Goa,2013,Arson,0,0,0,0,0,0,0,0,0,0,0,0,0,0,0
Goa,2013,Criminal Breach Of Trust,0,0,0,0,0,0,0,0,0,0,0,0,0,0,0
Goa,2013,Cheating,0,0,0,4,0,4,2,2,4,0,0,0,6,2,8
Goa,2013,Counter Feiting,0,0,0,0,0,0,0,0,0,0,0,0,0,0,0
Goa,2013,Dowry Deaths,0,0,0,0,0,0,0,0,0,0,0,0,0,0,0
Goa,2013,Molestation,0,0,0,18,0,18,11,0,11,0,0,0,29,0,29
Goa,2013,Eve-Teasing,0,0,0,0,0,0,0,0,0,0,0,0,0,0,0
Goa,2013,Cruelty By Husband Or Relative Of Husband,0,0,0,0,0,0,0,0,0,0,0,0,0,0,0
Goa,2013,Other Ipc Crimes,0,0,0,19,0,19,0,0,0,0,0,0,19,0,19
Gujarat,2013,Murder,0,0,0,1095,76,1171,893,85,978,199,13,212,2187,174,2361
Gujarat,2013,Attempt To Commit Murder,0,0,0,177,6,183,140,7,147,46,0,46,363,13,376
Gujarat,2013,C.H. Not Amounting To Murder,0,0,0,84,10,94,69,4,73,11,2,13,164,16,180
Gujarat,2013,Rape,0,0,0,748,7,755,279,11,290,26,2,28,1053,20,1073
Gujarat,2013,Kidnapping And Abduction,0,0,0,114,3,117,125,10,135,6,0,6,245,13,258
Gujarat,2013,Dacoity,0,0,0,128,3,131,121,1,122,16,0,16,265,4,269
Gujarat,2013,Prep. And Assembly For Dacoity,0,0,0,34,0,34,43,0,43,0,0,0,77,0,77
Gujarat,2013,Robbery,0,0,0,170,1,171,136,4,140,42,0,42,348,5,353
Gujarat,2013,Burglary,0,0,0,27,1,28,46,2,48,15,0,15,88,3,91
Gujarat,2013,Thefts,0,0,0,304,3,307,140,1,141,24,1,25,468,5,473
Gujarat,2013,Extortion,0,0,0,15,0,15,9,0,9,1,0,1,25,0,25
Gujarat,2013,Riots,0,0,0,22,0,22,10,0,10,0,0,0,32,0,32
Gujarat,2013,Arson,0,0,0,7,1,8,7,0,7,8,0,8,22,1,23
Gujarat,2013,Criminal Breach Of Trust,0,0,0,26,0,26,41,1,42,21,0,21,88,1,89
Gujarat,2013,Cheating,0,0,0,46,1,47,24,1,25,2,2,4,72,4,76
Gujarat,2013,Counter Feiting,0,0,0,63,1,64,76,3,79,38,1,39,177,5,182
Gujarat,2013,Dowry Deaths,0,0,0,41,4,45,30,1,31,21,2,23,92,7,99
Gujarat,2013,Molestation,0,0,0,4,0,4,5,0,5,0,0,0,9,0,9
Gujarat,2013,Eve-Teasing,0,0,0,0,0,0,2,0,2,0,0,0,2,0,2
Gujarat,2013,Cruelty By Husband Or Relative Of Husband,0,0,0,74,6,80,64,22,86,30,7,37,168,35,203
Gujarat,2013,Other Ipc Crimes,0,0,0,202,11,213,138,10,148,43,4,47,383,25,408
Haryana,2013,Murder,0,0,0,1516,65,1581,953,66,1019,242,36,278,2711,167,2878
Haryana,2013,Attempt To Commit Murder,0,0,0,594,14,608,288,15,303,80,3,83,962,32,994
Haryana,2013,C.H. Not Amounting To Murder,0,0,0,75,5,80,65,8,73,8,2,10,148,15,163
Haryana,2013,Rape,0,0,0,482,11,493,251,14,265,35,3,38,768,28,796
Haryana,2013,Kidnapping And Abduction,0,0,0,345,13,358,228,5,233,30,3,33,603,21,624
Haryana,2013,Dacoity,0,0,0,364,1,365,202,2,204,5,0,5,571,3,574
Haryana,2013,Prep. And Assembly For Dacoity,0,0,0,177,2,179,82,2,84,5,0,5,264,4,268
Haryana,2013,Robbery,0,0,0,284,0,284,170,2,172,11,1,12,465,3,468
Haryana,2013,Burglary,0,0,0,145,1,146,54,0,54,2,0,2,201,1,202
Haryana,2013,Thefts,0,0,0,807,5,812,259,0,259,111,4,115,1177,9,1186
Haryana,2013,Extortion,0,0,0,23,0,23,13,0,13,5,0,5,41,0,41
Haryana,2013,Riots,0,0,0,38,0,38,53,0,53,27,0,27,118,0,118
Haryana,2013,Arson,0,0,0,11,0,11,10,0,10,0,0,0,21,0,21
Haryana,2013,Criminal Breach Of Trust,0,0,0,39,5,44,26,0,26,14,4,18,79,9,88
Haryana,2013,Cheating,0,0,0,54,4,58,76,3,79,41,2,43,171,9,180
Haryana,2013,Counter Feiting,0,0,0,8,0,8,4,0,4,0,0,0,12,0,12
Haryana,2013,Dowry Deaths,0,0,0,171,24,195,188,37,225,113,53,166,472,114,586
Haryana,2013,Molestation,0,0,0,43,0,43,20,0,20,0,0,0,63,0,63
Haryana,2013,Eve-Teasing,0,0,0,6,0,6,10,0,10,0,0,0,16,0,16
Haryana,2013,Cruelty By Husband Or Relative Of Husband,0,0,0,70,2,72,82,6,88,17,5,22,169,13,182
Haryana,2013,Other Ipc Crimes,0,0,0,157,9,166,72,13,85,38,6,44,267,28,295
Himachal Pradesh,2013,Murder,0,0,0,119,9,128,80,11,91,14,4,18,213,24,237
Himachal Pradesh,2013,Attempt To Commit Murder,0,0,0,40,1,41,20,1,21,2,0,2,62,2,64
Himachal Pradesh,2013,C.H. Not Amounting To Murder,0,0,0,11,2,13,3,0,3,0,0,0,14,2,16
Himachal Pradesh,2013,Rape,0,0,0,134,4,138,58,2,60,12,0,12,204,6,210
Himachal Pradesh,2013,Kidnapping And Abduction,0,0,0,17,1,18,7,2,9,0,0,0,24,3,27
Himachal Pradesh,2013,Dacoity,0,0,0,11,0,11,5,0,5,0,0,0,16,0,16
Himachal Pradesh,2013,Prep. And Assembly For Dacoity,0,0,0,0,0,0,0,0,0,0,0,0,0,0,0
Himachal Pradesh,2013,Robbery,0,0,0,4,0,4,4,1,5,0,0,0,8,1,9
Himachal Pradesh,2013,Burglary,0,0,0,4,0,4,3,0,3,0,0,0,7,0,7
Himachal Pradesh,2013,Thefts,0,0,0,49,0,49,19,1,20,0,0,0,68,1,69
Himachal Pradesh,2013,Extortion,0,0,0,0,0,0,0,0,0,0,0,0,0,0,0
Himachal Pradesh,2013,Riots,0,0,0,0,0,0,0,0,0,0,0,0,0,0,0
Himachal Pradesh,2013,Arson,0,0,0,1,0,1,2,0,2,0,0,0,3,0,3
Himachal Pradesh,2013,Criminal Breach Of Trust,0,0,0,0,0,0,2,0,2,0,0,0,2,0,2
Himachal Pradesh,2013,Cheating,0,0,0,0,0,0,4,0,4,0,1,1,4,1,5
Himachal Pradesh,2013,Counter Feiting,0,0,0,1,0,1,7,0,7,0,0,0,8,0,8
Himachal Pradesh,2013,Dowry Deaths,0,0,0,0,0,0,0,0,0,0,0,0,0,0,0
Himachal Pradesh,2013,Molestation,0,0,0,1,0,1,1,0,1,0,0,0,2,0,2
Himachal Pradesh,2013,Eve-Teasing,0,0,0,0,0,0,0,0,0,0,0,0,0,0,0
Himachal Pradesh,2013,Cruelty By Husband Or Relative Of Husband,0,0,0,9,0,9,4,4,8,5,5,10,18,9,27
Himachal Pradesh,2013,Other Ipc Crimes,0,0,0,21,0,21,32,5,37,0,2,2,53,7,60
Jammu & Kashmir,2013,Murder,0,0,0,444,24,468,420,33,453,121,9,130,985,66,1051
Jammu & Kashmir,2013,Attempt To Commit Murder,0,0,0,11,0,11,12,0,12,1,0,1,24,0,24
Jammu & Kashmir,2013,C.H. Not Amounting To Murder,0,0,0,6,0,6,5,0,5,0,0,0,11,0,11
Jammu & Kashmir,2013,Rape,0,0,0,143,4,147,67,0,67,11,0,11,221,4,225
Jammu & Kashmir,2013,Kidnapping And Abduction,0,0,0,15,0,15,1,0,1,1,0,1,17,0,17
Jammu & Kashmir,2013,Dacoity,0,0,0,1,0,1,3,0,3,1,0,1,5,0,5
Jammu & Kashmir,2013,Prep. And Assembly For Dacoity,0,0,0,0,0,0,0,0,0,0,0,0,0,0,0
Jammu & Kashmir,2013,Robbery,0,0,0,0,0,0,1,0,1,0,0,0,1,0,1
Jammu & Kashmir,2013,Burglary,0,0,0,30,0,30,8,0,8,0,0,0,38,0,38
Jammu & Kashmir,2013,Thefts,0,0,0,12,0,12,4,0,4,0,0,0,16,0,16
Jammu & Kashmir,2013,Extortion,0,0,0,0,0,0,0,0,0,0,0,0,0,0,0
Jammu & Kashmir,2013,Riots,0,0,0,0,0,0,0,0,0,0,0,0,0,0,0
Jammu & Kashmir,2013,Arson,0,0,0,2,0,2,2,0,2,0,0,0,4,0,4
Jammu & Kashmir,2013,Criminal Breach Of Trust,0,0,0,0,0,0,0,0,0,0,0,0,0,0,0
Jammu & Kashmir,2013,Cheating,0,0,0,0,0,0,1,0,1,1,0,1,2,0,2
Jammu & Kashmir,2013,Counter Feiting,0,0,0,1,0,1,3,0,3,0,0,0,4,0,4
Jammu & Kashmir,2013,Dowry Deaths,0,0,0,3,0,3,8,0,8,0,0,0,11,0,11
Jammu & Kashmir,2013,Molestation,0,0,0,0,0,0,0,0,0,0,0,0,0,0,0
Jammu & Kashmir,2013,Eve-Teasing,0,0,0,0,0,0,0,0,0,0,0,0,0,0,0
Jammu & Kashmir,2013,Cruelty By Husband Or Relative Of Husband,0,0,0,1,0,1,2,1,3,0,0,0,3,1,4
Jammu & Kashmir,2013,Other Ipc Crimes,0,0,0,40,0,40,30,1,31,4,1,5,74,2,76
Jharkhand,2013,Murder,0,0,0,1169,88,1257,1232,77,1309,350,23,373,2751,188,2939
Jharkhand,2013,Attempt To Commit Murder,0,0,0,625,15,640,565,23,588,152,5,157,1342,43,1385
Jharkhand,2013,C.H. Not Amounting To Murder,0,0,0,115,1,116,98,11,109,25,2,27,238,14,252
Jharkhand,2013,Rape,0,0,0,573,1,574,385,3,388,57,0,57,1015,4,1019
Jharkhand,2013,Kidnapping And Abduction,0,0,0,366,20,386,318,18,336,48,3,51,732,41,773
Jharkhand,2013,Dacoity,0,0,0,363,2,365,317,2,319,32,0,32,712,4,716
Jharkhand,2013,Prep. And Assembly For Dacoity,0,0,0,62,0,62,108,0,108,11,0,11,181,0,181
Jharkhand,2013,Robbery,0,0,0,224,2,226,189,0,189,21,0,21,434,2,436
Jharkhand,2013,Burglary,0,0,0,88,0,88,70,3,73,11,0,11,169,3,172
Jharkhand,2013,Thefts,0,0,0,559,29,588,451,25,476,140,8,148,1150,62,1212
Jharkhand,2013,Extortion,0,0,0,106,0,106,106,7,113,15,0,15,227,7,234
Jharkhand,2013,Riots,0,0,0,6,0,6,0,0,0,1,0,1,7,0,7
Jharkhand,2013,Arson,0,0,0,17,0,17,7,0,7,11,0,11,35,0,35
Jharkhand,2013,Criminal Breach Of Trust,0,0,0,41,0,41,46,0,46,21,0,21,108,0,108
Jharkhand,2013,Cheating,0,0,0,68,2,70,113,3,116,17,1,18,198,6,204
Jharkhand,2013,Counter Feiting,0,0,0,89,6,95,75,10,85,13,0,13,177,16,193
Jharkhand,2013,Dowry Deaths,0,0,0,299,36,335,318,82,400,116,37,153,733,155,888
Jharkhand,2013,Molestation,0,0,0,13,0,13,12,2,14,1,0,1,26,2,28
Jharkhand,2013,Eve-Teasing,0,0,0,1,0,1,13,0,13,0,0,0,14,0,14
Jharkhand,2013,Cruelty By Husband Or Relative Of Husband,0,0,0,267,17,284,213,15,228,47,6,53,527,38,565
Jharkhand,2013,Other Ipc Crimes,0,0,0,52,0,52,46,5,51,15,1,16,113,6,119
Karnataka,2013,Murder,0,0,0,2418,104,2522,1841,101,1942,217,5,222,4476,210,4686
Karnataka,2013,Attempt To Commit Murder,0,0,0,443,36,479,606,16,622,3,1,4,1052,53,1105
Karnataka,2013,C.H. Not Amounting To Murder,0,0,0,23,0,23,43,0,43,3,0,3,69,0,69
Karnataka,2013,Rape,0,0,0,137,0,137,164,0,164,1,0,1,302,0,302
Karnataka,2013,Kidnapping And Abduction,0,0,0,39,0,39,43,0,43,1,0,1,83,0,83
Karnataka,2013,Dacoity,0,0,0,351,0,351,203,1,204,2,0,2,556,1,557
Karnataka,2013,Prep. And Assembly For Dacoity,0,0,0,23,0,23,43,0,43,1,0,1,67,0,67
Karnataka,2013,Robbery,0,0,0,41,0,41,153,0,153,6,0,6,200,0,200
Karnataka,2013,Burglary,0,0,0,79,0,79,167,2,169,49,1,50,295,3,298
Karnataka,2013,Thefts,0,0,0,494,4,498,301,4,305,8,0,8,803,8,811
Karnataka,2013,Extortion,0,0,0,6,0,6,13,0,13,1,0,1,20,0,20
Karnataka,2013,Riots,0,0,0,23,1,24,17,1,18,2,0,2,42,2,44
Karnataka,2013,Arson,0,0,0,6,0,6,11,0,11,1,0,1,18,0,18
Karnataka,2013,Criminal Breach Of Trust,0,0,0,15,1,16,13,3,16,1,0,1,29,4,33
Karnataka,2013,Cheating,0,0,0,71,5,76,143,3,146,10,1,11,224,9,233
Karnataka,2013,Counter Feiting,0,0,0,5,0,5,17,0,17,1,0,1,23,0,23
Karnataka,2013,Dowry Deaths,0,0,0,33,0,33,57,6,63,6,3,9,96,9,105
Karnataka,2013,Molestation,0,0,0,1,0,1,3,0,3,0,0,0,4,0,4
Karnataka,2013,Eve-Teasing,0,0,0,3,0,3,1,0,1,0,0,0,4,0,4
Karnataka,2013,Cruelty By Husband Or Relative Of Husband,0,0,0,41,0,41,51,1,52,2,0,2,94,1,95
Karnataka,2013,Other Ipc Crimes,0,0,0,3,2,5,31,2,33,11,0,11,45,4,49
Kerala,2013,Murder,0,0,0,180,6,186,245,4,249,198,2,200,623,12,635
Kerala,2013,Attempt To Commit Murder,0,0,0,98,0,98,150,4,154,73,0,73,321,4,325
Kerala,2013,C.H. Not Amounting To Murder,0,0,0,62,0,62,33,0,33,7,0,7,102,0,102
Kerala,2013,Rape,0,0,0,34,0,34,24,0,24,4,0,4,62,0,62
Kerala,2013,Kidnapping And Abduction,0,0,0,0,0,0,14,0,14,8,0,8,22,0,22
Kerala,2013,Dacoity,0,0,0,63,0,63,43,0,43,22,0,22,128,0,128
Kerala,2013,Prep. And Assembly For Dacoity,0,0,0,33,0,33,36,0,36,13,0,13,82,0,82
Kerala,2013,Robbery,0,0,0,56,31,87,48,25,73,15,5,20,119,61,180
Kerala,2013,Burglary,0,0,0,57,0,57,47,10,57,6,0,6,110,10,120
Kerala,2013,Thefts,0,0,0,170,12,182,250,7,257,41,0,41,461,19,480
Kerala,2013,Extortion,0,0,0,22,0,22,35,0,35,3,0,3,60,0,60
Kerala,2013,Riots,0,0,0,80,0,80,32,0,32,8,0,8,120,0,120
Kerala,2013,Arson,0,0,0,37,0,37,17,0,17,0,0,0,54,0,54
Kerala,2013,Criminal Breach Of Trust,0,0,0,47,0,47,52,0,52,26,0,26,125,0,125
Kerala,2013,Cheating,0,0,0,42,6,48,68,8,76,16,0,16,126,14,140
Kerala,2013,Counter Feiting,0,0,0,16,0,16,19,0,19,0,0,0,35,0,35
Kerala,2013,Dowry Deaths,0,0,0,28,0,28,30,0,30,0,0,0,58,0,58
Kerala,2013,Molestation,0,0,0,28,0,28,4,0,4,0,0,0,32,0,32
Kerala,2013,Eve-Teasing,0,0,0,8,0,8,0,0,0,0,0,0,8,0,8
Kerala,2013,Cruelty By Husband Or Relative Of Husband,0,0,0,26,0,26,6,0,6,0,0,0,32,0,32
Kerala,2013,Other Ipc Crimes,0,0,0,0,3,3,255,0,255,174,0,174,429,3,432
Madhya Pradesh,2013,Murder,0,0,0,2222,82,2304,1804,100,1904,516,27,543,4542,209,4751
Madhya Pradesh,2013,Attempt To Commit Murder,0,0,0,671,11,682,601,17,618,101,4,105,1373,32,1405
Madhya Pradesh,2013,C.H. Not Amounting To Murder,0,0,0,351,12,363,331,20,351,61,6,67,743,38,781
Madhya Pradesh,2013,Rape,0,0,0,1215,9,1224,456,9,465,80,2,82,1751,20,1771
Madhya Pradesh,2013,Kidnapping And Abduction,0,0,0,364,14,378,210,10,220,29,2,31,603,26,629
Madhya Pradesh,2013,Dacoity,0,0,0,264,0,264,206,0,206,26,0,26,496,0,496
Madhya Pradesh,2013,Prep. And Assembly For Dacoity,0,0,0,214,0,214,90,0,90,2,0,2,306,0,306
Madhya Pradesh,2013,Robbery,0,0,0,448,1,449,228,0,228,38,0,38,714,1,715
Madhya Pradesh,2013,Burglary,0,0,0,200,0,200,86,2,88,16,0,16,302,2,304
Madhya Pradesh,2013,Thefts,0,0,0,644,13,657,332,10,342,40,0,40,1016,23,1039
Madhya Pradesh,2013,Extortion,0,0,0,90,0,90,49,1,50,1,0,1,140,1,141
Madhya Pradesh,2013,Riots,0,0,0,23,1,24,26,0,26,4,0,4,53,1,54
Madhya Pradesh,2013,Arson,0,0,0,20,0,20,21,0,21,2,0,2,43,0,43
Madhya Pradesh,2013,Criminal Breach Of Trust,0,0,0,16,0,16,22,3,25,5,1,6,43,4,47
Madhya Pradesh,2013,Cheating,0,0,0,74,4,78,106,3,109,33,6,39,213,13,226
Madhya Pradesh,2013,Counter Feiting,0,0,0,43,0,43,24,2,26,0,0,0,67,2,69
Madhya Pradesh,2013,Dowry Deaths,0,0,0,252,25,277,154,45,199,54,22,76,460,92,552
Madhya Pradesh,2013,Molestation,0,0,0,115,0,115,56,0,56,17,0,17,188,0,188
Madhya Pradesh,2013,Eve-Teasing,0,0,0,15,0,15,9,0,9,2,0,2,26,0,26
Madhya Pradesh,2013,Cruelty By Husband Or Relative Of Husband,0,0,0,75,1,76,54,8,62,18,7,25,147,16,163
Madhya Pradesh,2013,Other Ipc Crimes,0,0,0,687,18,705,525,15,540,183,7,190,1395,40,1435
Maharashtra,2013,Murder,0,0,0,1185,104,1289,1570,136,1706,513,33,546,3268,273,3541
Maharashtra,2013,Attempt To Commit Murder,0,0,0,481,21,502,708,40,748,214,4,218,1403,65,1468
Maharashtra,2013,C.H. Not Amounting To Murder,0,0,0,216,4,220,247,9,256,108,1,109,571,14,585
Maharashtra,2013,Rape,0,0,0,409,11,420,347,20,367,81,1,82,837,32,869
Maharashtra,2013,Kidnapping And Abduction,0,0,0,215,7,222,158,14,172,28,0,28,401,21,422
Maharashtra,2013,Dacoity,0,0,0,392,1,393,513,0,513,148,0,148,1053,1,1054
Maharashtra,2013,Prep. And Assembly For Dacoity,0,0,0,248,0,248,239,0,239,60,0,60,547,0,547
Maharashtra,2013,Robbery,0,0,0,350,1,351,384,1,385,61,0,61,795,2,797
Maharashtra,2013,Burglary,0,0,0,509,5,514,616,4,620,103,1,104,1228,10,1238
Maharashtra,2013,Thefts,0,0,0,776,23,799,724,25,749,146,0,146,1646,48,1694
Maharashtra,2013,Extortion,0,0,0,69,2,71,126,0,126,28,0,28,223,2,225
Maharashtra,2013,Riots,0,0,0,102,2,104,162,1,163,28,0,28,292,3,295
Maharashtra,2013,Arson,0,0,0,83,0,83,89,0,89,33,0,33,205,0,205
Maharashtra,2013,Criminal Breach Of Trust,0,0,0,32,0,32,66,1,67,16,0,16,114,1,115
Maharashtra,2013,Cheating,0,0,0,133,18,151,177,35,212,59,1,60,369,54,423
Maharashtra,2013,Counter Feiting,0,0,0,34,8,42,42,1,43,11,2,13,87,11,98
Maharashtra,2013,Dowry Deaths,0,0,0,57,1,58,63,7,70,12,3,15,132,11,143
Maharashtra,2013,Molestation,0,0,0,72,0,72,77,0,77,9,0,9,158,0,158
Maharashtra,2013,Eve-Teasing,0,0,0,32,3,35,29,5,34,6,0,6,67,8,75
Maharashtra,2013,Cruelty By Husband Or Relative Of Husband,0,0,0,103,16,119,126,17,143,42,5,47,271,38,309
Maharashtra,2013,Other Ipc Crimes,0,0,0,1135,44,1179,991,111,1102,455,7,462,2581,162,2743
Manipur,2013,Murder,0,0,0,26,1,27,33,1,34,5,1,6,64,3,67
Manipur,2013,Attempt To Commit Murder,0,0,0,4,0,4,10,0,10,1,0,1,15,0,15
Manipur,2013,C.H. Not Amounting To Murder,0,0,0,0,0,0,1,0,1,0,0,0,1,0,1
Manipur,2013,Rape,0,0,0,9,1,10,12,0,12,0,0,0,21,1,22
Manipur,2013,Kidnapping And Abduction,0,0,0,4,0,4,2,0,2,1,0,1,7,0,7
Manipur,2013,Dacoity,0,0,0,0,0,0,0,0,0,0,0,0,0,0,0
Manipur,2013,Prep. And Assembly For Dacoity,0,0,0,0,0,0,0,0,0,0,0,0,0,0,0
Manipur,2013,Robbery,0,0,0,0,0,0,0,0,0,0,0,0,0,0,0
Manipur,2013,Burglary,0,0,0,0,0,0,0,0,0,0,0,0,0,0,0
Manipur,2013,Thefts,0,0,0,71,0,71,36,0,36,2,0,2,109,0,109
Manipur,2013,Extortion,0,0,0,4,0,4,2,0,2,0,0,0,6,0,6
Manipur,2013,Riots,0,0,0,0,0,0,0,0,0,0,0,0,0,0,0
Manipur,2013,Arson,0,0,0,2,0,2,3,0,3,0,0,0,5,0,5
Manipur,2013,Criminal Breach Of Trust,0,0,0,2,0,2,0,0,0,0,0,0,2,0,2
Manipur,2013,Cheating,0,0,0,0,0,0,0,0,0,0,0,0,0,0,0
Manipur,2013,Counter Feiting,0,0,0,0,0,0,0,0,0,0,0,0,0,0,0
Manipur,2013,Dowry Deaths,0,0,0,0,0,0,0,0,0,0,0,0,0,0,0
Manipur,2013,Molestation,0,0,0,8,0,8,4,0,4,2,0,2,14,0,14
Manipur,2013,Eve-Teasing,0,0,0,0,0,0,0,0,0,0,0,0,0,0,0
Manipur,2013,Cruelty By Husband Or Relative Of Husband,0,0,0,2,0,2,3,0,3,1,0,1,6,0,6
Manipur,2013,Other Ipc Crimes,0,0,0,13,0,13,17,5,22,1,0,1,31,5,36
Meghalaya,2013,Murder,0,0,0,64,1,65,26,0,26,6,0,6,96,1,97
Meghalaya,2013,Attempt To Commit Murder,0,0,0,21,0,21,8,0,8,0,0,0,29,0,29
Meghalaya,2013,C.H. Not Amounting To Murder,0,0,0,7,0,7,1,0,1,5,0,5,13,0,13
Meghalaya,2013,Rape,0,0,0,36,0,36,23,0,23,2,0,2,61,0,61
Meghalaya,2013,Kidnapping And Abduction,0,0,0,48,2,50,39,0,39,5,0,5,92,2,94
Meghalaya,2013,Dacoity,0,0,0,31,1,32,4,0,4,0,0,0,35,1,36
Meghalaya,2013,Prep. And Assembly For Dacoity,0,0,0,6,0,6,3,0,3,5,0,5,14,0,14
Meghalaya,2013,Robbery,0,0,0,21,1,22,4,0,4,3,0,3,28,1,29
Meghalaya,2013,Burglary,0,0,0,12,0,12,5,0,5,3,0,3,20,0,20
Meghalaya,2013,Thefts,0,0,0,59,2,61,11,0,11,2,0,2,72,2,74
Meghalaya,2013,Extortion,0,0,0,29,0,29,10,0,10,0,0,0,39,0,39
Meghalaya,2013,Riots,0,0,0,0,0,0,0,0,0,0,0,0,0,0,0
Meghalaya,2013,Arson,0,0,0,5,0,5,0,0,0,0,0,0,5,0,5
Meghalaya,2013,Criminal Breach Of Trust,0,0,0,2,0,2,0,0,0,0,0,0,2,0,2
Meghalaya,2013,Cheating,0,0,0,9,1,10,0,0,0,0,0,0,9,1,10
Meghalaya,2013,Counter Feiting,0,0,0,8,0,8,1,0,1,0,0,0,9,0,9
Meghalaya,2013,Dowry Deaths,0,0,0,0,0,0,2,0,2,0,0,0,2,0,2
Meghalaya,2013,Molestation,0,0,0,13,0,13,0,0,0,0,0,0,13,0,13
Meghalaya,2013,Eve-Teasing,0,0,0,5,0,5,0,0,0,0,0,0,5,0,5
Meghalaya,2013,Cruelty By Husband Or Relative Of Husband,0,0,0,0,0,0,1,0,1,0,0,0,1,0,1
Meghalaya,2013,Other Ipc Crimes,0,0,0,15,0,15,5,0,5,2,0,2,22,0,22
Mizoram,2013,Murder,0,0,0,9,0,9,11,0,11,3,0,3,23,0,23
Mizoram,2013,Attempt To Commit Murder,0,0,0,1,0,1,7,0,7,0,0,0,8,0,8
Mizoram,2013,C.H. Not Amounting To Murder,0,0,0,3,0,3,2,0,2,0,0,0,5,0,5
Mizoram,2013,Rape,0,0,0,14,0,14,22,0,22,5,0,5,41,0,41
Mizoram,2013,Kidnapping And Abduction,0,0,0,4,0,4,0,0,0,0,0,0,4,0,4
Mizoram,2013,Dacoity,0,0,0,0,0,0,1,0,1,0,0,0,1,0,1
Mizoram,2013,Prep. And Assembly For Dacoity,0,0,0,0,0,0,0,0,0,0,0,0,0,0,0
Mizoram,2013,Robbery,0,0,0,0,0,0,0,0,0,0,0,0,0,0,0
Mizoram,2013,Burglary,0,0,0,23,0,23,8,0,8,0,0,0,31,0,31
Mizoram,2013,Thefts,0,0,0,62,5,67,43,2,45,8,0,8,113,7,120
Mizoram,2013,Extortion,0,0,0,0,0,0,3,0,3,0,0,0,3,0,3
Mizoram,2013,Riots,0,0,0,0,0,0,0,0,0,0,0,0,0,0,0
Mizoram,2013,Arson,0,0,0,0,0,0,1,0,1,0,0,0,1,0,1
Mizoram,2013,Criminal Breach Of Trust,0,0,0,1,0,1,0,0,0,0,0,0,1,0,1
Mizoram,2013,Cheating,0,0,0,2,0,2,0,0,0,0,0,0,2,0,2
Mizoram,2013,Counter Feiting,0,0,0,0,0,0,2,0,2,0,0,0,2,0,2
Mizoram,2013,Dowry Deaths,0,0,0,0,0,0,0,0,0,0,0,0,0,0,0
Mizoram,2013,Molestation,0,0,0,1,0,1,4,0,4,0,0,0,5,0,5
Mizoram,2013,Eve-Teasing,0,0,0,0,0,0,0,0,0,0,0,0,0,0,0
Mizoram,2013,Cruelty By Husband Or Relative Of Husband,0,0,0,0,0,0,0,0,0,0,0,0,0,0,0
Mizoram,2013,Other Ipc Crimes,0,0,0,19,0,19,12,2,14,1,0,1,32,2,34
Nagaland,2013,Murder,0,0,0,36,0,36,11,1,12,0,1,1,47,2,49
Nagaland,2013,Attempt To Commit Murder,0,0,0,17,0,17,7,0,7,1,0,1,25,0,25
Nagaland,2013,C.H. Not Amounting To Murder,0,0,0,4,0,4,3,0,3,0,0,0,7,0,7
Nagaland,2013,Rape,0,0,0,11,0,11,8,0,8,2,0,2,21,0,21
Nagaland,2013,Kidnapping And Abduction,0,0,0,16,0,16,8,1,9,0,0,0,24,1,25
Nagaland,2013,Dacoity,0,0,0,2,0,2,1,0,1,0,0,0,3,0,3
Nagaland,2013,Prep. And Assembly For Dacoity,0,0,0,0,0,0,0,0,0,0,0,0,0,0,0
Nagaland,2013,Robbery,0,0,0,15,0,15,2,0,2,0,0,0,17,0,17
Nagaland,2013,Burglary,0,0,0,8,0,8,0,0,0,0,0,0,8,0,8
Nagaland,2013,Thefts,0,0,0,42,1,43,21,0,21,0,0,0,63,1,64
Nagaland,2013,Extortion,0,0,0,15,0,15,3,0,3,0,0,0,18,0,18
Nagaland,2013,Riots,0,0,0,0,0,0,0,0,0,0,0,0,0,0,0
Nagaland,2013,Arson,0,0,0,1,0,1,0,0,0,0,0,0,1,0,1
Nagaland,2013,Criminal Breach Of Trust,0,0,0,2,0,2,0,0,0,1,0,1,3,0,3
Nagaland,2013,Cheating,0,0,0,5,0,5,0,0,0,0,0,0,5,0,5
Nagaland,2013,Counter Feiting,0,0,0,0,1,1,0,0,0,0,0,0,0,1,1
Nagaland,2013,Dowry Deaths,0,0,0,0,0,0,0,0,0,0,0,0,0,0,0
Nagaland,2013,Molestation,0,0,0,3,0,3,1,0,1,1,0,1,5,0,5
Nagaland,2013,Eve-Teasing,0,0,0,0,0,0,0,0,0,0,0,0,0,0,0
Nagaland,2013,Cruelty By Husband Or Relative Of Husband,0,0,0,0,0,0,0,0,0,0,0,0,0,0,0
Nagaland,2013,Other Ipc Crimes,2,0,2,27,0,27,11,1,12,1,0,1,41,1,42
Orissa,2013,Murder,0,0,0,1391,136,1527,1753,206,1959,698,50,748,3842,392,4234
Orissa,2013,Attempt To Commit Murder,0,0,0,289,17,306,432,10,442,65,0,65,786,27,813
Orissa,2013,C.H. Not Amounting To Murder,0,0,0,90,0,90,72,0,72,11,0,11,173,0,173
Orissa,2013,Rape,0,0,0,283,0,283,172,0,172,13,0,13,468,0,468
Orissa,2013,Kidnapping And Abduction,0,0,0,199,0,199,137,0,137,21,0,21,357,0,357
Orissa,2013,Dacoity,0,0,0,500,0,500,329,0,329,15,0,15,844,0,844
Orissa,2013,Prep. And Assembly For Dacoity,0,0,0,193,0,193,145,0,145,0,0,0,338,0,338
Orissa,2013,Robbery,0,0,0,241,0,241,329,0,329,30,0,30,600,0,600
Orissa,2013,Burglary,0,0,0,102,0,102,87,0,87,42,0,42,231,0,231
Orissa,2013,Thefts,0,0,0,469,0,469,305,0,305,57,0,57,831,0,831
Orissa,2013,Extortion,0,0,0,21,0,21,13,0,13,6,0,6,40,0,40
Orissa,2013,Riots,0,0,0,119,0,119,34,0,34,0,0,0,153,0,153
Orissa,2013,Arson,0,0,0,21,0,21,17,0,17,0,0,0,38,0,38
Orissa,2013,Criminal Breach Of Trust,0,0,0,15,0,15,7,0,7,0,0,0,22,0,22
Orissa,2013,Cheating,0,0,0,20,0,20,14,0,14,0,0,0,34,0,34
Orissa,2013,Counter Feiting,0,0,0,167,12,179,117,25,142,17,0,17,301,37,338
Orissa,2013,Dowry Deaths,0,0,0,53,0,53,17,0,17,19,0,19,89,0,89
Orissa,2013,Molestation,0,0,0,0,0,0,0,0,0,0,0,0,0,0,0
Orissa,2013,Eve-Teasing,0,0,0,0,0,0,0,0,0,0,0,0,0,0,0
Orissa,2013,Cruelty By Husband Or Relative Of Husband,0,0,0,159,6,165,57,9,66,28,0,28,244,15,259
Orissa,2013,Other Ipc Crimes,0,0,0,153,4,157,169,9,178,37,11,48,359,24,383
Punjab,2013,Murder,0,0,0,883,86,969,959,65,1024,387,25,412,2229,176,2405
Punjab,2013,Attempt To Commit Murder,0,0,0,614,24,638,773,14,787,156,5,161,1543,43,1586
Punjab,2013,C.H. Not Amounting To Murder,0,0,0,230,10,240,403,7,410,60,5,65,693,22,715
Punjab,2013,Rape,0,0,0,495,10,505,277,19,296,79,8,87,851,37,888
Punjab,2013,Kidnapping And Abduction,0,0,0,361,13,374,215,12,227,50,4,54,626,29,655
Punjab,2013,Dacoity,0,0,0,340,0,340,133,0,133,41,0,41,514,0,514
Punjab,2013,Prep. And Assembly For Dacoity,0,0,0,96,1,97,103,1,104,15,2,17,214,4,218
Punjab,2013,Robbery,0,0,0,181,0,181,82,0,82,32,0,32,295,0,295
Punjab,2013,Burglary,0,0,0,158,8,166,127,6,133,44,5,49,329,19,348
Punjab,2013,Thefts,0,0,0,289,19,308,501,34,535,91,5,96,881,58,939
Punjab,2013,Extortion,0,0,0,90,0,90,134,0,134,16,0,16,240,0,240
Punjab,2013,Riots,0,0,0,34,0,34,55,2,57,20,1,21,109,3,112
Punjab,2013,Arson,0,0,0,16,0,16,3,0,3,5,0,5,24,0,24
Punjab,2013,Criminal Breach Of Trust,0,0,0,61,3,64,62,0,62,24,0,24,147,3,150
Punjab,2013,Cheating,0,0,0,92,3,95,151,7,158,41,5,46,284,15,299
Punjab,2013,Counter Feiting,0,0,0,56,0,56,126,1,127,35,1,36,217,2,219
Punjab,2013,Dowry Deaths,0,0,0,155,41,196,356,81,437,132,92,224,643,214,857
Punjab,2013,Molestation,0,0,0,36,0,36,94,0,94,23,0,23,153,0,153
Punjab,2013,Eve-Teasing,0,0,0,50,0,50,27,0,27,19,0,19,96,0,96
Punjab,2013,Cruelty By Husband Or Relative Of Husband,0,0,0,50,7,57,120,12,132,35,6,41,205,25,230
Punjab,2013,Other Ipc Crimes,0,0,0,107,2,109,80,3,83,31,4,35,218,9,227
Rajasthan,2013,Murder,0,0,0,933,70,1003,1172,95,1267,314,25,339,2419,190,2609
Rajasthan,2013,Attempt To Commit Murder,0,0,0,380,5,385,397,9,406,121,1,122,898,15,913
Rajasthan,2013,C.H. Not Amounting To Murder,0,0,0,105,9,114,133,3,136,67,1,68,305,13,318
Rajasthan,2013,Rape,0,0,0,828,12,840,584,10,594,91,9,100,1503,31,1534
Rajasthan,2013,Kidnapping And Abduction,0,0,0,191,12,203,208,8,216,30,2,32,429,22,451
Rajasthan,2013,Dacoity,0,0,0,215,0,215,186,5,191,55,1,56,456,6,462
Rajasthan,2013,Prep. And Assembly For Dacoity,0,0,0,96,0,96,127,1,128,18,0,18,241,1,242
Rajasthan,2013,Robbery,0,0,0,234,0,234,205,2,207,35,0,35,474,2,476
Rajasthan,2013,Burglary,0,0,0,287,4,291,183,3,186,36,0,36,506,7,513
Rajasthan,2013,Thefts,0,0,0,652,5,657,489,4,493,142,5,147,1283,14,1297
Rajasthan,2013,Extortion,0,0,0,23,0,23,31,0,31,8,0,8,62,0,62
Rajasthan,2013,Riots,0,0,0,31,0,31,39,0,39,14,0,14,84,0,84
Rajasthan,2013,Arson,0,0,0,32,1,33,19,1,20,7,0,7,58,2,60
Rajasthan,2013,Criminal Breach Of Trust,0,0,0,18,0,18,29,2,31,6,0,6,53,2,55
Rajasthan,2013,Cheating,0,0,0,125,17,142,180,14,194,63,4,67,368,35,403
Rajasthan,2013,Counter Feiting,0,0,0,13,0,13,10,0,10,6,0,6,29,0,29
Rajasthan,2013,Dowry Deaths,0,0,0,174,4,178,156,34,190,62,19,81,392,57,449
Rajasthan,2013,Molestation,0,0,0,15,0,15,11,0,11,0,0,0,26,0,26
Rajasthan,2013,Eve-Teasing,0,0,0,7,0,7,3,0,3,0,0,0,10,0,10
Rajasthan,2013,Cruelty By Husband Or Relative Of Husband,0,0,0,58,0,58,60,2,62,19,4,23,137,6,143
Rajasthan,2013,Other Ipc Crimes,0,0,0,264,1,265,129,1,130,37,3,40,430,5,435
Sikkim,2013,Murder,0,0,0,10,1,11,2,1,3,0,0,0,12,2,14
Sikkim,2013,Attempt To Commit Murder,0,0,0,5,0,5,2,0,2,0,0,0,7,0,7
Sikkim,2013,C.H. Not Amounting To Murder,0,0,0,0,0,0,0,0,0,0,0,0,0,0,0
Sikkim,2013,Rape,0,0,0,10,0,10,5,0,5,2,0,2,17,0,17
Sikkim,2013,Kidnapping And Abduction,0,0,0,2,0,2,1,0,1,0,0,0,3,0,3
Sikkim,2013,Dacoity,0,0,0,0,0,0,0,0,0,0,0,0,0,0,0
Sikkim,2013,Prep. And Assembly For Dacoity,0,0,0,0,0,0,0,0,0,0,0,0,0,0,0
Sikkim,2013,Robbery,0,0,0,3,0,3,0,0,0,0,0,0,3,0,3
Sikkim,2013,Burglary,0,0,0,5,0,5,2,0,2,0,0,0,7,0,7
Sikkim,2013,Thefts,0,0,0,9,0,9,6,0,6,0,0,0,15,0,15
Sikkim,2013,Extortion,0,0,0,0,0,0,0,0,0,0,0,0,0,0,0
Sikkim,2013,Riots,0,0,0,0,0,0,0,0,0,0,0,0,0,0,0
Sikkim,2013,Arson,0,0,0,0,0,0,0,0,0,0,0,0,0,0,0
Sikkim,2013,Criminal Breach Of Trust,0,0,0,0,0,0,0,0,0,0,0,0,0,0,0
Sikkim,2013,Cheating,0,0,0,0,0,0,1,0,1,0,0,0,1,0,1
Sikkim,2013,Counter Feiting,0,0,0,1,0,1,1,0,1,0,0,0,2,0,2
Sikkim,2013,Dowry Deaths,0,0,0,0,0,0,0,0,0,0,0,0,0,0,0
Sikkim,2013,Molestation,0,0,0,0,0,0,0,0,0,0,0,0,0,0,0
Sikkim,2013,Eve-Teasing,0,0,0,0,0,0,0,0,0,0,0,0,0,0,0
Sikkim,2013,Cruelty By Husband Or Relative Of Husband,0,0,0,0,0,0,0,0,0,0,0,0,0,0,0
Sikkim,2013,Other Ipc Crimes,0,0,0,6,2,8,2,0,2,0,0,0,8,2,10
Tamilnadu,2013,Murder,0,0,0,626,28,654,541,24,565,47,3,50,1214,55,1269
Tamilnadu,2013,Attempt To Commit Murder,0,0,0,332,4,336,216,3,219,36,0,36,584,7,591
Tamilnadu,2013,C.H. Not Amounting To Murder,0,0,0,7,0,7,14,0,14,0,0,0,21,0,21
Tamilnadu,2013,Rape,0,0,0,125,0,125,157,6,163,12,0,12,294,6,300
Tamilnadu,2013,Kidnapping And Abduction,0,0,0,112,7,119,175,8,183,24,1,25,311,16,327
Tamilnadu,2013,Dacoity,0,0,0,188,40,228,591,16,607,31,2,33,810,58,868
Tamilnadu,2013,Prep. And Assembly For Dacoity,0,0,0,34,0,34,9,1,10,0,0,0,43,1,44
Tamilnadu,2013,Robbery,0,0,0,262,0,262,392,4,396,60,0,60,714,4,718
Tamilnadu,2013,Burglary,0,0,0,220,3,223,32,0,32,15,0,15,267,3,270
Tamilnadu,2013,Thefts,0,0,0,657,92,749,757,33,790,72,11,83,1486,136,1622
Tamilnadu,2013,Extortion,0,0,0,21,0,21,14,0,14,0,0,0,35,0,35
Tamilnadu,2013,Riots,0,0,0,19,0,19,13,0,13,7,0,7,39,0,39
Tamilnadu,2013,Arson,0,0,0,0,0,0,0,0,0,0,0,0,0,0,0
Tamilnadu,2013,Criminal Breach Of Trust,0,0,0,6,0,6,12,2,14,9,0,9,27,2,29
Tamilnadu,2013,Cheating,0,0,0,160,2,162,220,5,225,9,1,10,389,8,397
Tamilnadu,2013,Counter Feiting,0,0,0,0,0,0,0,0,0,0,0,0,0,0,0
Tamilnadu,2013,Dowry Deaths,0,0,0,59,0,59,37,4,41,10,2,12,106,6,112
Tamilnadu,2013,Molestation,0,0,0,0,0,0,0,2,2,0,0,0,0,2,2
Tamilnadu,2013,Eve-Teasing,0,0,0,138,0,138,39,0,39,0,0,0,177,0,177
Tamilnadu,2013,Cruelty By Husband Or Relative Of Husband,0,0,0,17,0,17,35,1,36,0,1,1,52,2,54
Tamilnadu,2013,Other Ipc Crimes,0,0,0,27,2,29,13,10,23,0,1,1,40,13,53
Tripura,2013,Murder,0,0,0,51,1,52,23,5,28,10,1,11,84,7,91
Tripura,2013,Attempt To Commit Murder,0,0,0,9,0,9,8,3,11,0,0,0,17,3,20
Tripura,2013,C.H. Not Amounting To Murder,0,0,0,0,0,0,2,0,2,1,0,1,3,0,3
Tripura,2013,Rape,0,0,0,25,0,25,15,0,15,3,0,3,43,0,43
Tripura,2013,Kidnapping And Abduction,0,0,0,25,0,25,7,0,7,1,1,2,33,1,34
Tripura,2013,Dacoity,0,0,0,8,0,8,2,0,2,2,0,2,12,0,12
Tripura,2013,Prep. And Assembly For Dacoity,0,0,0,0,0,0,0,0,0,0,0,0,0,0,0
Tripura,2013,Robbery,0,0,0,14,0,14,2,0,2,0,0,0,16,0,16
Tripura,2013,Burglary,0,0,0,1,0,1,3,0,3,0,0,0,4,0,4
Tripura,2013,Thefts,0,0,0,30,0,30,8,0,8,0,0,0,38,0,38
Tripura,2013,Extortion,0,0,0,0,0,0,3,0,3,0,0,0,3,0,3
Tripura,2013,Riots,0,0,0,1,0,1,2,0,2,0,0,0,3,0,3
Tripura,2013,Arson,0,0,0,0,0,0,0,0,0,0,0,0,0,0,0
Tripura,2013,Criminal Breach Of Trust,0,0,0,1,0,1,0,0,0,0,0,0,1,0,1
Tripura,2013,Cheating,0,0,0,4,0,4,2,0,2,0,0,0,6,0,6
Tripura,2013,Counter Feiting,0,0,0,4,0,4,3,0,3,0,0,0,7,0,7
Tripura,2013,Dowry Deaths,0,0,0,0,0,0,0,0,0,0,0,0,0,0,0
Tripura,2013,Molestation,0,0,0,1,0,1,0,0,0,0,0,0,1,0,1
Tripura,2013,Eve-Teasing,0,0,0,0,0,0,0,0,0,0,0,0,0,0,0
Tripura,2013,Cruelty By Husband Or Relative Of Husband,0,0,0,25,0,25,21,0,21,1,0,1,47,0,47
Tripura,2013,Other Ipc Crimes,0,0,0,15,0,15,20,0,20,5,0,5,40,0,40
Uttar Pradesh,2013,Murder,0,0,0,4115,178,4293,4538,230,4768,1428,48,1476,10081,456,10537
Uttar Pradesh,2013,Attempt To Commit Murder,0,0,0,2215,22,2237,2237,40,2277,772,7,779,5224,69,5293
Uttar Pradesh,2013,C.H. Not Amounting To Murder,0,0,0,1008,25,1033,861,37,898,374,11,385,2243,73,2316
Uttar Pradesh,2013,Rape,0,0,0,2387,16,2403,1369,26,1395,337,5,342,4093,47,4140
Uttar Pradesh,2013,Kidnapping And Abduction,0,0,0,1337,67,1404,1166,105,1271,389,32,421,2892,204,3096
Uttar Pradesh,2013,Dacoity,0,0,0,657,0,657,653,1,654,141,0,141,1451,1,1452
Uttar Pradesh,2013,Prep. And Assembly For Dacoity,0,0,0,344,0,344,235,0,235,69,0,69,648,0,648
Uttar Pradesh,2013,Robbery,0,0,0,1127,4,1131,864,0,864,164,0,164,2155,4,2159
Uttar Pradesh,2013,Burglary,0,0,0,432,0,432,468,2,470,131,0,131,1031,2,1033
Uttar Pradesh,2013,Thefts,0,0,0,1978,29,2007,1789,29,1818,449,7,456,4216,65,4281
Uttar Pradesh,2013,Extortion,0,0,0,156,0,156,152,0,152,42,0,42,350,0,350
Uttar Pradesh,2013,Riots,0,0,0,105,0,105,140,1,141,26,0,26,271,1,272
Uttar Pradesh,2013,Arson,0,0,0,86,0,86,118,3,121,22,1,23,226,4,230
Uttar Pradesh,2013,Criminal Breach Of Trust,0,0,0,197,4,201,206,7,213,111,4,115,514,15,529
Uttar Pradesh,2013,Cheating,0,0,0,344,7,351,404,13,417,185,14,199,933,34,967
Uttar Pradesh,2013,Counter Feiting,0,0,0,66,0,66,79,3,82,28,0,28,173,3,176
Uttar Pradesh,2013,Dowry Deaths,0,0,0,2300,250,2550,1881,459,2340,1032,274,1306,5213,983,6196
Uttar Pradesh,2013,Molestation,0,0,0,221,0,221,151,0,151,25,0,25,397,0,397
Uttar Pradesh,2013,Eve-Teasing,0,0,0,8,0,8,6,0,6,0,0,0,14,0,14
Uttar Pradesh,2013,Cruelty By Husband Or Relative Of Husband,0,0,0,569,20,589,529,36,565,156,5,161,1254,61,1315
Uttar Pradesh,2013,Other Ipc Crimes,0,0,0,540,4,544,477,9,486,185,4,189,1202,17,1219
Uttaranchal,2013,Murder,0,0,0,23,2,25,97,9,106,62,2,64,182,13,195
Uttaranchal,2013,Attempt To Commit Murder,0,0,0,60,5,65,84,5,89,22,0,22,166,10,176
Uttaranchal,2013,C.H. Not Amounting To Murder,0,0,0,36,2,38,80,0,80,32,0,32,148,2,150
Uttaranchal,2013,Rape,0,0,0,23,0,23,33,0,33,28,4,32,84,4,88
Uttaranchal,2013,Kidnapping And Abduction,0,0,0,32,5,37,22,2,24,29,2,31,83,9,92
Uttaranchal,2013,Dacoity,0,0,0,11,0,11,22,0,22,21,3,24,54,3,57
Uttaranchal,2013,Prep. And Assembly For Dacoity,0,0,0,0,0,0,14,0,14,19,2,21,33,2,35
Uttaranchal,2013,Robbery,0,0,0,23,3,26,6,3,9,13,0,13,42,6,48
Uttaranchal,2013,Burglary,0,0,0,21,2,23,11,2,13,13,3,16,45,7,52
Uttaranchal,2013,Thefts,0,0,0,41,5,46,21,0,21,12,4,16,74,9,83
Uttaranchal,2013,Extortion,0,0,0,9,0,9,4,0,4,0,0,0,13,0,13
Uttaranchal,2013,Riots,0,0,0,17,0,17,5,0,5,0,0,0,22,0,22
Uttaranchal,2013,Arson,0,0,0,0,0,0,0,0,0,0,0,0,0,0,0
Uttaranchal,2013,Criminal Breach Of Trust,0,0,0,24,2,26,5,0,5,0,0,0,29,2,31
Uttaranchal,2013,Cheating,0,0,0,32,0,32,13,0,13,11,3,14,56,3,59
Uttaranchal,2013,Counter Feiting,0,0,0,7,0,7,3,0,3,0,0,0,10,0,10
Uttaranchal,2013,Dowry Deaths,0,0,0,30,0,30,22,0,22,32,4,36,84,4,88
Uttaranchal,2013,Molestation,0,0,0,7,0,7,1,0,1,0,0,0,8,0,8
Uttaranchal,2013,Eve-Teasing,0,0,0,14,0,14,3,0,3,0,0,0,17,0,17
Uttaranchal,2013,Cruelty By Husband Or Relative Of Husband,0,0,0,28,0,28,2,0,2,0,0,0,30,0,30
Uttaranchal,2013,Other Ipc Crimes,0,0,0,67,0,67,15,0,15,0,0,0,82,0,82
West Bengal,2013,Murder,0,0,0,1061,69,1130,912,79,991,218,27,245,2191,175,2366
West Bengal,2013,Attempt To Commit Murder,0,0,0,506,15,521,345,18,363,99,5,104,950,38,988
West Bengal,2013,C.H. Not Amounting To Murder,0,0,0,142,6,148,147,17,164,69,11,80,358,34,392
West Bengal,2013,Rape,0,0,0,616,3,619,456,4,460,135,0,135,1207,7,1214
West Bengal,2013,Kidnapping And Abduction,0,0,0,302,41,343,242,33,275,63,8,71,607,82,689
West Bengal,2013,Dacoity,0,0,0,389,2,391,380,0,380,68,0,68,837,2,839
West Bengal,2013,Prep. And Assembly For Dacoity,0,0,0,621,0,621,407,0,407,63,0,63,1091,0,1091
West Bengal,2013,Robbery,0,0,0,197,1,198,196,0,196,41,0,41,434,1,435
West Bengal,2013,Burglary,0,0,0,44,0,44,49,0,49,24,0,24,117,0,117
West Bengal,2013,Thefts,0,0,0,714,19,733,494,10,504,101,5,106,1309,34,1343
West Bengal,2013,Extortion,0,0,0,52,0,52,66,1,67,14,0,14,132,1,133
West Bengal,2013,Riots,0,0,0,72,2,74,96,0,96,38,2,40,206,4,210
West Bengal,2013,Arson,0,0,0,7,0,7,22,0,22,2,0,2,31,0,31
West Bengal,2013,Criminal Breach Of Trust,0,0,0,24,0,24,28,0,28,14,0,14,66,0,66
West Bengal,2013,Cheating,0,0,0,133,30,163,115,3,118,47,0,47,295,33,328
West Bengal,2013,Counter Feiting,0,0,0,102,9,111,106,8,114,18,0,18,226,17,243
West Bengal,2013,Dowry Deaths,0,0,0,128,21,149,132,30,162,49,26,75,309,77,386
West Bengal,2013,Molestation,0,0,0,18,0,18,45,0,45,3,0,3,66,0,66
West Bengal,2013,Eve-Teasing,0,0,0,5,0,5,8,0,8,0,0,0,13,0,13
West Bengal,2013,Cruelty By Husband Or Relative Of Husband,0,0,0,303,37,340,331,57,388,100,22,122,734,116,850
West Bengal,2013,Other Ipc Crimes,0,0,0,116,4,120,59,4,63,28,1,29,203,9,212
A & N Islands,2013,Murder,0,0,0,14,5,19,11,0,11,3,0,3,28,5,33
A & N Islands,2013,Attempt To Commit Murder,0,0,0,2,1,3,2,0,2,0,0,0,4,1,5
A & N Islands,2013,C.H. Not Amounting To Murder,0,0,0,0,0,0,0,0,0,0,0,0,0,0,0
A & N Islands,2013,Rape,0,0,0,11,0,11,5,0,5,2,0,2,18,0,18
A & N Islands,2013,Kidnapping And Abduction,0,0,0,0,0,0,0,0,0,0,0,0,0,0,0
A & N Islands,2013,Dacoity,0,0,0,0,0,0,0,0,0,0,0,0,0,0,0
A & N Islands,2013,Prep. And Assembly For Dacoity,0,0,0,0,0,0,0,0,0,0,0,0,0,0,0
A & N Islands,2013,Robbery,0,0,0,0,0,0,0,0,0,0,0,0,0,0,0
A & N Islands,2013,Burglary,0,0,0,0,0,0,0,0,0,0,0,0,0,0,0
A & N Islands,2013,Thefts,0,0,0,4,0,4,1,0,1,1,0,1,6,0,6
A & N Islands,2013,Extortion,0,0,0,0,0,0,0,0,0,0,0,0,0,0,0
A & N Islands,2013,Riots,0,0,0,0,0,0,0,0,0,0,0,0,0,0,0
A & N Islands,2013,Arson,0,0,0,0,0,0,0,0,0,0,0,0,0,0,0
A & N Islands,2013,Criminal Breach Of Trust,0,0,0,0,0,0,0,0,0,0,0,0,0,0,0
A & N Islands,2013,Cheating,0,0,0,0,0,0,0,0,0,0,0,0,0,0,0
A & N Islands,2013,Counter Feiting,0,0,0,0,0,0,0,0,0,0,0,0,0,0,0
A & N Islands,2013,Dowry Deaths,0,0,0,0,0,0,0,0,0,0,0,0,0,0,0
A & N Islands,2013,Molestation,0,0,0,0,0,0,0,0,0,0,0,0,0,0,0
A & N Islands,2013,Eve-Teasing,0,0,0,0,0,0,0,0,0,0,0,0,0,0,0
A & N Islands,2013,Cruelty By Husband Or Relative Of Husband,0,0,0,0,0,0,0,0,0,0,0,0,0,0,0
A & N Islands,2013,Other Ipc Crimes,0,0,0,10,0,10,7,0,7,4,0,4,21,0,21
Chandigarh,2013,Murder,0,0,0,26,3,29,18,2,20,12,1,13,56,6,62
Chandigarh,2013,Attempt To Commit Murder,0,0,0,6,1,7,4,0,4,8,0,8,18,1,19
Chandigarh,2013,C.H. Not Amounting To Murder,0,0,0,4,0,4,7,0,7,5,0,5,16,0,16
Chandigarh,2013,Rape,0,0,0,18,0,18,14,0,14,4,0,4,36,0,36
Chandigarh,2013,Kidnapping And Abduction,0,0,0,2,0,2,6,0,6,6,0,6,14,0,14
Chandigarh,2013,Dacoity,0,0,0,3,0,3,4,0,4,11,0,11,18,0,18
Chandigarh,2013,Prep. And Assembly For Dacoity,0,0,0,4,0,4,5,0,5,0,0,0,9,0,9
Chandigarh,2013,Robbery,0,0,0,4,0,4,4,0,4,4,0,4,12,0,12
Chandigarh,2013,Burglary,0,0,0,8,0,8,11,0,11,0,0,0,19,0,19
Chandigarh,2013,Thefts,0,0,0,34,2,36,21,1,22,19,2,21,74,5,79
Chandigarh,2013,Extortion,0,0,0,0,0,0,1,0,1,0,0,0,1,0,1
Chandigarh,2013,Riots,0,0,0,2,0,2,0,0,0,4,0,4,6,0,6
Chandigarh,2013,Arson,0,0,0,0,0,0,0,0,0,0,0,0,0,0,0
Chandigarh,2013,Criminal Breach Of Trust,0,0,0,3,0,3,2,0,2,3,0,3,8,0,8
Chandigarh,2013,Cheating,0,0,0,4,0,4,1,0,1,5,0,5,10,0,10
Chandigarh,2013,Counter Feiting,0,0,0,0,0,0,0,0,0,0,0,0,0,0,0
Chandigarh,2013,Dowry Deaths,0,0,0,3,0,3,2,0,2,4,0,4,9,0,9
Chandigarh,2013,Molestation,0,0,0,2,0,2,1,0,1,0,0,0,3,0,3
Chandigarh,2013,Eve-Teasing,0,0,0,1,0,1,0,0,0,0,0,0,1,0,1
Chandigarh,2013,Cruelty By Husband Or Relative Of Husband,0,0,0,1,0,1,4,0,4,5,0,5,10,0,10
Chandigarh,2013,Other Ipc Crimes,0,0,0,0,0,0,0,0,0,0,0,0,0,0,0
D & N Haveli,2013,Murder,0,0,0,3,0,3,0,0,0,2,0,2,5,0,5
D & N Haveli,2013,Attempt To Commit Murder,0,0,0,2,0,2,0,0,0,0,0,0,2,0,2
D & N Haveli,2013,C.H. Not Amounting To Murder,0,0,0,1,0,1,0,0,0,0,0,0,1,0,1
D & N Haveli,2013,Rape,0,0,0,6,0,6,2,0,2,0,0,0,8,0,8
D & N Haveli,2013,Kidnapping And Abduction,0,0,0,0,0,0,0,0,0,0,0,0,0,0,0
D & N Haveli,2013,Dacoity,0,0,0,2,0,2,4,0,4,0,0,0,6,0,6
D & N Haveli,2013,Prep. And Assembly For Dacoity,0,0,0,0,0,0,0,0,0,0,0,0,0,0,0
D & N Haveli,2013,Robbery,0,0,0,1,0,1,1,0,1,0,0,0,2,0,2
D & N Haveli,2013,Burglary,0,0,0,0,0,0,0,0,0,0,0,0,0,0,0
D & N Haveli,2013,Thefts,0,0,0,4,0,4,1,0,1,0,0,0,5,0,5
D & N Haveli,2013,Extortion,0,0,0,0,0,0,0,0,0,0,0,0,0,0,0
D & N Haveli,2013,Riots,0,0,0,0,0,0,0,0,0,0,0,0,0,0,0
D & N Haveli,2013,Arson,0,0,0,0,0,0,0,0,0,0,0,0,0,0,0
D & N Haveli,2013,Criminal Breach Of Trust,0,0,0,0,0,0,0,0,0,0,0,0,0,0,0
D & N Haveli,2013,Cheating,0,0,0,0,0,0,2,0,2,0,0,0,2,0,2
D & N Haveli,2013,Counter Feiting,0,0,0,0,0,0,0,0,0,0,0,0,0,0,0
D & N Haveli,2013,Dowry Deaths,0,0,0,0,0,0,0,0,0,0,0,0,0,0,0
D & N Haveli,2013,Molestation,0,0,0,0,0,0,0,0,0,0,0,0,0,0,0
D & N Haveli,2013,Eve-Teasing,0,0,0,0,0,0,0,0,0,0,0,0,0,0,0
D & N Haveli,2013,Cruelty By Husband Or Relative Of Husband,0,0,0,2,0,2,0,0,0,0,0,0,2,0,2
D & N Haveli,2013,Other Ipc Crimes,0,0,0,0,0,0,0,0,0,0,0,0,0,0,0
Daman & Diu,2013,Murder,0,0,0,16,0,16,8,0,8,1,0,1,25,0,25
Daman & Diu,2013,Attempt To Commit Murder,0,0,0,0,0,0,1,0,1,0,0,0,1,0,1
Daman & Diu,2013,C.H. Not Amounting To Murder,0,0,0,0,0,0,0,0,0,0,0,0,0,0,0
Daman & Diu,2013,Rape,0,0,0,2,0,2,2,0,2,0,0,0,4,0,4
Daman & Diu,2013,Kidnapping And Abduction,0,0,0,3,0,3,1,0,1,0,0,0,4,0,4
Daman & Diu,2013,Dacoity,0,0,0,0,0,0,1,0,1,0,0,0,1,0,1
Daman & Diu,2013,Prep. And Assembly For Dacoity,0,0,0,0,0,0,0,0,0,0,0,0,0,0,0
Daman & Diu,2013,Robbery,0,0,0,0,0,0,0,0,0,0,0,0,0,0,0
Daman & Diu,2013,Burglary,0,0,0,0,0,0,0,0,0,0,0,0,0,0,0
Daman & Diu,2013,Thefts,0,0,0,2,0,2,1,0,1,0,0,0,3,0,3
Daman & Diu,2013,Extortion,0,0,0,0,0,0,0,0,0,0,0,0,0,0,0
Daman & Diu,2013,Riots,0,0,0,0,0,0,0,0,0,0,0,0,0,0,0
Daman & Diu,2013,Arson,0,0,0,0,0,0,0,0,0,0,0,0,0,0,0
Daman & Diu,2013,Criminal Breach Of Trust,0,0,0,0,0,0,0,0,0,0,0,0,0,0,0
Daman & Diu,2013,Cheating,0,0,0,0,0,0,0,0,0,0,0,0,0,0,0
Daman & Diu,2013,Counter Feiting,0,0,0,0,0,0,0,0,0,0,0,0,0,0,0
Daman & Diu,2013,Dowry Deaths,0,0,0,0,0,0,0,0,0,0,0,0,0,0,0
Daman & Diu,2013,Molestation,0,0,0,0,0,0,0,0,0,0,0,0,0,0,0
Daman & Diu,2013,Eve-Teasing,0,0,0,0,0,0,0,0,0,0,0,0,0,0,0
Daman & Diu,2013,Cruelty By Husband Or Relative Of Husband,0,0,0,0,0,0,0,0,0,0,0,0,0,0,0
Daman & Diu,2013,Other Ipc Crimes,0,0,0,0,0,0,0,0,0,0,0,0,0,0,0
Delhi,2013,Murder,0,0,0,1528,49,1577,732,54,786,104,16,120,2364,119,2483
Delhi,2013,Attempt To Commit Murder,0,0,0,365,5,370,152,4,156,28,0,28,545,9,554
Delhi,2013,C.H. Not Amounting To Murder,0,0,0,44,1,45,15,3,18,2,0,2,61,4,65
Delhi,2013,Rape,0,0,0,901,18,919,391,35,426,43,5,48,1335,58,1393
Delhi,2013,Kidnapping And Abduction,0,0,0,206,16,222,116,17,133,10,3,13,332,36,368
Delhi,2013,Dacoity,0,0,0,380,0,380,161,0,161,9,0,9,550,0,550
Delhi,2013,Prep. And Assembly For Dacoity,0,0,0,37,0,37,29,0,29,0,0,0,66,0,66
Delhi,2013,Robbery,0,0,0,266,0,266,105,0,105,4,0,4,375,0,375
Delhi,2013,Burglary,0,0,0,52,0,52,17,0,17,3,0,3,72,0,72
Delhi,2013,Thefts,0,0,0,1028,11,1039,322,15,337,51,4,55,1401,30,1431
Delhi,2013,Extortion,0,0,0,21,0,21,4,0,4,0,0,0,25,0,25
Delhi,2013,Riots,0,0,0,1,0,1,7,0,7,0,0,0,8,0,8
Delhi,2013,Arson,0,0,0,1,0,1,1,0,1,0,0,0,2,0,2
Delhi,2013,Criminal Breach Of Trust,0,0,0,13,0,13,8,0,8,1,0,1,22,0,22
Delhi,2013,Cheating,0,0,0,217,10,227,160,14,174,56,4,60,433,28,461
Delhi,2013,Counter Feiting,0,0,0,13,0,13,15,5,20,2,0,2,30,5,35
Delhi,2013,Dowry Deaths,0,0,0,144,15,159,70,29,99,10,17,27,224,61,285
Delhi,2013,Molestation,0,0,0,77,0,77,24,0,24,0,0,0,101,0,101
Delhi,2013,Eve-Teasing,0,0,0,70,0,70,3,0,3,0,0,0,73,0,73
Delhi,2013,Cruelty By Husband Or Relative Of Husband,0,0,0,0,0,0,0,0,0,0,0,0,0,0,0
Delhi,2013,Other Ipc Crimes,0,0,0,132,6,138,77,3,80,44,0,44,253,9,262
Lakshadweep,2013,Murder,0,0,0,0,0,0,0,0,0,0,0,0,0,0,0
Lakshadweep,2013,Attempt To Commit Murder,0,0,0,0,0,0,0,0,0,0,0,0,0,0,0
Lakshadweep,2013,C.H. Not Amounting To Murder,0,0,0,0,0,0,0,0,0,0,0,0,0,0,0
Lakshadweep,2013,Rape,0,0,0,0,0,0,0,0,0,0,0,0,0,0,0
Lakshadweep,2013,Kidnapping And Abduction,0,0,0,0,0,0,0,0,0,0,0,0,0,0,0
Lakshadweep,2013,Dacoity,0,0,0,0,0,0,0,0,0,0,0,0,0,0,0
Lakshadweep,2013,Prep. And Assembly For Dacoity,0,0,0,0,0,0,0,0,0,0,0,0,0,0,0
Lakshadweep,2013,Robbery,0,0,0,0,0,0,0,0,0,0,0,0,0,0,0
Lakshadweep,2013,Burglary,0,0,0,0,0,0,0,0,0,0,0,0,0,0,0
Lakshadweep,2013,Thefts,0,0,0,0,0,0,0,0,0,0,0,0,0,0,0
Lakshadweep,2013,Extortion,0,0,0,0,0,0,0,0,0,0,0,0,0,0,0
Lakshadweep,2013,Riots,0,0,0,0,0,0,0,0,0,0,0,0,0,0,0
Lakshadweep,2013,Arson,0,0,0,0,0,0,0,0,0,0,0,0,0,0,0
Lakshadweep,2013,Criminal Breach Of Trust,0,0,0,0,0,0,0,0,0,0,0,0,0,0,0
Lakshadweep,2013,Cheating,0,0,0,0,0,0,0,0,0,0,0,0,0,0,0
Lakshadweep,2013,Counter Feiting,0,0,0,0,0,0,0,0,0,0,0,0,0,0,0
Lakshadweep,2013,Dowry Deaths,0,0,0,0,0,0,0,0,0,0,0,0,0,0,0
Lakshadweep,2013,Molestation,0,0,0,0,0,0,0,0,0,0,0,0,0,0,0
Lakshadweep,2013,Eve-Teasing,0,0,0,0,0,0,0,0,0,0,0,0,0,0,0
Lakshadweep,2013,Cruelty By Husband Or Relative Of Husband,0,0,0,0,0,0,0,0,0,0,0,0,0,0,0
Lakshadweep,2013,Other Ipc Crimes,0,0,0,0,0,0,0,0,0,0,0,0,0,0,0
Pondicherry,2013,Murder,0,0,0,40,0,40,12,2,14,4,0,4,56,2,58
Pondicherry,2013,Attempt To Commit Murder,0,0,0,0,0,0,2,0,2,0,0,0,2,0,2
Pondicherry,2013,C.H. Not Amounting To Murder,0,0,0,2,0,2,1,0,1,0,0,0,3,0,3
Pondicherry,2013,Rape,0,0,0,10,0,10,3,0,3,0,0,0,13,0,13
Pondicherry,2013,Kidnapping And Abduction,0,0,0,16,0,16,5,0,5,0,0,0,21,0,21
Pondicherry,2013,Dacoity,0,0,0,0,0,0,0,0,0,0,0,0,0,0,0
Pondicherry,2013,Prep. And Assembly For Dacoity,0,0,0,2,0,2,0,0,0,0,0,0,2,0,2
Pondicherry,2013,Robbery,0,0,0,6,0,6,0,1,1,1,0,1,7,1,8
Pondicherry,2013,Burglary,0,0,0,5,0,5,1,0,1,0,0,0,6,0,6
Pondicherry,2013,Thefts,0,0,0,6,0,6,7,1,8,3,1,4,16,2,18
Pondicherry,2013,Extortion,0,0,0,0,0,0,0,0,0,0,0,0,0,0,0
Pondicherry,2013,Riots,0,0,0,0,0,0,0,0,0,0,0,0,0,0,0
Pondicherry,2013,Arson,0,0,0,0,0,0,1,0,1,0,0,0,1,0,1
Pondicherry,2013,Criminal Breach Of Trust,0,0,0,0,0,0,0,0,0,0,0,0,0,0,0
Pondicherry,2013,Cheating,0,0,0,0,0,0,0,0,0,0,0,0,0,0,0
Pondicherry,2013,Counter Feiting,0,0,0,0,0,0,0,0,0,0,0,0,0,0,0
Pondicherry,2013,Dowry Deaths,0,0,0,0,0,0,0,0,0,0,0,0,0,0,0
Pondicherry,2013,Molestation,0,0,0,0,0,0,0,0,0,0,0,0,0,0,0
Pondicherry,2013,Eve-Teasing,0,0,0,0,0,0,0,0,0,0,0,0,0,0,0
Pondicherry,2013,Cruelty By Husband Or Relative Of Husband,0,0,0,1,0,1,0,0,0,0,0,0,1,0,1
Pondicherry,2013,Other Ipc Crimes,0,0,0,19,0,19,15,0,15,3,0,3,37,0,37
