State,District,Area (sq km),Households,Total Population,Total Males,Total Females,Literate Population,Literate Males,Illiterate Population,Males Illiterates,Female Illiterates,Total Working Population,Total Working Males,Total Working Females,Unemployed Population,Unemployed Males,Unemployed Females,ST,SC,Hindus,Muslims,Sikhs,Buddhists,Jains,Others_Religions,Religion_Not_Stated,Households,Rural_Households,Urban_Households,Households_with_Internet,MPI HCR
ANDHRA PRADESH,Adilabad,16105.0,649849,2741239,1369597,1371642,1483347,856350,1257892,513247,744645,1323667,748939,574728,1417572,620658,796914,495794,488596,2399901,275970,1377,25510,617,322,22120,817714,597466,220248,5512,27.12%
UTTAR PRADESH,Agra,4041.0,710566,4418797,2364953,2053844,2680510,1614594,1738287,750359,987928,1389844,1119701,270143,3028953,1245252,1783701,7255,991325,3922718,411313,12057,4049,21508,384,36692,903823,496971,406852,27183,32.83%
GUJARAT,Ahmadabad,8107.0,1510134,7214225,3788051,3426174,5435760,3025463,1778465,762588,1015877,2594952,2127547,467405,4619273,1660504,2958769,89138,759483,6042416,883238,14542,4518,209287,2055,7415,2198552,353169,1845383,126341,5.85%
MAHARASHTRA,Ahmadnagar,17048.0,930024,4543159,2342825,2200334,3151890,1773355,1391269,569470,821799,2204590,1300309,904281,2338569,1042516,1296053,378230,573698,4107143,320743,5431,33898,38718,1408,13052,1323404,1041393,282011,18370,15.40%
MIZORAM,Aizawl,3576.0,82524,400309,199270,201039,340595,169547,59714,29723,29991,174636,104643,69993,225673,94627,131046,373542,627,13249,5264,105,1570,76,505,406,100911,20570,80341,4019,1.76%
RAJASTHAN,Ajmer,8481.0,494832,2583052,1324085,1258967,1526673,926268,1056379,397817,658562,1053722,686149,367573,1529330,637936,891394,63482,478027,2201663,314159,6799,417,45614,184,3611,684254,409335,274919,13499,17.90%
MAHARASHTRA,Akola,5676.0,395690,1813906,932334,881572,1411281,758977,402625,173357,229268,768154,520362,247792,1045752,411972,633780,100280,364059,1107809,357253,1504,328033,10205,389,4230,504235,308158,196077,6163,13.38%
KERALA,Alappuzha,1415.0,535958,2127789,1013142,1114647,1852797,890552,274992,122590,152402,804471,536738,267733,1323318,476404,846914,6574,201211,1460447,224545,268,146,74,311,6942,723536,331419,392117,28842,0.71%
UTTAR PRADESH,Aligarh,3650.0,611371,3673889,1951996,1721893,2092567,1283380,1581322,668616,912706,1174361,929337,245024,2499528,1022659,1476869,629,755254,2904140,729283,5875,2582,2805,91,21478,858059,582117,275942,13634,37.26%
MADHYA PRADESH,Alirajpur,3182.0,123800,728999,362542,366457,209754,120905,519245,241637,277608,366797,188698,178099,362202,173844,188358,648638,26877,705060,17660,65,36,780,271,527,150528,135866,14662,297,71.31%
UTTAR PRADESH,Allahabad,5482.0,976733,5954391,3131807,2822584,3665727,2199340,2288664,932467,1356197,2111907,1426110,685797,3842484,1705697,2136787,7955,1309851,5102041,796756,4377,4391,2247,305,30492,1248570,983266,265304,24122,32.77%
UTTARAKHAND,Almora,3144.0,140577,622506,291081,331425,436497,231604,186009,59477,126532,298211,142460,155751,324295,148621,175674,1281,150995,611250,7752,256,201,31,6,1115,281138,260056,21082,1830,25.65%
RAJASTHAN,Alwar,8380.0,639720,3674179,1939026,1735153,2182476,1359829,1491703,579197,912506,1708542,994171,714371,1965637,944855,1020782,289249,653036,3039279,547335,64532,4384,13221,348,2384,995261,782294,212967,9750,29.96%
HARYANA,Ambala,1574.0,224334,1128350,598703,529647,818025,461288,310325,137415,172910,372139,320120,52019,756211,278583,477628,0,296246,955096,22143,138202,381,4845,110,3868,315256,175365,139891,12899,1.99%
UTTAR PRADESH,Ambedkar Nagar,2350.0,368728,2397888,1212410,1185478,1486939,846676,910949,365734,545215,787398,547406,239992,1610490,665004,945486,746,591125,1985654,401678,869,1817,235,33,5066,566590,501559,65031,2509,34.03%
MAHARASHTRA,Amravati,12210.0,647451,2888445,1480768,1407677,2251875,1207104,636570,273664,362906,1236322,837577,398745,1652123,643191,1008932,404128,506374,2055177,421410,2242,383891,11360,3288,3854,781815,508921,272894,9438,12.24%
GUJARAT,Amreli,7397.0,294837,1514190,771049,743141,995459,558180,518731,212869,305862,657139,453642,203497,857051,317407,539644,7322,132915,1410463,99105,415,243,2053,40,952,430613,313714,116899,2538,11.95%
PUNJAB,Amritsar,2683.0,488898,2490656,1318408,1172248,1684770,932981,805886,385427,420459,917856,735195,182661,1572800,583213,989587,0,770864,690939,12502,1716935,876,3152,1044,10864,660953,275477,385476,29961,7.42%
GUJARAT,Anand,3204.0,427605,2092745,1087224,1005521,1551253,874481,541492,212743,328749,844794,627561,217233,1247951,459663,788288,24824,104465,1798794,250919,1524,267,8591,142,2719,621987,413078,208909,9902,14.81%
ANDHRA PRADESH,Anantapur,19130.0,968160,4081148,2064495,2016653,2310960,1338474,1770188,726021,1044167,2036166,1208544,827622,2044982,855951,1189031,154127,583135,3599372,443456,932,341,1417,309,14858,1244428,902997,341431,8606,12.47%
JAMMU AND KASHMIR,Anantnag,3574.0,153640,1078692,559767,518925,545532,324417,533160,235350,297810,389684,244032,145652,689008,315735,373273,116006,1826,13180,1057005,6140,55,7,7,849,277733,207067,70666,2712,8.36%
ARUNACHAL PRADESH,Anjaw,6190.0,4612,21167,11507,9660,9990,6523,11177,4984,6193,10501,6224,4277,10666,5283,5383,16451,0,13088,655,273,644,12,6137,87,6453,6025,428,27,22.86%
ORISSA,Anugul,6375.0,297050,1273821,655718,618103,869456,494425,404365,161293,243072,526520,360947,165573,747301,294771,452530,179603,239552,1258684,7512,812,226,36,971,2197,414587,340410,74177,5564,24.57%
MADHYA PRADESH,Anuppur,3747.0,170715,749237,379114,370123,436595,254120,312642,124994,187648,346471,207401,139070,402766,171713,231053,358543,74385,686524,21473,606,86,1653,35434,1329,207713,147388,60325,1290,41.65%
BIHAR,Araria,2830.0,568142,2811569,1463333,1348236,1195768,727643,1615801,735690,880111,1069893,708391,361502,1741676,754942,986734,38848,382654,1593525,1207442,371,187,1910,63,3955,703274,659061,44213,2561,64.65%
TAMIL NADU,Ariyalur,1940.0,197090,754894,374703,380191,480604,269582,274290,105121,169169,359851,212547,147304,395043,162156,232887,10722,176230,708397,7942,104,88,65,42,853,254277,223955,30322,1749,8.71%
BIHAR,Arwal,638.0,118222,700843,363497,337346,386351,235279,314492,128218,186274,236354,167991,68363,464489,195506,268983,590,141314,634099,64259,59,323,74,60,1579,144294,134334,9960,413,52.18%
MADHYA PRADESH,Ashoknagar,4674.0,172680,845071,443837,401234,469109,290304,375962,153533,222429,315270,231829,83441,529801,212008,317793,82072,175764,778214,40707,8009,1352,15094,27,1033,206741,169606,37135,619,42.78%
UTTAR PRADESH,Auraiya,2016.0,248197,1379545,740040,639505,930836,546198,448709,193842,254867,442023,364543,77480,937522,375497,562025,150,391622,1273546,101963,371,332,228,444,1657,314274,255836,58438,2404,29.82%
BIHAR,Aurangabad,3305.0,391898,2540073,1318684,1221389,1466002,868733,1074071,449951,624120,837770,599157,238613,1702303,719527,982776,1033,612064,2291133,237353,295,334,775,19,7946,477297,428291,49006,2362,43.94%
MAHARASHTRA,Aurangabad,10107.0,751915,3701282,1924469,1776813,2503837,1430936,1197445,493533,703912,1575079,1015864,559215,2126203,908605,1217598,143366,539368,2545438,786677,5142,309093,30981,1005,6955,979132,551789,427343,23258,14.22%
UTTAR PRADESH,Azamgarh,4054.0,665232,4613913,2285004,2328909,2771917,1559414,1841996,725590,1116406,1372032,941890,430142,3241881,1343114,1898767,9327,1171378,3878626,718692,719,5652,183,226,6005,971458,891024,80434,6652,32.77%
JAMMU AND KASHMIR,Badgam,1361.0,103363,753745,398041,355704,335649,207741,418096,190300,227796,214866,162578,52288,538879,235463,303416,23912,368,10110,736054,5559,47,6,2,478,187839,160649,27190,1999,6.84%
KARNATAKA,Bagalkot,6552.0,361149,1889752,950111,939641,1113412,641388,776340,308723,467617,818081,511575,306506,1071671,438536,633135,97203,319149,1634229,219991,443,412,25198,166,5880,490657,324799,165858,3745,19.94%
UTTARAKHAND,Bageshwar,2241.0,58046,259898,124326,135572,179483,97546,80415,26780,53635,123638,58708,64930,136260,65618,70642,1982,72061,257509,1440,46,102,7,16,381,99911,96031,3880,435,19.99%
UTTAR PRADESH,Baghpat,1321.0,209916,1303048,700070,602978,797970,489858,505078,210212,294866,416695,342604,74091,886353,357466,528887,14,149060,917474,364583,483,161,16139,25,2343,316046,246055,69991,2989,21.08%
UTTAR PRADESH,Bahraich,5237.0,603754,3487731,1843884,1643847,1398368,878285,2089363,965599,1123764,1152160,895576,256584,2335571,948308,1387263,11159,509307,2291892,1169330,8212,2793,1177,38,7889,760262,698520,61742,2681,71.85%
ASSAM,Baksa,2457.0,191701,950075,481330,468745,572837,322614,377238,158716,218522,406756,266611,140145,543319,214719,328600,331007,73083,782901,135750,156,1189,239,353,2411,295221,291641,3580,1175,23.59%
MADHYA PRADESH,Balaghat,9229.0,391836,1701698,842178,859520,1147623,626468,554075,215710,338365,893014,488610,404404,808684,353568,455116,383026,125426,1519384,38542,1050,72162,4778,58064,2423,470867,400074,70793,1712,40.06%
ORISSA,Balangir,6575.0,414749,1648997,830097,818900,927260,545672,721737,284425,437312,720601,469956,250645,928396,360141,568255,347164,294777,1618175,7811,565,467,2225,141,3342,538962,476770,62192,3286,27.49%
ORISSA,Baleshwar,3806.0,533001,2320529,1185787,1134742,1621232,902359,699297,283428,415869,932707,684020,248687,1387822,501767,886055,275678,478586,2197709,94254,237,111,201,18345,3238,683594,601154,82440,7370,24.43%
UTTAR PRADESH,Ballia,2981.0,480268,3239774,1672902,1566872,1963590,1160960,1276184,511942,764242,1019483,723060,296423,2220291,949842,1270449,110114,494698,3004240,213440,892,1595,233,64,14847,629381,564927,64454,4672,37.11%
UTTAR PRADESH,Balrampur,3349.0,323881,2148665,1114721,1033944,868357,544943,1280308,569778,710530,760253,534332,225921,1388412,580389,808023,24887,277212,1333242,805975,900,1866,198,87,3169,445838,410070,35768,1551,32.45%
GUJARAT,Banas Kantha,10743.0,560411,3120506,1610379,1510127,1704923,1048402,1415583,561977,853606,1248600,836268,412332,1871906,774111,1097795,284155,327460,2890305,213505,486,281,12659,83,1501,804197,666773,137424,3424,31.24%
UTTAR PRADESH,Banda,4408.0,319963,1799410,965876,833534,1002937,630626,796473,335250,461223,701689,485314,216375,1097721,480562,617159,163,387855,1637549,157612,231,168,916,50,1517,445625,378056,67569,1655,40.18%
JAMMU AND KASHMIR,Bandipore,345.0,58392,392232,207680,184552,185979,117058,206253,90622,115631,149317,101380,47937,242915,106300,136615,75374,392,8439,382006,555,44,17,2,597,98076,80521,17555,985,11.07%
KARNATAKA,Bangalore,2196.0,2393845,9621551,5022661,4598890,7512276,4078041,2109275,944620,1164655,4246927,3115361,1131566,5374624,1907300,3467324,190239,1198385,7725070,1248294,13254,5531,83090,498,40951,3267960,300576,2967384,430880,2.05%
KARNATAKA,Bangalore Rural,2298.0,229279,990923,509172,481751,688749,385311,302174,123861,178313,459891,315499,144392,531032,193673,337359,52903,213700,890429,92252,389,272,1045,85,1083,326462,231052,95410,3729,7.03%
BIHAR,Banka,3020.0,381601,2034763,1067140,967623,965321,590961,1069442,476179,593263,771080,517817,253263,1263683,549323,714360,90432,247858,1772655,250925,139,113,94,1035,3664,444096,425604,18492,1704,57.83%
WEST BENGAL,Bankura,6882.0,766902,3596674,1838095,1758579,2232992,1299337,1363682,538758,824924,1466220,1050822,415398,2130454,787273,1343181,368690,1174447,3033581,290450,386,260,2904,260694,4534,991400,900515,90885,4273,26.99%
RAJASTHAN,Banswara,4522.0,367797,1797485,907754,889731,829343,513854,968142,393900,574242,916574,482236,434338,880911,425518,455393,1372999,80091,1701234,48834,427,138,22613,109,1880,429844,390437,39407,2324,50.97%
UTTAR PRADESH,Bara Banki,4402.0,579058,3260699,1707073,1553626,1692458,1010518,1568241,696555,871686,1192850,871241,321609,2067849,835832,1232017,610,864559,2505444,737106,2090,1553,3016,211,6422,714908,635840,79068,3159,44.77%
JAMMU AND KASHMIR,Baramula,4243.0,152635,1008039,534733,473306,545149,337170,462890,197563,265327,304200,249581,54619,703839,285152,418687,37705,1476,30621,959185,14770,140,29,7,1790,259475,210543,48932,3698,7.06%
RAJASTHAN,Baran,6992.0,241428,1222755,633945,588810,693307,432607,529448,201338,328110,552583,329754,222829,670172,304191,365981,276857,221184,1133349,79984,3066,84,2795,48,1997,318988,249184,69804,1363,32.40%
WEST BENGAL,Barddhaman,7024.0,1730927,7717563,3966889,3750674,5247208,2918040,2470355,1048849,1421506,2911251,2293083,618168,4806312,1673806,3132506,489447,2115719,6008472,1599764,16675,1602,1674,44968,23188,2227236,1364868,862368,32323,20.33%
UTTAR PRADESH,Bareilly,4120.0,756784,4448359,2357665,2090694,2191759,1342697,2256600,1014968,1241632,1401971,1153006,248965,3046388,1204659,1841729,3227,557150,2830768,1536534,28187,4371,931,339,32407,994411,631613,362798,15164,38.58%
ORISSA,Bargarh,5837.0,370308,1481255,749161,732094,983783,557217,497472,191944,305528,762092,473305,288787,719163,275856,443307,281135,298780,1459065,7527,652,161,125,44,1937,458961,411566,47395,2401,24.77%
RAJASTHAN,Barmer,28387.0,451629,2603751,1369022,1234729,1188322,783461,1415429,585561,829868,1202482,696240,506242,1401269,672782,728487,176257,436414,2244882,321192,450,157,34010,34,1869,598805,542825,55980,2766,53.54%
PUNJAB,Barnala,1482.0,115798,595527,317522,278005,359831,201999,235696,115523,120173,209331,178163,31168,386196,139359,246837,0,192001,112859,13100,467751,108,246,481,360,156799,102577,54222,3501,5.81%
ASSAM,Barpeta,2282.0,337929,1693622,867004,826618,897058,499038,796564,367966,428598,561824,445297,116527,1131798,421707,710091,27344,95320,492966,1198036,112,49,399,14,1026,499381,447189,52192,2078,39.41%
MADHYA PRADESH,Barwani,5427.0,243277,1385881,699340,686541,549926,313642,835955,385698,450257,653897,365928,287969,731984,333412,398572,962145,87991,1318869,58222,2361,416,2289,263,494,299270,250358,48912,1158,61.60%
CHHATTISGARH,Bastar,10470.0,311538,1413199,698487,714712,650863,382335,762336,316152,446184,726531,404364,322167,686668,294123,392545,931780,37963,1277975,12413,2099,985,3466,86925,1385,371319,316425,54894,1782,46.95%
UTTAR PRADESH,Basti,2688.0,382212,2464464,1255272,1209192,1393783,819719,1070681,435553,635128,783688,558642,225046,1680776,696630,984146,3620,513959,2082976,364510,900,9753,107,99,2626,545025,513960,31065,3423,43.26%
PUNJAB,Bathinda,3353.0,273902,1388525,743197,645328,844868,488261,543657,254936,288721,549986,432988,116998,838539,310209,528330,0,450473,380569,16299,984286,246,1266,559,2826,355722,218159,137563,11284,5.62%
ORISSA,Baudh,3098.0,106961,441162,221625,219537,271612,158648,169550,62977,106573,219457,125627,93830,221705,95998,125707,55364,104934,438152,1007,24,5,11,7,1434,137954,131377,6577,245,33.03%
BIHAR,Begusarai,1918.0,589667,2970541,1567660,1402881,1548673,918507,1421868,649153,772715,938182,715345,222837,2032359,852315,1180044,1597,432270,2554330,407348,402,229,276,57,5690,733625,594377,139248,4644,50.68%
KARNATAKA,Belgaum,13433.0,983854,4779661,2423063,2356598,3052032,1725548,1727629,697515,1030114,2105668,1372422,733246,2673993,1050641,1623352,297198,577418,4038331,528412,2037,1086,178310,149,12918,1318975,962777,356198,17560,12.26%
KARNATAKA,Bellary,8461.0,489118,2452595,1236954,1215641,1421621,813440,1030974,423514,607460,1116880,703258,413622,1335715,533696,802019,451406,517409,2103633,320834,1029,284,8044,54,4703,623480,371604,251876,9626,22.91%
MADHYA PRADESH,Betul,10043.0,329832,1575362,799236,776126,939769,529783,635593,269453,366140,786980,453887,333093,788382,345349,443033,667018,159296,1505745,37590,1078,9651,3759,13048,1220,406649,318945,87704,2109,34.50%
ORISSA,Bhadrak,2505.0,306333,1506337,760260,746077,1094140,596269,412197,163991,248206,468599,409559,59040,1037738,350701,687037,30428,334896,1398543,104202,169,81,111,61,2425,428106,373862,54244,2637,28.32%
BIHAR,Bhagalpur,2569.0,564711,3037766,1615663,1422103,1573066,937669,1464700,677994,786706,983528,740056,243472,2054238,875607,1178631,67180,318569,2487866,537098,415,180,1050,32,7569,653161,522527,130634,6764,45.60%
MAHARASHTRA,Bhandara,4087.0,278076,1200334,605520,594814,899860,488709,300474,116811,183663,597305,345054,252251,603029,260466,342563,88886,200372,1009352,26502,831,154458,1017,3555,2474,356418,283843,72575,2932,8.19%
RAJASTHAN,Bharatpur,5066.0,425414,2548462,1355726,1192736,1480869,943910,1067593,411816,655777,1071154,647198,423956,1477308,708528,768780,54090,557305,2143046,371286,23456,899,5758,18,2423,609134,479437,129697,4179,40.00%
GUJARAT,Bharuch,6509.0,333483,1551019,805707,745312,1118276,623047,432743,182660,250083,627124,468919,158205,923895,336788,587107,488194,62235,1188204,343511,1733,442,4813,342,2480,481996,300677,181319,10257,17.38%
GUJARAT,Bhavnagar,10034.0,538605,2880365,1490201,1390164,1887255,1087371,993110,402830,590280,1150632,838781,311851,1729733,651420,1078313,9110,157034,2632574,212863,1410,445,26974,127,2515,744077,387251,356826,7297,17.90%
RAJASTHAN,Bhilwara,10455.0,498125,2408523,1220736,1187787,1256126,777582,1152397,443154,709243,1148165,674589,473576,1260358,546147,714211,229273,407947,2224839,142427,1468,183,35149,60,2419,675880,530015,145865,6207,27.23%
MADHYA PRADESH,Bhind,4459.0,299233,1703005,926843,776162,1094917,676513,608088,250330,357758,520768,455775,64993,1182237,471068,711169,6131,374799,1595400,66776,4047,12215,19950,73,3571,359596,271211,88385,1166,33.18%
HARYANA,Bhiwani,4778.0,311380,1634445,866672,767773,1069871,643158,564574,223514,341060,623006,430678,192328,1011439,435994,575445,0,341162,1611031,15515,2401,254,1016,26,3329,456282,357047,99235,5292,12.78%
BIHAR,Bhojpur,2395.0,416090,2728407,1430380,1298027,1599151,973486,1129256,456894,672362,822493,640283,182210,1905914,790097,1115817,13977,425402,2518216,197819,544,647,1472,48,7496,511927,434559,77368,3661,40.50%
MADHYA PRADESH,Bhopal,2772.0,501805,2371061,1236130,1134931,1660690,920314,710371,315816,394555,867457,644960,222497,1503604,591170,912434,69429,357516,1755861,525434,10789,21688,25950,335,7572,700719,118893,581826,40788,12.66%
MAHARASHTRA,Bid,10693.0,535835,2585049,1349106,1235943,1718507,987185,866542,361921,504621,1255548,727819,527729,1329501,621287,708214,32722,351254,2174672,320395,824,68482,8719,399,9461,698571,563114,135457,5614,22.49%
KARNATAKA,Bidar,5448.0,319937,1703300,870665,832635,1042673,597198,660627,273467,387160,702608,459050,243558,1000692,411615,589077,235822,399785,1289709,335184,1145,30453,680,521,10170,389403,287134,102269,3971,18.99%
CHHATTISGARH,Bijapur,8530.0,54757,255230,128663,126567,86919,54076,168311,74587,93724,134525,71591,62934,120705,57072,63633,204189,10122,245151,1617,68,1649,15,3793,228,58391,50449,7942,117,41.20%
KARNATAKA,Bijapur,10498.0,408806,2177331,1111022,1066309,1248268,730566,929063,380456,548607,927722,580111,347611,1249609,530911,718698,39314,442773,1786830,369588,558,374,8665,499,8384,527490,396449,131041,4987,41.20%
UTTAR PRADESH,Bijnor,4561.0,633197,3682713,1921215,1761498,2135393,1241471,1547320,679744,867576,1088036,921497,166539,2594677,999718,1594959,3058,787444,2032081,1585210,50624,1736,2134,41,4703,908523,683875,224648,7303,29.76%
RAJASTHAN,Bikaner,30239.0,384944,2363937,1240801,1123136,1278801,782399,1085136,458402,626734,986208,640572,345636,1377729,600229,777500,7779,493646,2073356,235741,20072,285,30850,79,1653,531933,335754,196179,7607,22.21%
HIMACHAL PRADESH,Bilaspur,1167.0,80485,381956,192764,189192,287620,155599,94336,37165,57171,205871,111543,94328,176085,81221,94864,10693,98989,371973,6984,2387,113,10,7,246,164445,152458,11987,1574,7.54%
CHHATTISGARH,Bilaspur,8272.0,600822,2663629,1351574,1312055,1596560,932474,1067069,419100,647969,1203197,715467,487730,1460432,636107,824325,498469,552992,2540763,57973,6373,2979,2357,29122,3317,737806,549632,188174,8566,25.66%
WEST BENGAL,Birbhum,4545.0,817899,3502404,1790920,1711484,2158447,1201481,1343957,589439,754518,1331603,1029770,301833,2170801,761150,1409651,242484,1033140,2181515,1298054,582,258,1152,6051,3886,965609,831044,134565,5210,27.35%
MANIPUR,Bishnupur,496.0,46580,237399,118782,118617,156333,87313,81066,31469,49597,109937,62807,47130,127462,55975,71487,3287,22113,175102,18691,56,76,16,38457,737,56149,34977,21172,676,13.72%
JHARKHAND,Bokaro,2883.0,394918,2062330,1072807,989523,1273520,759088,788810,313719,475091,685368,507677,177691,1376962,565130,811832,255626,299227,1636460,241451,4174,1890,2045,160524,2056,508764,250312,258452,9754,29.33%
ASSAM,Bongaigaon,1093.0,150018,738804,375818,362986,434078,237114,304726,138704,166022,255806,197542,58264,482998,178276,304722,18835,82784,359145,371033,384,236,871,9,1202,220393,181923,38470,2523,33.77%
UTTAR PRADESH,Budaun,5168.0,615776,3681896,1967759,1714137,1547477,986501,2134419,981258,1153161,1107343,939616,167727,2574553,1028143,1546410,58,622526,2867707,790515,1135,1959,678,87,13495,867624,710956,156668,3634,57.10%
UTTAR PRADESH,Bulandshahr,4512.0,587529,3499171,1845260,1653911,2031656,1253314,1467515,591946,875569,1173260,897815,275445,2325911,947445,1378466,198,725600,2707195,777407,2765,669,1572,86,5389,880077,658449,221628,7865,32.88%
MAHARASHTRA,Buldana,9661.0,561504,2586258,1337560,1248698,1879874,1048892,706384,288668,417716,1219641,734024,485617,1366617,603536,763081,124837,470895,1845424,354236,1668,364229,12242,522,4406,728192,575405,152787,4767,18.22%
RAJASTHAN,Bundi,5776.0,220768,1110906,577160,533746,585044,371705,525862,205455,320407,526091,314806,211285,584815,262354,322461,228549,210788,1017688,66609,11059,144,13455,24,1245,303288,239836,63452,1392,33.07%
MADHYA PRADESH,Burhanpur,3427.0,146341,757847,388504,369343,408679,233073,349168,155431,193737,328339,211925,116414,429508,176579,252929,230095,64254,552526,180840,1074,19883,1884,99,342,178840,115979,62861,986,36.94%
BIHAR,Buxar,1703.0,261660,1706352,887977,818375,989807,593544,716545,294433,422112,538322,402180,136142,1168030,485797,682233,26824,251737,1591454,105423,248,5090,97,57,1858,334657,299252,35405,1784,41.84%
ASSAM,Cachar,3786.0,379955,1736617,886284,850333,1174128,639946,562489,246338,316151,608062,469752,138310,1128555,416532,712023,17569,264897,1038985,654816,280,341,1673,98,2789,435160,346227,88933,5316,42.29%
NCT OF DELHI,Central,21.0,119639,582320,307821,274499,442360,240518,139960,67303,72657,207374,177621,29753,374946,130200,244746,0,143178,364148,194278,13038,362,5886,107,974,194897,0,194897,19724,3.84%
KARNATAKA,Chamarajanagar,5648.0,244874,1020791,512231,508560,565279,312957,455512,199274,256238,481693,324326,157367,539098,187905,351193,120219,259445,942071,47210,136,4872,761,140,3418,319880,262680,57200,1334,18.45%
HIMACHAL PRADESH,Chamba,6522.0,102460,519080,261320,257760,323842,186064,195238,75256,119982,294035,158791,135244,225045,102529,122516,135500,111690,479782,32455,2745,1740,57,14,728,200231,186395,13836,1615,11.27%
UTTARAKHAND,Chamoli,8030.0,88964,391605,193991,197614,280556,155395,111049,38596,72453,180940,93832,87108,210665,100159,110506,12260,79317,385818,4395,323,190,11,23,417,186340,163434,22906,899,16.78%
UTTARAKHAND,Champawat,1766.0,53953,259648,131125,128523,177726,102015,81922,29110,52812,99566,60427,39139,160082,70698,89384,1339,47383,249563,8693,336,24,28,6,128,98041,85202,12839,548,22.41%
MIZORAM,Champhai,3185.0,25520,125745,63388,62357,100802,51440,24943,11948,12995,60342,34129,26213,65403,29259,36144,123466,17,1075,699,9,151,45,194,126,31112,18395,12717,186,10.09%
UTTAR PRADESH,Chandauli,2541.0,296804,1952756,1017905,934851,1174606,699454,778150,318451,459699,652543,462971,189572,1300213,554934,745279,41725,446786,1727869,215081,1389,340,100,1175,4649,395759,344937,50822,3492,37.91%
MANIPUR,Chandel,3313.0,28801,144182,74579,69603,90302,51053,53880,23526,30354,76238,42615,33623,67944,31964,35980,128280,540,10810,3086,136,400,59,354,288,34160,30377,3783,184,26.89%
CHANDIGARH,Chandigarh,114.0,241173,1055450,580663,474787,805438,465346,250012,115317,134695,404136,328159,75977,651314,252504,398810,0,199086,852574,51447,138329,1160,1960,246,1014,298367,8911,289456,44283,5.97%
MAHARASHTRA,Chandrapur,11443.0,536686,2204307,1123834,1080473,1578615,872565,625692,251269,374423,1058172,648565,409607,1146135,475269,670866,389441,348365,1780085,92297,5251,286734,3861,23188,2190,684655,451324,233331,8239,17.65%
ARUNACHAL PRADESH,Changlang,4662.0,29521,148226,76948,71278,73174,44027,75052,32921,42131,62966,39329,23637,85260,37619,47641,53878,0,47683,2134,94,50381,95,11738,132,39920,33422,6498,170,26.47%
JHARKHAND,Chatra,3718.0,182271,1042886,533935,508951,510061,303902,532825,230033,302792,397690,251213,146477,645196,282722,362474,45563,340553,903179,116710,888,35,129,12936,2444,215502,200974,14528,590,60.74%
TAMIL NADU,Chennai,175.0,1154982,4646732,2335844,2310888,3776276,1968079,870456,367765,502691,1817297,1369302,447995,2829435,966542,1862893,10061,779667,3751322,439270,2851,2804,51708,1759,38356,1314125,0,1314125,217368,0.93%
MADHYA PRADESH,Chhatarpur,8687.0,356297,1762375,936121,826254,943033,572010,819342,364111,455231,751797,481518,270279,1010578,454603,555975,73597,405313,1676918,70351,968,250,10409,102,1397,470917,375869,95048,1880,48.78%
MADHYA PRADESH,Chhindwara,11815.0,443361,2090922,1064468,1026454,1294198,731294,796724,333174,463550,957984,582263,375721,1132938,482205,650733,769778,232244,1923920,100692,2258,24471,7830,25771,1087,553944,413142,140802,3588,30.14%
KARNATAKA,Chikkaballapura,4244.0,284698,1255104,636437,618667,783222,442158,471882,194279,277603,639778,384452,255326,615326,251985,363341,156487,312565,1100131,147810,264,85,975,77,1078,409702,315649,94053,2672,13.41%
KARNATAKA,Chikmagalur,7202.0,276085,1137961,566622,571339,818345,438257,319616,128365,191251,565774,357889,207885,572187,208733,363454,44970,253651,1004553,101235,182,109,4710,4,1168,392426,311660,80766,4510,9.98%
ASSAM,Chirang,1923.0,97395,482162,244860,237302,259902,145869,222260,98991,123269,193894,128762,65132,288268,116098,172170,178688,35135,320647,109248,87,406,125,482,1420,140631,129018,11613,747,36.20%
KARNATAKA,Chitradurga,8436.0,357003,1659456,840843,818613,1087392,607188,572064,233655,338409,856587,513311,343276,802869,327532,475337,302554,389117,1520553,128751,322,84,3778,128,2665,447348,349704,97644,5711,14.81%
UTTAR PRADESH,Chitrakoot,3216.0,168232,991730,527721,464009,531072,330339,460658,197382,263276,394197,254977,139220,597533,272744,324789,366,266655,955372,34559,63,101,285,27,630,230795,207237,23558,827,52.81%
RAJASTHAN,Chittaurgarh,7822.0,329119,1544338,783171,761167,821825,514851,722513,268320,454193,802755,456632,346123,741583,326539,415044,201546,250224,1413163,97855,1515,252,25843,136,4300,455653,366780,88873,4941,27.72%
ANDHRA PRADESH,Chittoor,15152.0,1039953,4174064,2090204,2083860,2667878,1484794,1506186,605410,900776,1933357,1202223,731134,2240707,887981,1352726,159165,785760,3737588,397870,867,253,1322,358,11677,1303870,907970,395900,13763,9.64%
MANIPUR,Churachandpur,4570.0,49089,274143,138820,135323,195935,104013,78208,34807,43401,122655,70594,52061,151488,68226,83262,254787,443,12034,2886,152,495,87,2333,1177,57825,52972,4853,837,20.86%
RAJASTHAN,Churu,13835.0,348984,2039547,1051446,988101,1149269,696729,890278,354717,535561,902829,541404,361425,1136718,510042,626676,11245,451721,1777879,249736,402,188,7104,127,3153,493893,344897,148996,2577,22.79%
TAMIL NADU,Coimbatore,4732.0,958035,3458045,1729297,1728748,2635907,1394790,822138,334507,487631,1567950,1083125,484825,1890095,646172,1243923,28342,535911,3044145,211035,1112,435,3284,237,7483,1169752,284795,884957,63273,2.29%
TAMIL NADU,Cuddalore,3703.0,635578,2605914,1311697,1294217,1815281,1000322,790633,311375,479258,1169880,749633,420247,1436034,562064,873970,15702,763944,2391675,123749,401,236,1280,138,5101,758209,497429,260780,15396,6.28%
ORISSA,Cuttack,3932.0,579170,2624470,1352760,1271710,2011469,1103033,613001,249727,363274,936365,761876,174489,1688105,590884,1097221,93745,498633,2457729,141263,1026,6276,1180,168,4843,790297,579529,210768,15046,14.97%
DADRA AND NAGAR HAVELI,Dadra & Nagar Haveli,491.0,76458,343709,193760,149949,223230,142521,120479,51239,69240,157161,119293,37868,186548,74467,112081,178564,6186,322857,12922,217,634,1186,293,487,108783,48221,60562,2013,26.40%
CHHATTISGARH,Dakshin Bastar Dantewada,8298.0,120850,533638,264142,269496,191237,116529,342401,147613,194788,286595,153294,133301,247043,110848,136195,410255,12996,513915,6437,457,352,1044,6071,474,137849,106545,31304,955,54.35%
WEST BENGAL,Dakshin Dinajpur,2219.0,396406,1676276,857199,819077,1083685,596474,592591,260725,331866,702987,499560,203427,973289,357639,615650,275366,482754,1232850,412788,276,148,323,2786,2311,461026,390949,70077,2518,22.48%
KARNATAKA,Dakshina Kannada,4861.0,439733,2089649,1034714,1054935,1666323,864019,423326,170695,252631,997721,620903,376818,1091928,413811,678117,82268,148178,1403854,501896,525,445,10397,138,996,650292,332919,317373,23305,6.69%
DAMAN AND DIU,Daman,72.0,50376,191173,124659,66514,150348,104316,40825,20343,20482,105521,94502,11019,85652,30157,55495,15240,4262,171537,16087,169,216,244,79,223,71079,10006,61073,1316,7.15%
MADHYA PRADESH,Damoh,7306.0,297608,1264219,661873,602346,747715,445737,516504,216136,300368,574595,367711,206884,689624,294162,395462,166295,246337,1186420,47966,1096,119,25005,82,1850,369901,303387,66514,1432,46.31%
BIHAR,Darbhanga,2279.0,803012,3937385,2059949,1877436,1816634,1125566,2120751,934383,1186368,1223640,947927,275713,2713745,1112022,1601723,2772,615688,3042729,881476,832,245,236,101,8232,1002713,907174,95539,6280,56.45%
WEST BENGAL,Darjiling,3149.0,391234,1846823,937259,909564,1315585,717673,531238,219586,311652,683726,479586,204140,1163097,457673,705424,397389,317275,1366681,105086,2032,209240,1840,15523,4573,518959,303284,215675,10943,11.32%
ASSAM,Darrang,1585.0,187783,928500,475273,453227,487039,268666,441461,206607,234854,324843,246864,77979,603657,228409,375248,8419,40260,327322,597392,431,57,724,19,867,288706,268517,20189,1166,38.22%
MADHYA PRADESH,Datia,2902.0,160215,786754,420157,366597,491445,303815,295309,116342,178967,321160,225662,95498,465594,194495,271099,15061,200270,747693,28483,490,7923,453,10,1019,203854,160453,43401,616,34.24%
RAJASTHAN,Dausa,3432.0,292502,1634409,857787,776622,938051,596935,696358,260852,435506,684495,398151,286344,949914,459636,490278,433344,354337,1582335,45488,296,94,3737,115,1905,420694,361084,59610,1719,27.29%
KARNATAKA,Davanagere,5924.0,410176,1945497,986400,959097,1308540,720637,636957,265763,371194,875207,585639,289568,1070290,400761,669529,233112,392595,1658465,265805,307,164,6417,1743,7176,530691,354680,176011,7320,11.46%
ORISSA,Debagarh,2940.0,75452,312520,158230,154290,197819,112649,114701,45581,69120,165435,92384,73051,147085,65846,81239,110400,52112,296001,704,53,102,7,409,726,98758,91408,7350,825,37.10%
UTTARAKHAND,Dehradun,3088.0,347001,1696694,892199,804495,1259506,702216,437188,189983,247205,582768,458834,123934,1113926,433365,680561,111663,228901,1424916,202057,36454,11778,5117,217,2739,497638,228245,269393,25862,6.88%
JHARKHAND,Deoghar,2477.0,264347,1492073,775022,717051,793538,489837,698535,285185,413350,551467,383691,167776,940606,391331,549275,180962,190036,1165140,302626,143,188,282,16067,1600,321710,257373,64337,1944,47.40%
UTTAR PRADESH,Deoria,2540.0,468346,3100946,1537436,1563510,1875239,1079288,1225707,458148,767559,876246,639073,237173,2224700,898363,1326337,109894,468663,2730957,358539,818,1182,209,146,5469,665706,597778,67928,4469,31.36%
MADHYA PRADESH,Dewas,7020.0,308871,1563715,805359,758356,925369,550716,638346,254643,383703,742676,451501,291175,821039,353858,467181,272701,292007,1376591,174259,2330,382,6497,72,1229,376009,274995,101014,3518,29.67%
TRIPURA,Dhalai,2400.0,84509,378230,194544,183686,276217,151643,102013,42901,59112,155831,105657,50174,222399,88887,133512,210608,61688,307120,8256,175,39120,85,206,328,103528,89457,14071,273,26.23%
CHHATTISGARH,Dhamtari,4084.0,170951,799781,397897,401884,546833,303924,252948,93973,158975,402895,226382,176513,396886,171515,225371,207633,58581,777188,10425,1196,667,3612,3685,364,210481,168689,41792,1016,18.59%
JHARKHAND,Dhanbad,2040.0,507064,2684487,1405956,1278531,1722204,1014950,962283,391006,571277,844504,658851,185653,1839983,747105,1092878,233119,437309,2149480,431762,9727,331,1268,77182,3494,664219,258764,405455,11568,28.57%
MADHYA PRADESH,Dhar,8153.0,425914,2185793,1112725,1073068,1077338,638479,1108455,474246,634209,1027974,597079,430895,1157819,515646,642173,1222814,145436,2051219,116202,1607,328,12199,88,1889,515712,412348,103364,2388,40.28%
TAMIL NADU,Dharmapuri,4497.0,375873,1506843,774303,732540,917709,527599,589134,246704,342430,751170,446057,305113,755673,328246,427427,63044,245392,1452956,38304,164,39,37,87,1167,487926,396819,91107,3651,5.26%
KARNATAKA,Dharwad,4260.0,382700,1847023,937206,909817,1301664,711776,545359,225430,319929,784833,543776,241057,1062190,393430,668760,87548,177855,1390020,386834,1486,715,29037,2748,7436,483104,199707,283397,15013,9.53%
RAJASTHAN,Dhaulpur,3033.0,203754,1206516,653647,552869,683098,435721,523418,217926,305492,523212,339110,184102,683304,314537,368767,58594,245695,1127520,72258,1356,92,2739,21,1842,273296,214670,58626,1330,39.82%
ASSAM,Dhemaji,3237.0,129869,686133,351249,334884,423028,237761,263105,113488,149617,316800,186577,130223,369333,164672,204661,325560,44225,655052,13475,297,911,167,6315,1205,228262,211758,16504,1192,27.71%
ORISSA,Dhenkanal,4452.0,279364,1192811,612593,580218,829910,464093,362901,148500,214401,435533,340552,94981,757278,272041,485237,162056,234079,1185542,4805,124,366,39,139,1069,352369,315390,36979,1810,29.98%
ASSAM,Dhubri,2176.0,414674,1949258,997848,951410,922341,511551,1026917,486297,540620,669819,524898,144921,1279439,472950,806489,6332,70395,388380,1553023,254,101,1846,45,1502,521019,460602,60417,1828,51.06%
MAHARASHTRA,Dhule,7195.0,408874,2050862,1054031,996831,1293916,723388,756946,330643,426303,936370,570448,365922,1114492,483583,630909,647315,127571,1825460,187901,1422,13405,12818,912,5291,528790,382777,146013,6065,33.23%
ARUNACHAL PRADESH,Dibang Valley,9129.0,1952,8004,4414,3590,4436,2614,3568,1800,1768,3555,2228,1327,4449,2186,2263,5701,0,3141,111,7,126,2,4267,127,3230,2055,1175,17,16.95%
ASSAM,Dibrugarh,3381.0,276867,1326335,676434,649901,884531,491361,441804,185073,256731,560557,368013,192544,765778,308421,457357,102871,58876,1198401,64526,2261,4673,1055,46,2405,377015,299852,77163,8817,28.97%
ASSAM,Dima Hasao,4888.0,42252,214102,110802,103300,140873,78559,73229,32243,40986,85028,56323,28705,129074,54479,74595,151843,4337,143593,4358,207,680,70,1170,714,58919,37610,21309,524,31.07%
NAGALAND,Dimapur,927.0,78605,378811,197394,181417,278037,150142,100774,47252,53522,151350,99645,51705,227461,97749,129712,223989,0,108900,31212,566,1270,2148,157,319,111969,49116,62853,3303,17.33%
TAMIL NADU,Dindigul,6036.0,560773,2159775,1080938,1078837,1481834,816180,677941,264758,413183,1105155,665469,439686,1054620,415469,639151,8064,452376,1879494,105012,313,256,71,138,4546,713542,443818,269724,9155,4.16%
MADHYA PRADESH,Dindori,7470.0,169630,704524,351913,352611,378714,222759,325810,129154,196656,389925,203383,186542,314599,148530,166069,455789,39782,605435,6736,260,61,687,84006,3101,227795,218021,9774,554,56.23%
DAMAN AND DIU,Diu,39.0,10580,52074,25642,26432,38058,20327,14016,5315,8701,15750,12932,2818,36324,12710,23614,123,1862,48613,3190,3,1,43,0,22,18850,9788,9062,368,4.34%
JAMMU AND KASHMIR,Doda,8912.0,79636,409936,213641,196295,219083,138620,190853,75021,115832,151912,101144,50768,258024,112497,145527,39216,53408,187621,220614,422,21,22,42,722,133617,122267,11350,596,28.71%
GUJARAT,Dohad,3642.0,334272,2127086,1068651,1058435,1007171,599035,1119915,469616,650299,999124,540881,458243,1127962,527770,600192,1580850,41444,2045243,66353,493,260,3331,114,1385,376504,323697,52807,1733,54.93%
JHARKHAND,Dumka,3761.0,275019,1321442,668514,652928,672409,406275,649033,262239,386794,624779,367108,257671,696663,301406,395257,571077,79614,1044726,106865,234,267,162,78622,4162,326978,303697,23281,1193,52.93%
RAJASTHAN,Dungarpur,3770.0,282029,1388552,696532,692020,681591,415820,706961,280712,426249,641515,346624,294891,747037,349908,397129,983437,52267,1340065,28662,240,226,16141,853,1535,354363,322816,31547,1477,44.69%
CHHATTISGARH,Durg,8535.0,701707,3343872,1682101,1661771,2303378,1284612,1040494,397489,643005,1496805,921729,575076,1847067,760372,1086695,397416,458040,3129745,83499,24276,19587,17209,42569,2683,883189,533448,349741,16141,19.98%
SIKKIM,East District,954.0,61567,283583,151432,132151,214329,121345,69254,30087,39167,139678,92351,47327,143905,59081,84824,78436,15305,177910,6198,861,72455,214,1726,821,82138,40626,41512,3291,4.06%
MEGHALAYA,East Garo Hills,2603.0,58328,317917,161223,156694,192147,102513,125770,58710,67060,126073,72262,53811,191844,88961,102883,305180,509,17272,3359,56,1004,38,5617,863,74216,62698,11518,288,41.78%
ANDHRA PRADESH,East Godavari,10807.0,1428528,5154296,2569688,2584608,3288577,1716933,1865719,852755,1012964,2093681,1545831,547850,3060615,1023857,2036758,213195,945269,4983330,77777,738,413,4149,403,9661,1605841,1199479,406362,22411,8.51%
ARUNACHAL PRADESH,East Kameng,4134.0,14508,78690,38775,39915,38449,21599,40241,17176,23065,31710,16424,15286,46980,22351,24629,72400,0,12333,652,36,452,23,27868,190,19718,14503,5215,57,44.03%
MEGHALAYA,East Khasi Hills,2748.0,164046,825922,410749,415173,578030,287270,247892,123479,124413,326786,204303,122483,499136,206446,292690,661158,5642,144935,14185,2495,3111,303,115597,1902,215091,106248,108843,5032,23.39%
ARUNACHAL PRADESH,East Siang,3603.0,19107,99214,50116,49098,62576,34210,36638,15906,20732,40222,23591,16631,58992,26525,32467,69979,0,27854,2289,69,776,30,49393,549,29021,19497,9524,450,8.84%
KERALA,Ernakulam,3063.0,814011,3282388,1619557,1662831,2855676,1425723,426712,193834,232878,1249343,913249,336094,2033045,706308,1326737,16559,268411,1509557,514397,860,614,1176,1083,6564,1174691,369694,804997,88737,0.10%
TAMIL NADU,Erode,5760.0,658071,2251744,1129868,1121876,1492662,828300,759082,301568,457514,1195773,732083,463690,1055971,397785,658186,21880,369483,2115455,76098,435,148,639,157,2913,843684,411286,432398,18604,2.73%
UTTAR PRADESH,Etah,2431.0,290683,1774480,947339,827141,1055202,647042,719278,300297,418981,545984,440244,105740,1228496,507095,721401,140,281011,1611126,146346,708,2887,5671,18,5260,401998,334246,67752,2635,38.47%
UTTAR PRADESH,Etawah,2311.0,277527,1581810,845856,735954,1062003,623583,519807,222273,297534,506072,413713,92359,1075738,432143,643595,169,388283,1457892,113961,1045,1733,3917,94,1806,351126,265643,85483,2964,27.29%
UTTAR PRADESH,Faizabad,2341.0,423375,2470996,1259628,1211368,1450901,838339,1020095,421289,598806,831209,597888,233321,1639787,661740,978047,931,555047,2094271,365806,1912,737,358,185,4502,589666,510378,79288,4746,38.73%
HARYANA,Faridabad,741.0,358919,1809733,966110,843623,1272739,734940,536994,231170,305824,579229,476933,102296,1230504,489177,741327,0,223799,1588407,161680,34572,640,4883,249,9559,470681,87700,382981,43437,10.70%
PUNJAB,Faridkot,1458.0,120893,617508,326671,290837,381285,215767,236223,110904,125319,221555,185049,36506,395953,141622,254331,0,240328,141363,3125,469789,155,1109,103,637,158863,99946,58917,4348,2.96%
UTTAR PRADESH,Farrukhabad,2181.0,314144,1885204,1006240,878964,1092677,654827,792527,351413,441114,592267,494545,97722,1292937,511695,781242,230,312712,1596278,276846,3160,3161,487,100,2035,411490,316647,94843,2624,39.18%
HARYANA,Fatehabad,2538.0,180637,942011,495360,446651,557578,327471,384433,167889,216544,369083,263498,105585,572928,231862,341066,0,284357,779243,8360,150969,171,1172,530,570,258380,203020,55360,3210,11.02%
PUNJAB,Fatehgarh Sahib,1180.0,118100,600163,320795,279368,426033,238696,174130,82099,92031,214783,182777,32006,385380,138018,247362,0,192493,152851,16808,427521,48,178,251,808,174896,117559,57337,5138,3.49%
UTTAR PRADESH,Fatehpur,4152.0,472238,2632733,1384722,1248011,1512166,911003,1120567,473719,646848,1063929,713736,350193,1568804,670986,897818,340,651480,2274674,350700,402,172,199,47,4338,636540,558807,77733,3385,42.63%
UTTAR PRADESH,Firozabad,2407.0,414266,2498156,1332046,1166110,1521806,912314,976350,419732,556618,761521,621840,139681,1736635,710206,1026429,2565,473890,2140745,314812,1804,3395,19077,61,14892,535368,349747,185621,5834,32.03%
PUNJAB,Firozpur,5305.0,385994,2029074,1071637,957437,1227511,707070,801563,364567,436996,756695,596406,160289,1272379,475231,797148,0,855726,906408,6844,1090815,454,1143,278,3774,502390,348522,153868,10042,9.42%
KARNATAKA,Gadag,4657.0,219096,1064570,537147,527423,700177,397178,364393,139969,224424,495722,310412,185310,568848,226735,342113,61654,174196,907750,143665,231,79,5993,74,3346,291972,180066,111906,3373,19.50%
MAHARASHTRA,Gadchiroli,14412.0,250435,1072942,541328,531614,708365,395110,364577,146218,218359,584237,323338,260899,488705,217990,270715,415306,120745,927411,21063,681,82695,454,30047,6719,330840,293586,37254,1663,20.58%
ORISSA,Gajapati,4325.0,128523,577817,282882,294935,262537,153663,315280,129219,186061,293933,155907,138026,283884,126975,156909,313714,39175,353160,1556,53,2180,66,4,1316,175145,152095,23050,635,38.76%
JAMMU AND KASHMIR,Ganderbal,259.0,45361,297446,158720,138726,143276,90581,154170,68139,86031,100890,73305,27585,196556,85415,111141,61070,117,5592,290581,486,25,8,4,344,77346,63788,13558,878,7.82%
GUJARAT,Gandhinagar,2140.0,289990,1391753,723864,667889,1030494,582686,361259,141178,220081,534976,408075,126901,856777,315789,540988,18204,108608,1319586,57273,1985,497,6405,82,2688,433258,237624,195634,12107,16.57%
RAJASTHAN,Ganganagar,10978.0,387511,1969168,1043340,925828,1193343,710908,775825,332432,443393,912672,596320,316352,1056496,447020,609476,13477,720412,1437144,50688,474853,938,1988,164,1316,562594,397697,164897,6295,18.23%
ORISSA,Ganjam,8206.0,758267,3529031,1779218,1749813,2210050,1262652,1318981,516566,802415,1501772,990027,511745,2027259,789191,1238068,118928,688235,3486059,13315,590,174,170,76,4672,1015394,795476,219918,9049,21.88%
JHARKHAND,Garhwa,4093.0,254697,1322784,683575,639209,653476,405161,669308,278414,390894,571431,335451,235980,751353,348124,403229,205874,319946,1104475,194680,123,371,20,4591,1356,292052,272872,19180,565,53.21%
UTTARAKHAND,Garhwal,5329.0,161778,687271,326829,360442,494889,262148,192382,64681,127701,274152,147373,126779,413119,179456,233663,2215,122361,660507,22931,619,58,212,51,732,316462,279682,36780,2633,11.93%
UTTAR PRADESH,Gautam Buddha Nagar,1282.0,327090,1648115,890214,757901,1122947,666065,525168,224149,301019,569109,443384,125725,1079006,446830,632176,2215,216105,1394025,215500,9261,895,4518,91,16459,509770,170835,338935,53181,15.17%
BIHAR,Gaya,4976.0,688425,4391418,2266566,2124852,2297613,1368803,2093805,897763,1196042,1664062,1076170,587892,2727356,1190396,1536960,3098,1334351,3876395,488121,913,870,1723,108,19345,807571,696289,111282,6856,54.67%
UTTAR PRADESH,Ghaziabad,1179.0,850676,4681645,2488834,2192811,3123264,1811397,1558381,677437,880944,1520538,1231615,288923,3161107,1257219,1903888,3968,773463,3414427,1186776,23001,3487,16412,265,18251,1191723,355407,836316,78116,16.59%
UTTAR PRADESH,Ghazipur,3377.0,546664,3620268,1855075,1765193,2197549,1293553,1422719,561522,861197,1204602,808700,395902,2415666,1046375,1369291,28712,726641,3233790,368153,810,3145,213,184,9792,761640,700173,61467,5309,41.04%
JHARKHAND,Giridih,4962.0,396521,2445474,1258098,1187376,1253475,783736,1191999,474362,717637,1036277,623946,412331,1409197,634152,775045,238188,325493,1856202,508586,937,650,1503,59218,3733,499450,452564,46886,1944,47.53%
ASSAM,Goalpara,1824.0,198454,1008183,513292,494891,563577,304302,444606,208990,235616,362573,267118,95455,645610,246174,399436,231570,45094,347878,579929,771,194,477,103,969,268114,228610,39504,1364,40.15%
JHARKHAND,Godda,2266.0,253648,1313551,677927,635624,604519,376212,709032,301715,407317,552191,344019,208172,761360,333908,427452,279208,115567,937126,289182,97,128,115,47067,2041,292030,276454,15576,874,51.81%
ASSAM,Golaghat,3502.0,227197,1066888,543161,523727,721764,396475,345124,146686,198438,479928,309104,170824,586960,234057,352903,111765,62298,917426,90312,1131,3863,530,1347,1697,327083,292893,34190,3073,20.60%
UTTAR PRADESH,Gonda,4003.0,541247,3433919,1787146,1646773,1679994,1034181,1753925,752965,1000960,1170552,855848,314704,2263367,931298,1332069,870,531973,2739076,678615,1893,649,338,57,8556,726372,673578,52794,4313,59.26%
MAHARASHTRA,Gondiya,5234.0,292369,1322507,661554,660953,1004243,542837,318264,118717,199547,665419,383151,282268,657088,278403,378685,214253,175961,1153861,26157,2160,125282,1568,5080,6572,386515,319702,66813,2866,18.75%
BIHAR,Gopalganj,2033.0,413044,2562012,1267666,1294346,1382998,793905,1179014,473761,705253,728201,539586,188615,1833811,728080,1105731,60807,320064,2119262,436057,271,167,133,28,3631,554058,515925,38133,3707,42.75%
UTTAR PRADESH,Gorakhpur,3321.0,692960,4440895,2277777,2163118,2700328,1593890,1740567,683887,1056680,1351629,1016876,334753,3089266,1260901,1828365,18172,936061,4009037,403847,2123,2848,460,207,12711,951128,761958,189170,14597,26.17%
KARNATAKA,Gulbarga,10954.0,471601,2566326,1301755,1264571,1427368,828359,1138958,473396,665562,1087028,680001,407027,1479298,621754,857544,65259,648782,2011014,513125,826,9589,4865,330,18233,600007,400704,199303,9752,21.10%
JHARKHAND,Gumla,5360.0,188988,1025213,514390,510823,559720,321795,465493,192595,272898,487508,264774,222734,537705,249616,288089,706754,32459,309563,51429,221,531,23,457468,3529,233074,216629,16445,831,46.59%
MADHYA PRADESH,Guna,6390.0,244401,1241519,649362,592157,653980,400537,587539,248825,338714,514897,335454,179443,726622,313908,412714,190819,193115,1172248,49203,3271,529,13474,52,1534,285085,212765,72320,2482,45.67%
ANDHRA PRADESH,Guntur,11391.0,1296609,4887813,2440521,2447292,2960441,1634726,1927372,805795,1121577,2381624,1442370,939254,2506189,998151,1508038,247089,957407,4217597,559770,764,323,3282,332,15982,1582990,1069877,513113,19383,7.26%
PUNJAB,Gurdaspur,3551.0,443666,2298323,1212617,1085706,1634719,907660,663604,304957,358647,757138,637652,119486,1541185,574965,966220,0,580576,1074332,27667,1002874,405,580,812,15066,606348,420860,185488,14428,5.11%
HARYANA,Gurgaon,1258.0,326428,1514432,816690,697742,1111116,638666,403316,178024,225292,544716,432456,112260,969716,384234,585482,0,197937,1408801,70842,15097,944,7451,254,1318,523691,141703,381988,67087,10.39%
MADHYA PRADESH,Gwalior,4560.0,383845,2032036,1090327,941709,1357210,803114,674826,287213,387613,685311,548820,136491,1346725,541507,805218,72133,393068,1835299,141735,24790,4361,18058,217,3457,444892,172720,272172,15779,22.38%
ASSAM,Hailakandi,1327.0,143350,659296,337890,321406,407366,226836,251930,111054,140876,214240,170792,43448,445056,167098,277958,691,70659,251194,397653,84,490,247,636,512,175417,159215,16202,1211,51.07%
UTTAR PRADESH,Hamirpur,4021.0,204863,1104285,593537,510748,653299,408125,450986,185412,265574,443655,308527,135128,660630,285010,375620,474,241198,1010014,91269,196,74,41,273,1604,311381,256081,55300,1196,30.92%
UTTAR PRADESH,Hamirpur,4021.0,204863,1104285,593537,510748,653299,408125,450986,185412,265574,443655,308527,135128,660630,285010,375620,474,241198,1010014,91269,196,74,41,273,1604,311381,256081,55300,1196,12.60%
HIMACHAL PRADESH,Hamirpur,1118.0,105519,454768,217070,237698,358091,180555,96677,36515,60162,241931,118724,123207,212837,98346,114491,3044,109256,449412,3711,591,95,293,9,414,211348,196116,15232,2521,12.60%
HIMACHAL PRADESH,Hamirpur,1118.0,105519,454768,217070,237698,358091,180555,96677,36515,60162,241931,118724,123207,212837,98346,114491,3044,109256,449412,3711,591,95,293,9,414,211348,196116,15232,2521,4.43%
RAJASTHAN,Hanumangarh,9656.0,336192,1774692,931184,843508,1034136,624281,740556,306903,433653,835260,512802,322458,939432,418382,521050,14289,494189,1433067,118673,216997,241,1935,138,2099,497753,389059,108694,3360,19.08%
WEST BENGAL,Haora,1467.0,1061336,4850029,2500819,2349210,3605206,1942824,1244823,557995,686828,1819845,1498170,321675,3030184,1002649,2027535,15094,718951,3535844,1270641,4380,1258,9699,1265,18276,1352697,483384,869313,30751,12.84%
MADHYA PRADESH,Harda,3334.0,113379,570465,294838,275627,352550,203807,217915,91031,126884,230979,156852,74127,339486,137986,201500,159678,92865,527462,38640,676,93,1573,55,1283,144559,112714,31845,986,33.11%
UTTAR PRADESH,Hardoi,5986.0,730442,4092845,2191442,1901403,2221601,1374587,1871244,816855,1054389,1318946,1091952,226994,2773899,1099490,1674409,349,1274505,3508131,556219,5688,6671,446,98,9770,907677,786613,121064,3845,51.16%
UTTARAKHAND,Hardwar,2360.0,338104,1890422,1005295,885127,1178354,691411,712068,313884,398184,578121,497810,80311,1312301,507485,804816,6323,411274,1214935,648119,17364,709,2501,46,1870,488011,301828,186183,11947,24.70%
KARNATAKA,Hassan,6814.0,433453,1776421,883667,892754,1225256,668836,551165,214831,336334,903580,560452,343128,872841,323215,549626,32329,345031,1630814,120011,289,623,5820,3,3250,628981,496103,132878,4851,6.33%
KARNATAKA,Haveri,4823.0,330414,1597668,819128,778540,1085443,603793,512225,215335,296890,730066,490731,239335,867602,328397,539205,141380,219976,1281878,297927,419,68,9834,702,4434,413564,315076,98488,2456,15.28%
JHARKHAND,Hazaribagh,3555.0,304749,1734495,890881,843614,1013249,596113,721246,294768,426478,654636,423472,231164,1079859,467409,612450,121768,303515,1397227,281247,1312,71,1676,34154,1671,381748,312983,68765,3532,35.75%
MAHARASHTRA,Hingoli,4827.0,228868,1177345,606294,571051,790743,450551,386602,155743,230859,569182,330903,238279,608163,275391,332772,111954,182565,863199,127552,643,176679,5278,103,2899,284369,242456,41913,1221,28.05%
HARYANA,Hisar,3983.0,335608,1743931,931562,812369,1114311,670200,629620,261362,368258,691621,488321,203300,1052310,443241,609069,0,408785,1701061,21650,12270,334,3620,33,3018,456126,302013,154113,10132,9.71%
MADHYA PRADESH,Hoshangabad,6703.0,257199,1241350,648725,592625,810644,469199,430706,179526,251180,478082,345435,132647,763268,303290,459978,197300,205007,1175203,52269,3127,1550,3888,107,753,315396,209650,105746,2871,24.72%
PUNJAB,Hoshiarpur,3386.0,336994,1586625,809057,777568,1199699,637927,386926,171130,215796,499822,412506,87316,1086803,396551,690252,0,557504,1000743,23089,538208,3476,2034,531,3576,551265,422673,128592,13747,4.49%
WEST BENGAL,Hugli,3149.0,1287423,5519145,2814653,2704492,4078388,2211777,1440757,602876,837881,2152870,1713608,439262,3366275,1101045,2265230,229243,1344021,4574569,870204,2662,1730,2160,49050,11470,1640038,992085,647953,31725,14.93%
ANDHRA PRADESH,Hyderabad,217.0,849051,3943323,2018575,1924748,2892155,1542688,1051168,475887,575281,1413297,1045585,367712,2530026,972990,1557036,48937,247927,2046051,1713405,11446,1268,19560,1929,62142,1066289,0,1066289,149034,4.21%
KERALA,Idukki,4356.0,279812,1108974,552808,556166,923010,471881,185964,80927,105037,516363,331710,184653,592611,221098,371513,55815,145486,541854,82206,100,189,44,384,2690,412433,391610,20823,8250,1.65%
MANIPUR,Imphal East,709.0,92124,456113,226094,230019,324664,173314,131449,52780,78669,194848,117562,77286,261265,108532,152733,27657,15839,274906,80199,181,639,62,70825,1940,110941,64421,46520,2739,12.87%
MANIPUR,Imphal West,519.0,111156,517992,255054,262938,392626,205985,125366,49069,76297,213387,128540,84847,304605,126514,178091,24161,16530,387497,24298,589,1891,1264,77032,2044,136801,51055,85746,4913,7.27%
MADHYA PRADESH,Indore,3898.0,649540,3276697,1699627,1577070,2309130,1289631,967567,409996,557571,1268195,939055,329140,2008502,760572,1247930,217679,545239,2728225,415142,25696,11496,71667,720,5228,788318,200371,587947,48691,10.76%
MADHYA PRADESH,Jabalpur,5211.0,539060,2463289,1277278,1186011,1756468,980307,706821,296971,409850,1005624,705970,299654,1457665,571308,886357,375231,348029,2159065,203652,13256,4320,33728,21010,5116,624761,272284,352477,20443,19.50%
ORISSA,Jagatsinghapur,1668.0,261307,1136971,577865,559106,889027,481049,247944,96816,151128,403649,325589,78060,733322,252276,481046,7862,248152,1086140,46929,206,74,58,63,1897,352732,309685,43047,3199,11.83%
MEGHALAYA,Jaintia Hills,3819.0,66028,395124,196285,198839,187527,87371,207597,108914,98683,154180,88839,65341,240944,107446,133498,376099,1317,12456,1646,34,284,45,107559,1504,83717,76546,7171,510,46.07%
RAJASTHAN,Jaipur,11143.0,1177096,6626178,3468507,3157671,4300965,2554793,2325213,913714,1411499,2464893,1714947,749946,4161285,1753560,2407725,527966,1003302,5819980,687452,18782,1020,81079,257,4900,1732679,754841,977838,76565,15.07%
RAJASTHAN,Jaisalmer,38401.0,117171,669919,361708,308211,308653,210415,361266,151293,209973,288903,182565,106338,381016,179143,201873,42429,99134,497045,168129,1723,98,1521,34,495,189947,159117,30830,754,50.07%
ORISSA,Jajapur,2899.0,407851,1827192,926034,901158,1290455,706396,536737,219638,317099,552234,486091,66143,1274958,439943,835015,151432,433387,1725595,93642,470,58,100,3073,2631,541139,495611,45528,3831,20.75%
PUNJAB,Jalandhar,2624.0,461635,2193590,1145211,1048379,1622537,882581,571053,262630,308423,774472,639484,134988,1419118,505727,913391,0,854444,1394329,30233,718363,11385,4011,805,8448,708130,330339,377791,39082,3.26%
UTTAR PRADESH,Jalaun,4565.0,288338,1689974,906092,783882,1075196,653430,614778,252662,362116,620764,470969,149795,1069210,435123,634087,832,468178,1509708,171581,463,2875,256,145,3798,396421,304856,91565,2217,27.64%
MAHARASHTRA,Jalgaon,11765.0,903643,4229917,2197365,2032552,2891882,1629223,1338035,568142,769893,1863571,1186472,677099,2366346,1010893,1355453,604367,389273,3457615,560261,3091,143865,27404,9662,20928,1169788,796223,373565,14297,18.60%
MAHARASHTRA,Jalna,7718.0,391701,1959046,1011473,947573,1195523,699428,763523,312045,451478,930886,545030,385856,1028160,466443,561717,42263,272266,1504641,274221,1629,152540,9619,336,3518,502830,404746,98084,3791,28.65%
RAJASTHAN,Jalor,10640.0,326134,1828730,936634,892096,829582,543923,999148,392711,606437,896644,494906,401738,932086,441728,490358,178719,357196,1732852,78990,231,144,14640,82,1061,467418,419216,48202,1585,40.41%
WEST BENGAL,Jalpaiguri,6227.0,868326,3872846,1983064,1889782,2498780,1396622,1374066,586442,787624,1512910,1091361,421549,2359936,891703,1468233,731704,1458278,3156781,445817,2994,50676,1461,23816,5022,1117804,798378,319426,9322,21.83%
JAMMU AND KASHMIR,Jammu,2342.0,314199,1529958,813821,716137,1137135,641916,392823,171905,220918,508622,417456,91166,1021336,396365,624971,69193,377991,1289240,107489,114272,470,1987,321,4075,502609,254566,248043,19905,6.97%
GUJARAT,Jamnagar,14184.0,430941,2160119,1114192,1045927,1396534,795140,763585,319052,444533,847440,646822,200618,1312679,467370,845309,24187,173895,1810443,320805,1873,1086,18856,136,2528,646325,347158,299167,11573,13.05%
JHARKHAND,Jamtara,1811.0,155275,791042,404830,386212,426312,258260,364730,146570,218160,326631,214740,111891,464411,190090,274321,240489,72885,550560,164406,520,118,783,68564,1672,185668,165555,20113,808,50.62%
BIHAR,Jamui,3098.0,307082,1760405,916064,844341,858588,534385,901817,381679,520138,727571,452288,275283,1032834,463776,569058,78793,302649,1525746,217621,162,159,87,3438,4749,356760,325909,30851,1839,64.01%
CHHATTISGARH,Janjgir - Champa,3853.0,364532,1619707,815717,803990,1019634,593679,600073,222038,378035,846466,478278,368188,773241,337439,435802,187196,397908,1597089,14173,635,556,707,2220,1401,440773,379583,61190,1706,23.16%
CHHATTISGARH,Jashpur,5838.0,192570,851669,424747,426922,495415,280656,356254,144091,212163,487360,263645,223715,364309,161102,203207,530378,48844,629509,15336,474,467,694,14835,766,226392,205670,20722,567,45.85%
UTTAR PRADESH,Jaunpur,4038.0,663513,4494204,2220465,2273739,2731677,1565394,1762527,655071,1107456,1437375,934157,503218,3056829,1286308,1770521,4736,990345,3981502,483750,1286,7898,349,114,14358,1006670,926088,80582,8002,40.78%
BIHAR,Jehanabad,931.0,181740,1125313,585582,539731,618881,374412,506432,211170,295262,365378,266423,98955,759935,319159,440776,1285,222974,1045117,75742,148,248,60,58,3249,214792,186660,28132,1106,45.41%
MADHYA PRADESH,Jhabua,3600.0,194157,1025048,515023,510025,352081,214582,672967,300441,372526,515121,265489,249632,509927,249534,260393,891818,17427,960925,15733,141,65,8871,388,502,235793,211080,24713,744,68.86%
HARYANA,Jhajjar,1834.0,185334,958405,514667,443738,676091,399480,282314,115187,167127,326534,250020,76514,631871,264647,367224,0,170448,945693,8247,1042,105,645,22,1917,290144,211816,78328,5034,5.82%
RAJASTHAN,Jhalawar,6219.0,283295,1411129,725143,685986,739792,466815,671337,258328,413009,685950,402825,283125,725179,322318,402861,182229,243582,1299751,96164,819,46,12488,42,977,362387,298624,63763,1750,32.74%
UTTAR PRADESH,Jhansi,5024.0,367779,1998603,1057436,941167,1304513,783705,694090,273731,420359,814914,565357,249557,1183689,492079,691610,3873,562505,1823930,147842,4951,1203,7328,311,5988,504913,309592,195321,8517,20.17%
ORISSA,Jharsuguda,2114.0,136061,579505,296690,282815,405879,228092,173626,68598,105028,247707,172018,75689,331798,124672,207126,176758,104620,553587,12783,1441,80,70,67,1015,177186,103224,73962,2498,18.41%
RAJASTHAN,Jhunjhunun,5928.0,384197,2137045,1095896,1041149,1370360,815834,766685,280062,486623,894649,541392,353257,1242396,554504,687892,41629,360709,1905682,228178,275,56,548,85,1217,650809,500452,150357,4828,12.76%
HARYANA,Jind,2702.0,249736,1334152,713006,621146,832758,502049,501394,210957,290437,523422,368277,155145,810730,344729,466001,0,282351,1276669,23016,29103,172,2594,56,1653,368000,278335,89665,5263,9.16%
RAJASTHAN,Jodhpur,22850.0,649013,3687165,1923928,1763237,2031532,1265753,1655633,658175,997458,1489741,965103,524638,2197424,958825,1238599,118924,608024,3224399,411558,4123,514,36697,80,3759,891657,584215,307442,19335,26.77%
ASSAM,Jorhat,2851.0,236262,1092256,556805,535451,794929,432335,297327,124470,172857,498618,320746,177872,593638,236059,357579,139971,88665,1008219,54684,1540,2378,719,578,3087,367154,286330,80824,5651,20.24%
GUJARAT,Junagadh,8831.0,527326,2743082,1404356,1338726,1842818,1046981,900264,357375,542889,1123709,801859,321850,1619373,602497,1016876,55571,265793,2397056,334858,1110,1291,3841,77,2263,776743,489237,287506,6628,10.08%
UTTAR PRADESH,Jyotiba Phule Nagar,2249.0,314401,1840221,963449,876772,983110,600541,857111,362908,494203,599089,459037,140052,1241132,504412,736720,164,318001,1075440,750368,5295,189,517,21,2439,451374,335888,115486,2825,34.84%
CHHATTISGARH,Kabeerdham,4235.0,178446,822526,412058,410468,414167,248503,408359,163555,244804,404156,217073,187083,418370,194985,223385,167043,119798,776013,12206,924,433,1167,30222,581,211179,187311,23868,682,39.56%
GUJARAT,Kachchh,45674.0,445672,2092371,1096737,995634,1252319,739239,840052,357498,482554,776228,624704,151524,1316143,472033,844110,24228,258859,1608921,442355,6353,490,25312,98,2650,739275,488293,250982,9631,28.30%
BIHAR,Kaimur (Bhabua),3332.0,250884,1626384,847006,779378,920276,549923,706108,297083,409025,511163,375959,135204,1115221,471047,644174,57981,369088,1456229,155283,296,7707,129,1534,3799,340442,325143,15299,2100,44.48%
HARYANA,Kaithal,2317.0,204274,1074304,571003,503301,646529,385782,427775,185221,242554,373899,292696,81203,700405,278307,422098,0,247513,974520,8232,87558,265,351,70,1539,306787,231091,75696,3724,7.83%
ORISSA,Kalahandi,7920.0,401251,1576869,787101,789768,802036,484177,774833,302924,471909,751930,447290,304640,824939,339811,485128,449456,286580,1555367,4975,796,175,1225,220,2951,494748,456336,38412,1953,47.28%
ASSAM,Kamrup,3105.0,311114,1517542,778461,739081,995319,550219,522223,228242,293981,628954,428492,200462,888588,349969,538619,182038,107827,877495,601784,319,185,1330,55,3077,434445,390596,43849,3109,26.22%
ASSAM,Kamrup Metropolitan,955.0,293112,1253938,647585,606353,1001191,537227,252747,110358,142389,490932,375613,115319,763006,271972,491034,75121,101789,1064412,151071,3679,1627,9250,170,4919,428192,61334,366858,29117,10.93%
TAMIL NADU,Kancheepuram,4483.0,1006245,3998252,2012958,1985294,3013382,1611461,984870,401497,583373,1673814,1181308,492506,2324438,831650,1492788,41210,948081,3537399,173785,1620,990,4962,756,21978,1213504,438799,774705,100322,2.97%
ORISSA,Kandhamal,8021.0,172022,733110,359945,373165,399786,233900,333324,126045,207279,355349,193515,161834,377761,166430,211331,392820,115544,580300,2138,82,290,47,23,1335,242935,218446,24489,768,44.75%
HIMACHAL PRADESH,Kangra,5739.0,338887,1510075,750591,759484,1152640,606443,357435,144148,213287,675170,403756,271414,834905,346835,488070,84564,319385,1461140,19797,8929,14511,194,208,2273,627328,588321,39007,8053,5.88%
UTTAR PRADESH,Kannauj,2093.0,280928,1656616,881776,774840,1017087,603596,639529,278180,361349,524676,430934,93742,1131940,450842,681098,15,309980,1375788,273967,504,2033,606,65,2390,365770,299785,65985,2488,43.50%
TAMIL NADU,Kanniyakumari,1684.0,483539,1870374,926345,944029,1548738,780541,321636,145804,175832,679620,524629,154991,1190754,401716,789038,7282,74249,909872,78590,160,438,156,10,4849,598041,104253,493788,15673,1.52%
KERALA,Kannur,2961.0,554298,2523003,1181446,1341557,2138434,1012956,384569,168490,216079,824116,609377,214739,1698887,572069,1126818,41371,83350,1509592,742483,424,1118,193,722,5945,872479,306288,566191,32653,0.44%
UTTAR PRADESH,Kanpur Dehat,3021.0,329817,1796184,963255,832929,1170243,692964,625941,270291,355650,628864,493991,134873,1167320,469264,698056,801,460544,1612968,176327,478,819,155,103,4034,405256,363933,41323,2682,37.98%
UTTAR PRADESH,Kanpur Nagar,3155.0,863338,4581268,2459806,2121462,3243022,1829179,1338246,630627,707619,1572232,1299871,272361,3009036,1159935,1849101,3753,816754,3792174,720660,29676,2733,5710,589,13975,1049775,364869,684906,33966,14.32%
UTTAR PRADESH,Kanshiram Nagar,1955.0,237903,1436719,764165,672554,724850,452803,711869,311362,400507,472765,375213,97552,963954,388952,575002,150,254299,1211427,213822,2280,3907,313,72,2929,343724,271234,72490,1623,47.81%
PUNJAB,Kapurthala,1633.0,167989,815168,426311,388857,576567,316254,238601,110057,128544,284165,235562,48603,531003,190749,340254,0,276707,336124,10190,453692,6662,553,334,2168,261203,165433,95770,9732,5.08%
PONDICHERRY,Karaikal,157.0,49705,200222,97809,102413,154916,79903,45306,17906,27400,68301,53139,15162,131921,44670,87251,0,35348,152638,28835,46,63,54,14,181,69333,35618,33715,1868,3.13%
RAJASTHAN,Karauli,5524.0,262503,1458248,783639,674609,805849,531904,652399,251735,400664,628726,371058,257668,829522,412581,416941,324960,354465,1370977,81553,297,70,3424,413,912,364355,305047,59308,1059,39.90%
ASSAM,Karbi Anglong,10434.0,177646,956313,490167,466146,557214,314253,399099,175914,223185,383441,246193,137248,572872,243974,328898,538738,44961,766000,20290,370,6260,397,3568,1639,252876,215691,37185,1923,37.59%
JAMMU AND KASHMIR,Kargil,14036.0,18338,140802,77785,63017,86236,56301,54566,21484,33082,51873,39839,12034,88929,37946,50983,122336,18,10341,108239,1171,20126,28,4,289,48144,40370,7774,235,19.29%
ASSAM,Karimganj,1809.0,247714,1228686,625864,602822,795297,435942,433389,189922,243467,399171,319798,79373,829515,306066,523449,1940,157890,521962,692489,114,446,524,110,1051,294640,261945,32695,1933,46.02%
ANDHRA PRADESH,Karimnagar,11823.0,976022,3776269,1880800,1895469,2206829,1257238,1569440,623562,945878,1876768,1049463,827305,1899501,831337,1068164,106745,709757,3491139,244723,2086,332,312,115,12583,1165280,877236,288044,8831,8.65%
HARYANA,Karnal,2520.0,292084,1505324,797712,707612,978013,564516,527311,233196,294115,516062,411646,104416,989262,386066,603196,0,339604,1341002,31650,126207,532,1516,49,2319,428602,292682,135920,11163,6.40%
TAMIL NADU,Karur,2904.0,287095,1064493,528184,536309,727044,401726,337449,126458,210991,543298,329034,214264,521195,199150,322045,575,221385,993666,53292,115,29,7,79,822,364661,212241,152420,4915,4.40%
KERALA,Kasaragod,1989.0,273410,1307375,628613,678762,1037492,516476,269883,112137,157746,462998,325095,137903,844377,303518,540859,48857,53283,729987,486913,151,362,130,152,2226,417805,251641,166164,10378,0.94%
JAMMU AND KASHMIR,Kathua,2502.0,119583,616435,326109,290326,389204,228499,227231,97610,129621,200431,161548,38883,416004,164561,251443,53307,141224,540063,64234,9551,24,16,2,717,214847,181374,33473,1443,13.08%
BIHAR,Katihar,3057.0,619076,3071029,1600430,1470599,1280190,762256,1790839,838174,952665,1013566,760522,253044,2057463,839908,1217555,179971,263100,1684589,1365645,2754,212,507,2141,6522,738070,668232,69838,2941,62.38%
MADHYA PRADESH,Katni,4950.0,289551,1292042,662013,630029,790773,460583,501269,201430,299839,543874,348410,195464,748168,313603,434565,317699,155717,1240650,37232,1167,157,5342,2643,1693,349031,276151,72880,2179,39.94%
UTTAR PRADESH,Kaushambi,1779.0,277851,1599596,838485,761111,813424,507279,786172,331206,454966,639086,402644,236442,960510,435841,524669,193,555397,1372381,220423,522,687,545,3,2810,380620,349856,30764,1503,56.06%
ORISSA,Kendrapara,2644.0,321934,1440361,717814,722547,1089265,579970,351096,137844,213252,466890,386382,80508,973471,331432,642039,9484,309780,1386792,50247,169,62,52,24,1592,438243,414749,23494,1628,21.82%
ORISSA,Kendujhar,8303.0,405272,1801733,906487,895246,1052518,605119,749215,301368,447847,766514,498077,268437,1035219,408410,626809,818878,209357,1752694,27752,2177,209,131,7372,2257,574298,490634,83664,2622,41.69%
BIHAR,Khagaria,1486.0,328823,1666886,883786,783100,768028,461153,898858,422633,476225,560805,398216,162589,1106081,485570,620511,675,247161,1486989,175588,143,79,86,115,2633,394703,373696,21007,1580,58.23%
ANDHRA PRADESH,Khammam,16029.0,754034,2797370,1390988,1406382,1630234,901640,1167136,489348,677788,1410062,802906,607156,1387308,588082,799226,765565,462896,2595321,158887,655,217,459,539,7829,870625,669262,201363,8628,13.75%
MADHYA PRADESH,Khandwa (East Nimar),7352.0,266655,1310061,674329,635732,731615,432259,578446,242070,336376,612976,369676,243300,697085,304653,392432,459122,156601,1182330,116277,1726,1425,3856,158,1489,329088,265663,63425,1907,42.53%
MADHYA PRADESH,Khargone (West Nimar),8025.0,367988,1873046,953121,919925,986234,575428,886812,377693,509119,894119,518254,375865,978927,434867,544060,730169,209091,1725441,135085,2896,284,6028,89,1148,460163,383543,76620,2162,35.80%
GUJARAT,Kheda,3953.0,466856,2299885,1185727,1114158,1660243,942480,639642,243247,396395,933983,674586,259397,1365902,511141,854761,40336,115631,2000884,264482,1403,300,3479,82,2626,622026,461479,160547,5710,25.50%
UTTAR PRADESH,Kheri,7680.0,745077,4021243,2123187,1898056,2034044,1237157,1987199,886030,1101169,1264718,1058483,206235,2756525,1064704,1691821,53375,1061782,3078262,807600,94388,18454,487,226,14324,862610,754938,107672,3402,59.95%
ORISSA,Khordha,2813.0,494212,2251673,1167137,1084536,1749936,957515,501737,209622,292115,792193,645880,146313,1459480,521257,938223,115051,297472,2147632,84060,1264,475,476,434,4805,688729,331834,356895,35701,15.50%
JHARKHAND,Khunti,2535.0,103700,531885,266335,265550,284575,164741,247310,101594,145716,259984,141123,118861,271901,125212,146689,389626,24037,138863,13122,69,245,148,241292,1708,135719,123245,12474,417,48.65%
HIMACHAL PRADESH,Kinnaur,6401.0,19976,84121,46249,37872,60699,36697,23422,9552,13870,56273,33863,22410,27848,12386,15462,48746,14750,64732,448,249,18086,29,45,47,44514,44514,0,354,5.10%
NAGALAND,Kiphire,1130.0,14771,74004,37830,36174,41232,22675,32772,15155,17617,31959,16780,15179,42045,21050,20995,71429,0,1040,564,13,210,1,1,372,20322,16032,4290,47,37.33%
BIHAR,Kishanganj,1884.0,338445,1690400,866970,823430,745056,439921,945344,427049,518295,529064,421192,107872,1161336,445778,715558,64224,113118,531236,1149095,398,183,1476,28,2201,445150,401793,43357,1093,64.75%
JAMMU AND KASHMIR,Kishtwar,1644.0,45209,230696,120165,110531,107506,68700,123190,51465,71725,82974,56779,26195,147722,63386,84336,38149,14307,93931,133225,450,2094,3,514,202,78371,72378,5993,274,24.29%
WEST BENGAL,Koch Bihar,3387.0,665720,2819086,1451542,1367544,1850504,1028733,968582,422809,545773,1127977,845308,282669,1691109,606234,1084875,18125,1414336,2087766,720033,449,445,1869,158,4244,900738,803407,97331,3534,21.90%
KARNATAKA,Kodagu,4102.0,142716,554519,274608,279911,412877,215302,141642,59306,82336,278938,172100,106838,275581,102508,173073,58054,73584,448986,87274,139,126,250,220,394,212974,181182,31792,3308,8.64%
JHARKHAND,Kodarma,2540.0,116155,716259,367222,349037,390249,238780,326010,128442,197568,257418,173993,83425,458841,193229,265612,6903,109003,605138,107018,944,32,980,269,657,151485,116714,34771,845,32.68%
NAGALAND,Kohima,1463.0,54391,267988,138966,129022,197489,107038,70499,31928,38571,114825,68140,46685,153163,70826,82337,224738,0,25496,4384,998,1519,80,335,221,76100,31845,44255,1928,11.03%
ASSAM,Kokrajhar,3296.0,181081,887142,452905,434237,489305,275220,397837,177685,220152,341131,236322,104809,546011,216583,329428,278665,29570,529068,252271,93,1718,396,123,2382,222011,204896,17115,1218,32.14%
KARNATAKA,Kolar,3979.0,333348,1536401,776396,760005,1016219,564110,520182,212286,307896,717872,454048,263824,818529,322348,496181,78875,465867,1305431,199873,253,150,2494,92,1386,477609,326567,151042,5051,9.53%
MIZORAM,Kolasib,1382.0,17270,83955,42918,41037,65895,34147,18060,8771,9289,36672,22733,13939,47283,20185,27098,73609,84,4000,4426,16,108,2,46,147,22176,9669,12507,367,8.44%
MAHARASHTRA,Kolhapur,7685.0,840240,3876001,1980658,1895343,2825845,1559760,1050156,420898,629258,1704054,1125204,578850,2171947,855454,1316493,30206,504461,3379906,286558,1570,29766,154882,1274,6472,1179314,796496,382818,22269,10.17%
WEST BENGAL,Kolkata,185.0,1024928,4496694,2356766,2139928,3588137,1926915,908557,429851,478706,1795740,1412466,383274,2700954,944300,1756654,10684,241932,3440290,926414,13849,4771,21178,1452,48982,1308106,0,1308106,136618,2.72%
KERALA,Kollam,2483.0,669375,2635375,1246968,1388407,2240273,1074345,395102,172623,222479,912025,644362,267663,1723350,602606,1120744,10761,328263,1697635,508500,208,272,63,619,6480,925130,523715,401415,31542,0.72%
KARNATAKA,Koppal,5570.0,264595,1389920,699926,689994,809085,468785,580835,231141,349694,654766,387974,266792,735154,311952,423202,164271,258608,1218024,161770,296,85,2898,461,2305,337649,272968,64681,2135,24.31%
ORISSA,Koraput,8807.0,337677,1379647,678809,700838,568090,340843,811557,337966,473591,693406,384053,309353,686241,294756,391485,697583,196540,1294151,8850,518,219,491,3384,3484,460128,381789,78339,3988,51.14%
CHHATTISGARH,Korba,6598.0,280073,1206640,612915,593725,748759,433391,457881,179524,278357,521186,333329,187857,685454,279586,405868,493559,124679,1133176,30195,3666,897,753,15649,1245,332653,206598,126055,4544,31.85%
CHHATTISGARH,Koriya,6604.0,153274,658917,334737,324180,397823,229923,261094,104814,156280,307071,185483,121588,351846,149254,202592,304280,54776,604259,25878,1391,84,1155,15474,1278,181615,121852,59763,1667,38.24%
RAJASTHAN,Kota,5217.0,396501,1951014,1021161,929853,1298345,765396,652669,255765,396904,748811,534650,214161,1202203,486511,715692,183816,405408,1661307,243993,11058,280,25742,286,2683,515189,203454,311735,12843,13.30%
KERALA,Kottayam,2206.0,487296,1974551,968289,1006262,1749798,861592,224753,106697,118056,735735,530322,205413,1238816,437967,800849,21972,153909,983598,126499,204,358,83,565,4636,678161,481967,196194,37849,0.00%
KERALA,Kozhikode,2345.0,697710,3086293,1470942,1615351,2615443,1266939,470850,204003,266847,948981,752333,196648,2137312,718609,1418703,15228,199191,1734958,1211131,297,235,601,588,6967,990336,323793,666543,36791,0.26%
ANDHRA PRADESH,Krishna,8727.0,1243293,4517398,2267375,2250023,3009718,1598959,1507680,668416,839264,2048880,1327299,721581,2468518,940076,1528442,132464,871063,4023678,307043,1393,863,6320,906,31597,1476334,909292,567042,30438,8.69%
TAMIL NADU,Krishnagiri,5129.0,448053,1879809,960232,919577,1187958,667062,691851,293170,398681,877779,561634,316145,1002030,398598,603432,22388,267386,1723737,115303,468,121,373,221,3630,580540,437988,142552,9619,4.90%
JAMMU AND KASHMIR,Kulgam,410.0,73728,424483,217620,206863,209085,125052,215398,92568,122830,159990,102317,57673,264493,115303,149190,26525,21,4267,418076,1035,27,25,9,584,121130,95952,25178,838,7.43%
HIMACHAL PRADESH,Kullu,5503.0,94807,437903,225452,212451,307672,174550,130231,50902,79329,269084,148829,120255,168819,76623,92196,16822,122659,415669,2974,1396,15377,94,83,742,188704,167995,20709,2623,8.97%
JAMMU AND KASHMIR,Kupwara,2379.0,113929,870354,474190,396164,439654,282823,430700,191367,239333,229064,190899,38165,641290,283291,357999,70352,1048,37128,823286,5600,66,39,13,2522,181664,158438,23226,762,16.08%
ANDHRA PRADESH,Kurnool,17658.0,887652,4053463,2039227,2014236,2127161,1246369,1926302,792858,1133444,2029425,1164122,865303,2024038,875105,1148933,82831,737945,3328380,670737,737,255,2235,434,17520,1090835,783853,306982,10081,19.64%
HARYANA,Kurukshetra,1530.0,188143,964655,510976,453679,646893,370828,317762,140148,177614,336780,268556,68224,627875,242420,385455,0,215128,805175,15970,140395,214,375,106,477,291821,203553,88268,7356,6.42%
ARUNACHAL PRADESH,Kurung Kumey,6040.0,15037,92076,45318,46758,36606,20258,55470,25060,30410,38044,18429,19615,54032,26889,27143,90764,0,4859,471,43,121,81,34158,1154,19695,18603,1092,95,39.55%
UTTAR PRADESH,Kushinagar,2905.0,561062,3564544,1818055,1746489,1954820,1183722,1609724,634333,975391,1116973,804857,312116,2447571,1013198,1434373,80269,544231,2928462,620244,767,4619,383,133,4930,785099,742324,42775,3486,42.82%
HIMACHAL PRADESH,Lahul & Spiti,13841.0,6674,31564,16588,14976,21845,12897,9719,3691,6028,19295,10763,8532,12269,5825,6444,25707,2235,11649,74,35,19572,3,1,18,17434,17434,0,61,7.72%
ASSAM,Lakhimpur,2277.0,204307,1042137,529674,512463,683486,375552,358651,154122,204529,429995,282250,147745,612142,247424,364718,249426,81840,797130,193476,412,1074,250,2410,1168,327933,293239,34694,1948,24.23%
BIHAR,Lakhisarai,1228.0,163355,1000912,526345,474567,507270,305182,493642,221163,272479,326576,240494,86082,674336,285851,388485,8333,153209,956396,40886,140,52,78,52,2821,207645,175882,31763,1186,43.90%
LAKSHADWEEP,Lakshadweep,30.0,11574,64473,33123,31350,52553,28023,11920,5100,6820,18753,15318,3435,45720,17805,27915,61120,0,1788,62268,8,10,11,7,64,21242,5289,15953,327,1.82%
UTTAR PRADESH,Lalitpur,5039.0,222094,1221592,641011,580581,641191,397586,580401,243425,336976,503351,326783,176568,718241,314228,404013,71610,240519,1163804,33724,1034,69,20390,41,1179,301832,258013,43819,1079,35.98%
JHARKHAND,Latehar,4291.0,133381,726978,369666,357312,350682,209706,376296,159960,216336,313379,180106,133273,413599,189560,224039,331096,154910,473049,69808,120,128,16,133525,2679,160514,146377,14137,340,52.91%
MAHARASHTRA,Latur,7157.0,481572,2454196,1273140,1181056,1650672,932432,803524,340708,462816,1046857,670018,376839,1407339,603122,804217,57488,480913,2006984,367664,935,66535,6387,310,2994,585632,428616,157016,6217,17.79%
MIZORAM,Lawngtlai,2557.0,22984,117894,60599,57295,62861,36444,55033,24155,30878,45566,28517,17049,72328,32082,40246,112354,146,1668,522,52,51549,122,2,87,27266,21993,5273,162,30.45%
JAMMU AND KASHMIR,Leh(Ladakh),45110.0,21909,133487,78971,54516,93770,62834,39717,16137,23580,75079,53265,21814,58408,25706,32702,95857,488,22882,19057,1092,88635,103,54,1006,54394,36920,17474,574,5.37%
JHARKHAND,Lohardaga,1502.0,88638,461790,232629,229161,259707,149568,202083,83061,119022,221332,121605,99727,240458,111024,129434,262734,15330,112378,95012,51,33,15,235987,1544,111484,96759,14725,351,45.33%
ARUNACHAL PRADESH,Lohit,5212.0,30005,145726,76221,69505,83062,48380,62664,27841,34823,60945,38910,22035,84781,37311,47470,47410,0,99020,3846,210,24452,104,7277,133,44971,33599,11372,312,31.97%
NAGALAND,Longleng,562.0,11985,50484,26502,23982,29859,16139,20625,10363,10262,30568,16273,14295,19916,10229,9687,48615,0,873,635,5,77,0,0,45,15137,12686,2451,37,33.88%
ARUNACHAL PRADESH,Lower Dibang Valley,3900.0,11600,54080,28053,26027,31849,18087,22231,9966,12265,22326,14102,8224,31754,13951,17803,25974,0,28915,2247,33,2932,19,10393,328,15950,12000,3950,207,23.56%
ARUNACHAL PRADESH,Lower Subansiri,3508.0,15249,83030,41843,41187,54057,29470,28973,12373,16600,30202,17339,12863,52828,24504,28324,72911,0,9551,1482,27,193,13,37085,277,23477,18112,5365,381,15.80%
UTTAR PRADESH,Lucknow,2528.0,860703,4589838,2394476,2195362,3127260,1742440,1462578,652036,810542,1542806,1226399,316407,3047032,1168077,1878955,7506,948294,3537787,985070,23883,3877,4975,504,13249,1061721,344155,717566,68506,12.16%
PUNJAB,Ludhiana,3578.0,716826,3498739,1867816,1630923,2560225,1428348,938514,439468,499046,1284822,1053600,231222,2213917,814216,1399701,0,923358,1502403,77713,1863408,2007,19620,1254,15817,1036821,395032,641789,58589,3.83%
MIZORAM,Lunglei,4536.0,33058,161428,82891,78537,121122,64515,40306,18376,21930,78292,46230,32062,83136,36661,46475,153533,178,5231,1290,74,27543,93,5,68,38794,21479,17315,482,10.16%
BIHAR,Madhepura,1788.0,401289,2001762,1047559,954203,834577,517666,1167185,529893,637292,777546,496046,281500,1224216,551513,672703,12532,346275,1753829,241760,170,60,133,81,4387,510278,486278,24000,1397,64.43%
BIHAR,Madhubani,3501.0,898515,4487379,2329313,2158066,2155338,1340085,2332041,989228,1342813,1636938,1105947,530991,2850441,1223366,1627075,3990,587158,3652168,818912,564,328,442,169,11534,1088786,1047552,41234,5319,55.41%
TAMIL NADU,Madurai,3710.0,794887,3038252,1526475,1511777,2273430,1223810,764822,302665,462157,1354632,902704,451928,1683620,623771,1059849,11096,408976,2760502,168881,520,199,1532,305,8602,1010441,417718,592723,34097,5.82%
UTTAR PRADESH,Mahamaya Nagar,1840.0,260860,1564708,836127,728581,942572,579157,622136,256970,365166,484115,398126,85989,1080593,438001,642592,268,387554,1397225,159448,524,424,1289,63,4385,373033,288150,84883,3087,32.35%
CHHATTISGARH,Mahasamund,4790.0,248561,1032754,511967,520787,637963,364089,394791,147878,246913,499260,291858,207402,533494,220109,313385,279896,139581,1008061,12570,2941,521,1495,1417,465,310567,274793,35774,961,29.85%
ANDHRA PRADESH,Mahbubnagar,18432.0,869451,4053028,2050386,2002642,1940646,1158386,2112382,892000,1220382,2082501,1140067,942434,1970527,910319,1060208,364269,708954,3673456,334172,658,290,388,267,22452,1010015,848963,161052,6153,24.72%
PONDICHERRY,Mahe,9.0,7420,41816,19143,22673,36470,16610,5346,2533,2813,11802,9093,2709,30014,10050,19964,0,144,27940,12856,3,21,14,3,21,12110,0,12110,574,0.08%
HARYANA,Mahendragarh,1899.0,171712,922088,486665,435423,630255,380440,291833,106225,185608,338584,232935,105649,583504,253730,329774,0,156314,913251,5660,1737,75,644,15,405,267942,223726,44216,2624,6.29%
GUJARAT,Mahesana,4401.0,424479,2035064,1056520,978544,1502645,847499,532419,209021,323398,812064,588699,223365,1223000,467821,755179,9392,162288,1885732,136431,1082,146,7087,88,2544,659743,476005,183738,7759,10.43%
UTTAR PRADESH,Mahoba,3144.0,158435,875958,466358,409600,488106,302283,387852,164075,223777,349676,237153,112523,526282,229205,297077,647,220898,815142,57454,389,94,234,157,1523,246823,198298,48525,1316,35.29%
UTTAR PRADESH,Mahrajganj,2952.0,426565,2684703,1381754,1302949,1419144,881674,1265559,500080,765479,994253,659465,334788,1690450,722289,968161,16435,492976,2196884,458650,1381,16030,243,338,7650,607079,573046,34033,2694,49.12%
UTTAR PRADESH,Mainpuri,2760.0,313690,1868529,993377,875152,1203885,712110,664644,281267,383377,560840,466067,94773,1307689,527310,780379,478,368206,1746649,100723,475,8814,4161,38,5940,411258,338475,72783,2642,31.41%
KERALA,Malappuram,3554.0,793999,4112920,1960328,2152592,3311315,1597404,801605,362924,438681,1062424,898157,164267,3050496,1062171,1988325,22990,308266,1135259,2888849,205,179,68,579,6225,1157129,634543,522586,27909,1.11%
WEST BENGAL,Maldah,3733.0,846991,3988845,2051541,1937304,2086432,1152019,1902413,899522,1002891,1537847,1086461,451386,2450998,965080,1485918,313984,835430,1914352,2045151,747,359,639,7929,6459,958996,830318,128678,5357,34.48%
ORISSA,Malkangiri,5791.0,137599,613192,303624,309568,244706,147001,368486,156623,211863,310666,170495,140171,302526,133129,169397,354614,138295,600219,1871,213,43,195,35,577,183723,167884,15839,448,58.66%
MIZORAM,Mamit,3025.0,17731,86364,44828,41536,60191,32977,26173,11851,14322,39339,24016,15323,47025,20812,26213,82080,51,2989,1782,13,12328,25,19,104,20855,16726,4129,90,25.29%
HIMACHAL PRADESH,Mandi,3950.0,219145,999777,498065,501712,723747,393669,276030,104396,171634,572671,297464,275207,427106,200601,226505,12787,293739,981412,9460,4081,2628,43,86,1191,462825,431129,31696,5333,8.35%
MADHYA PRADESH,Mandla,5800.0,250146,1054905,525272,529633,604962,348033,449943,177239,272704,559649,300235,259414,495256,225037,270219,610528,48425,849518,16558,436,297,1789,170533,3324,316932,279674,37258,912,48.09%
MADHYA PRADESH,Mandsaur,5535.0,286808,1340411,682851,657560,834591,502898,505820,179953,325867,679723,397714,282009,660688,285137,375551,33092,249024,1192588,125548,849,242,19029,77,958,384119,302287,81832,2324,33.00%
KARNATAKA,Mandya,4962.0,428625,1805769,905085,900684,1149649,638668,656120,266417,389703,871408,575203,296205,934361,329882,604479,22402,265294,1712695,77801,322,299,3607,109,2430,562302,458867,103435,3367,6.30%
PUNJAB,Mansa,2198.0,149630,769751,408732,361019,423560,244037,346191,164695,181496,328512,230739,97773,441239,177993,263246,0,258878,156539,10375,598443,123,1577,493,1284,196389,145603,50786,2673,9.99%
UTTAR PRADESH,Mathura,3340.0,423125,2547184,1367125,1180059,1507746,943346,1039438,423779,615659,840939,635142,205797,1706245,731983,974262,1520,506580,2310776,216933,2872,883,2056,126,10359,585290,407488,177802,8726,33.78%
UTTAR PRADESH,Mau,1713.0,324424,2205968,1114709,1091259,1363044,773082,842924,341627,501297,696747,475413,221334,1509221,639296,869925,22915,474537,1769937,428555,340,564,155,129,4179,451528,352207,99321,2656,32.63%
ORISSA,Mayurbhanj,10418.0,586253,2519738,1256213,1263525,1369397,794171,1150341,462042,688299,1223534,697782,525752,1296204,558431,737773,1479576,184682,2113079,33706,661,162,109,351714,5299,753589,689110,64479,2950,45.06%
ANDHRA PRADESH,Medak,9699.0,668626,3033288,1523030,1510258,1637137,953406,1396151,569624,826527,1442203,837874,604329,1591085,685156,905929,168985,537947,2637313,342449,1309,554,457,217,16688,789132,593653,195479,8635,17.87%
UTTAR PRADESH,Meerut,2559.0,579110,3443689,1825743,1617946,2141488,1254520,1302201,571223,730978,1090539,898810,191729,2353150,926933,1426217,3390,624149,2183255,1185643,24912,1855,18544,236,18662,803823,381520,422303,23717,21.10%
HARYANA,Mewat,1507.0,160280,1089263,571162,518101,454897,308435,634366,262727,371639,289964,224642,65322,799299,346520,452779,0,75251,221846,862647,592,516,1453,4,970,223635,187398,36237,935,62.50%
UTTAR PRADESH,Mirzapur,4405.0,394925,2496970,1312302,1184668,1428683,865837,1068287,446465,621822,881996,613061,268935,1614974,699241,915733,20132,661129,2292534,195765,1133,341,701,27,4096,543115,465152,77963,4447,42.73%
PUNJAB,Moga,2242.0,193256,995746,525920,469826,627889,348549,367857,177371,190486,359172,292379,66793,636574,233541,403033,0,363417,158414,9388,818921,178,436,365,4767,288439,214295,74144,7897,8.01%
NAGALAND,Mokokchung,1615.0,42690,194622,101092,93530,159494,83479,35128,17613,17515,100067,57084,42983,94555,44008,50547,178431,0,9840,2057,78,442,66,6,286,55278,37536,17742,537,7.92%
NAGALAND,Mon,1786.0,41978,250260,131753,118507,119626,67432,130634,64321,66313,147654,79425,68229,102606,52328,50278,238285,0,8102,3444,84,1256,314,1,565,51022,43607,7415,178,45.56%
UTTAR PRADESH,Moradabad,3718.0,796170,4772006,2503186,2268820,2263848,1357435,2508158,1145751,1362407,1417811,1193439,224372,3354195,1309747,2044448,685,731406,2488265,2248392,7555,1260,2426,382,10569,1047916,692398,355518,11690,36.85%
MADHYA PRADESH,Morena,4989.0,362646,1965970,1068417,897553,1179685,747652,786285,320765,465520,675993,525329,150664,1289977,543088,746889,17030,421519,1875495,76159,557,3234,6681,92,2660,414586,319298,95288,1781,32.36%
ASSAM,Morigaon,1551.0,184602,957423,486651,470772,539902,289698,417521,196953,220568,351148,257984,93164,606275,228667,377608,136777,117841,451882,503257,113,65,244,11,1017,257481,232206,25275,1421,36.75%
PUNJAB,Muktsar,2593.0,174360,901896,475622,426274,524848,300401,377048,175221,201827,335326,272699,62627,566570,202923,363647,0,381554,254920,4333,638625,240,744,433,920,224157,149507,74650,4571,7.71%
MAHARASHTRA,Mumbai,157.0,674339,3085411,1684608,1400803,2509022,1410680,576389,273928,302461,1284396,1021009,263387,1801015,663599,1137416,25093,219934,1873762,773173,13471,134257,166000,31094,9099,1107321,0,1107321,121344,3.59%
MAHARASHTRA,Mumbai Suburban,446.0,2105604,9356962,5031323,4325639,7575485,4223029,1781477,808294,973183,3735021,2944322,790699,5621941,2087001,3534940,104560,583302,6337132,1795788,47288,469568,343639,18345,22726,3078829,0,3078829,404757,4.65%
BIHAR,Munger,1419.0,263171,1367765,729041,638724,801817,473741,565948,255300,310648,426658,327453,99205,941107,401588,539519,21404,183846,1252319,110416,338,95,145,61,2576,308063,222281,85782,2653,40.73%
WEST BENGAL,Murshidabad,5324.0,1570759,7103807,3627564,3476243,4055834,2177187,3047973,1450377,1597596,2589907,1985667,604240,4513900,1641897,2872003,91035,897534,2359061,4707573,766,348,3037,7429,7491,1851965,1501066,350899,7951,27.23%
UTTAR PRADESH,Muzaffarnagar,4008.0,676642,4143512,2193434,1950078,2417339,1448528,1726173,744906,981267,1291644,1081569,210075,2851868,1111865,1740003,317,561250,2382914,1711453,18601,1516,16345,60,6128,969850,673746,296104,10077,29.85%
BIHAR,Muzaffarpur,3172.0,945703,4801062,2527497,2273565,2509232,1487117,2291830,1040380,1251450,1547586,1195308,352278,3253476,1332189,1921287,5979,751975,4032773,745546,933,288,382,98,15893,1119394,998694,120700,10290,48.00%
KARNATAKA,Mysore,6307.0,700968,3001127,1511600,1489527,1962180,1063766,1038947,447834,591113,1314268,921803,392465,1686859,589797,1097062,334547,536643,2631985,290549,1255,16194,14419,493,6871,920982,540596,380386,28397,7.79%
ORISSA,Nabarangapur,5291.0,273423,1220946,604812,616134,470379,286984,750567,317828,432739,610906,342641,268265,610040,262171,347869,681173,177384,1178005,6753,169,189,325,54,3299,372264,342840,29424,1324,59.32%
WEST BENGAL,Nadia,3927.0,1232282,5167600,2653768,2513832,3480555,1878866,1687045,774902,912143,1842607,1554090,288517,3324993,1099678,2225315,140700,1546917,3728482,1382682,849,514,281,16893,4064,1549771,1081381,468390,12787,11.07%
ASSAM,Nagaon,3973.0,559340,2823768,1439112,1384656,1710716,921850,1113052,517262,595790,979998,766728,213270,1843770,672384,1171386,115153,266350,1225246,1563203,3036,1073,1162,61,3143,799185,674999,124186,5121,30.51%
TAMIL NADU,Nagapattinam,2569.0,413837,1616450,798127,818323,1213008,640916,403442,157211,246231,671994,461174,210820,944456,336953,607503,3756,509767,1435072,128617,184,450,963,110,3475,517740,399016,118724,5585,8.18%
RAJASTHAN,Nagaur,17718.0,578809,3307743,1696325,1611418,1758624,1102750,1549119,593575,955544,1425882,857031,568851,1881861,839294,1042567,10418,699911,2833443,454487,366,163,12940,276,4156,842201,675712,166489,4449,20.79%
MAHARASHTRA,Nagpur,9892.0,1041544,4653570,2384975,2268595,3673808,1959220,979762,425755,554007,1868560,1334211,534349,2785010,1050764,1734246,437571,867713,3492202,390974,20469,668050,24528,12181,10499,1308366,430844,877522,57964,6.72%
UTTARAKHAND,Nainital,4251.0,191383,954605,493666,460939,696500,385779,258105,107887,150218,376181,256935,119246,578424,236731,341693,7495,191206,809717,120742,17419,570,356,181,529,298663,193086,105577,7265,13.39%
BIHAR,Nalanda,2355.0,477529,2877653,1497060,1380593,1519933,919558,1357720,577502,780218,1045420,703405,342015,1832233,793655,1038578,1442,607672,2669775,198033,393,414,561,64,6435,616663,514141,102522,4156,46.61%
ASSAM,Nalbari,1052.0,155248,771639,396006,375633,531771,293184,239868,102822,137046,267623,210202,57421,504016,185804,318212,23364,60216,491582,277488,62,27,1004,9,1038,238944,210706,28238,1631,16.94%
ANDHRA PRADESH,Nalgonda,14240.0,875939,3488809,1759772,1729037,2001019,1160757,1487790,599015,888775,1741693,976428,765265,1747116,783344,963772,394279,637385,3249231,188646,937,241,250,132,14347,1030937,833504,197433,7715,13.35%
TAMIL NADU,Namakkal,3420.0,475511,1726601,869280,857321,1176131,653312,550470,215968,334502,898245,531463,366782,828356,337817,490539,57059,345392,1673652,32483,183,108,84,199,2983,627484,370357,257127,8960,2.59%
MAHARASHTRA,Nanded,10528.0,665434,3361292,1730075,1631217,2189425,1255222,1171867,474853,697014,1493953,925232,568721,1867339,804843,1062496,281695,640483,2501741,471951,13540,354189,5049,1273,9647,821682,591119,230563,7548,27.37%
MAHARASHTRA,Nandurbar,5955.0,323521,1648295,833170,815125,906509,512099,741786,321071,420715,792065,442898,349167,856230,390272,465958,1141933,47985,1521618,96182,685,4969,6191,2907,7276,405012,333440,71572,2579,52.12%
CHHATTISGARH,Narayanpur,4653.0,27982,139820,70104,69716,56621,33449,83199,36655,46544,71089,38186,32903,68731,31918,36813,108161,4979,129161,776,96,71,409,8542,165,33095,26916,6179,86,51.52%
GUJARAT,Narmada,2817.0,122174,590297,301086,289211,370336,211767,219961,89319,130642,294795,174282,120513,295502,126804,168698,481392,8733,559848,22600,147,80,373,2078,758,160369,138121,22248,576,37.11%
MADHYA PRADESH,Narsimhapur,5133.0,250286,1091854,568810,523044,718785,413491,373069,155319,217750,477818,323464,154354,614036,245346,368690,145879,184155,1038628,39048,997,262,8125,2873,1007,283718,230659,53059,1603,30.55%
MAHARASHTRA,Nashik,15530.0,1222887,6107187,3157186,2950001,4345366,2397538,1761821,759648,1002173,2763328,1746286,1017042,3343859,1410900,1932959,1564369,554687,5237009,693052,8912,94783,38212,1795,9478,1668932,904661,764271,45039,18.31%
GUJARAT,Navsari,2246.0,295131,1329672,678165,651507,1001909,539471,327763,138694,189069,591834,407881,183953,737838,270284,467554,639659,35464,1225087,78669,2459,601,13386,2823,914,409156,267739,141417,6726,9.75%
BIHAR,Nawada,2494.0,338247,2219146,1144668,1074478,1091012,659474,1128134,485194,642940,817041,539439,277602,1402105,605229,796876,2045,565112,1964620,244394,250,176,279,80,8048,424874,379551,45323,1841,51.72%
ORISSA,Nayagarh,3890.0,228315,962789,502636,460153,688362,392333,274427,110303,164124,343633,284591,59042,619156,218045,401111,58691,136399,955754,5278,107,33,24,12,1198,288334,261646,26688,1163,20.49%
MADHYA PRADESH,Neemuch,4256.0,179746,826067,422653,403414,508834,307889,317233,114764,202469,418682,245708,172974,407385,176945,230440,71441,111162,741288,67324,1110,224,14165,115,333,242197,174235,67962,1945,31.87%
NCT OF DELHI,New Delhi,35.0,33208,142004,77942,64062,114179,65678,27825,12264,15561,59541,46940,12601,82463,31002,51461,0,33245,124482,8480,2933,312,679,66,200,52664,0,52664,7366,4.16%
ANDAMAN AND NICOBAR ISLANDS,Nicobars,1841.0,9288,36842,20727,16115,25332,15397,11510,5330,6180,17125,12714,4411,19717,8013,11704,23681,0,8681,1336,343,119,0,248,38,15958,15958,0,57,5.28%
ANDHRA PRADESH,Nizamabad,7956.0,593234,2551335,1250641,1300694,1389810,790214,1161525,460427,701098,1261076,684320,576756,1290259,566321,723938,192941,371074,2123426,391596,2357,1847,542,146,11768,720298,565165,155133,5261,21.06%
NCT OF DELHI,North,61.0,180044,887978,475002,412976,681517,381615,206461,93387,113074,296446,257575,38871,591532,217427,374105,0,165663,726443,119792,19066,1824,13049,81,467,301071,4512,296559,21418,2.41%
ANDAMAN AND NICOBAR ISLANDS,North  & Middle Andaman,3736.0,26199,105597,54861,50736,78683,43186,26914,11675,15239,38579,30612,7967,67018,24249,42769,758,0,81163,2165,77,84,4,47,187,40185,39091,1094,388,9.32%
NCT OF DELHI,North East,62.0,406125,2241624,1188425,1053199,1611588,912481,630036,275944,354092,661386,594353,67033,1580238,594072,986166,0,373758,1529337,657585,17424,2388,24673,48,1046,487581,5326,482255,30390,7.35%
GOA,North Goa,1736.0,191766,818008,416677,401331,663060,351738,154948,64939,90009,327658,239125,88533,490350,177552,312798,56606,17606,622213,57941,618,553,546,166,1802,325089,115859,209230,23440,3.33%
TRIPURA,North Tripura,2036.0,152355,693947,352860,341087,520402,275646,173545,77214,96331,248667,186034,62633,445280,166826,278454,179426,114968,507967,105737,151,34717,307,70,936,192621,150437,42184,997,30.65%
WEST BENGAL,North Twenty Four Parganas,4094.0,2348683,10009781,5119389,4890392,7608693,4056046,2401088,1063343,1337745,3571624,2945189,626435,6438157,2174200,4263957,264597,2169084,7352769,2584684,9394,5818,4452,2930,22801,2859140,1209337,1649803,105185,9.80%
NCT OF DELHI,North West,443.0,736253,3656539,1960922,1695617,2707855,1541952,948684,418970,529714,1188545,1022419,166126,2467994,938503,1529491,0,697237,3211042,291330,92129,2281,43460,345,1852,1026867,67592,959275,114044,6.84%
ORISSA,Nuapada,3852.0,152210,610382,301962,308420,299383,180903,310999,121059,189940,305438,168155,137283,304944,133807,171137,206327,82159,601092,4952,724,76,905,22,833,209127,197258,11869,757,37.80%
MAHARASHTRA,Osmanabad,7569.0,351281,1657576,861535,796041,1137810,644304,519766,217231,302535,773916,473795,300121,883660,387740,495920,36039,265184,1437623,178925,340,28216,4530,195,6805,444990,367158,77832,3209,17.75%
JHARKHAND,Pakur,1811.0,182317,900422,452661,447761,352881,206989,547541,245672,301869,404584,234012,170572,495838,218649,277189,379054,28469,410127,322963,356,283,222,88760,1846,217175,200588,16587,328,60.66%
KERALA,Palakkad,4482.0,637220,2809934,1359478,1450456,2239492,1122600,570442,236878,333564,1042340,746121,296219,1767594,613357,1154237,48972,403833,1875980,812936,220,238,78,400,5685,894341,665899,228442,27162,0.62%
JHARKHAND,Palamu,4393.0,358754,1939869,1006302,933567,1024563,621706,915306,384596,530710,713175,473042,240133,1226694,533260,693434,181208,536382,1683169,238295,734,188,284,5681,5354,407904,355529,52375,2155,45.46%
RAJASTHAN,Pali,12387.0,418157,2037573,1025422,1012151,1085693,667381,951880,358041,593839,842327,523077,319250,1195246,502345,692901,144578,398096,1870543,143476,1540,141,18974,52,1502,652717,512909,139808,4043,23.62%
HARYANA,Palwal,1359.0,171157,1042708,554497,488211,599796,379696,442912,174801,268111,309563,241464,68099,733145,313033,420112,0,203123,826342,208566,3971,345,915,20,1617,249159,186069,63090,4283,26.98%
GUJARAT,Panch Mahals,5231.0,446611,2390776,1226961,1163815,1440805,858054,949971,368907,581064,1097507,673565,423942,1293269,553396,739873,721604,100446,2220974,158513,662,337,5236,131,2060,567601,463363,104238,3456,41.52%
HARYANA,Panchkula,898.0,117107,561293,299679,261614,405318,229862,155975,69817,86158,211479,164865,46614,349814,134814,215000,0,101830,490702,23451,40951,1008,1626,90,882,164551,70895,93656,18615,2.47%
HARYANA,Panipat,1268.0,235640,1205437,646857,558580,786599,464136,418838,182721,236117,412318,328667,83651,793119,318190,474929,0,206213,1083936,86622,25064,289,4647,99,2519,327306,173502,153804,10024,8.12%
MADHYA PRADESH,Panna,7135.0,228709,1016520,533480,483040,552559,332140,463961,201340,262621,431998,275375,156623,584522,258105,326417,170879,207990,974748,35214,186,37,4734,218,965,288923,256744,32179,653,42.63%
ARUNACHAL PRADESH,Papum Pare,3462.0,35730,176573,89182,87391,121048,65794,55525,23388,32137,65772,41263,24509,110801,47919,62882,117216,0,57027,6148,310,4768,139,22586,1198,50488,20308,30180,2477,12.85%
MAHARASHTRA,Parbhani,6214.0,361130,1836086,942870,893216,1157814,666291,678272,276579,401693,822797,501422,321375,1013289,441448,571841,40514,247308,1328385,306364,1371,187899,6238,262,3486,427239,293480,133759,3982,23.28%
WEST BENGAL,Paschim Medinipur,9368.0,1301610,5913457,3007885,2905572,4078412,2266913,1835045,740972,1094073,2509159,1757358,751801,3404298,1250527,2153771,880015,1128269,5056953,620554,2854,2019,1550,184278,21962,1565383,1364335,201048,8970,23.82%
BIHAR,Pashchim Champaran,5228.0,710461,3935042,2061110,1873932,1759481,1091226,2175561,969884,1205677,1478947,999282,479665,2456095,1061828,1394267,250046,553944,3047427,865090,926,1337,296,1895,9602,936134,839514,96620,3495,57.50%
JHARKHAND,Pashchimi Singhbhum,7224.0,302046,1502338,749385,752953,727561,439273,774777,310112,464665,694863,392690,302173,807475,356695,450780,1011296,56986,423937,38103,946,389,52,945864,5460,400324,336928,63396,1959,57.60%
GUJARAT,Patan,5792.0,267633,1343734,694397,649337,837913,494631,505821,199766,306055,554830,383074,171756,788904,311323,477581,13303,123408,1194745,142797,337,66,3602,66,1205,404138,301483,102655,2231,21.10%
KERALA,Pathanamthitta,2652.0,322684,1197412,561716,635696,1062553,499181,134859,62535,72324,392794,281854,110940,804618,279862,524756,8108,164465,681666,55074,153,150,44,262,3659,472840,414992,57848,21015,0.83%
PUNJAB,Patiala,3325.0,372293,1895686,1002522,893164,1266791,711052,628895,291470,337425,660267,549661,110606,1235419,452861,782558,0,465359,783306,40043,1059944,245,1914,1410,3141,517369,299279,218090,24274,3.75%
BIHAR,Patna,3202.0,975578,5838465,3078512,2759953,3459679,2028047,2378786,1050465,1328321,1881886,1436411,445475,3956579,1642101,2314478,9069,920918,5356075,439952,4803,1062,2151,203,21668,1210094,657991,552103,40692,29.20%
TAMIL NADU,Perambalur,1756.0,149243,565223,282157,283066,375823,208011,189400,74146,115254,299726,162639,137087,265497,119518,145979,2584,175289,521658,32702,83,39,38,26,376,188592,155413,33179,1507,7.61%
NAGALAND,Peren,1651.0,18475,95219,49714,45505,62204,34584,33015,15130,17885,61390,32249,29141,33829,17465,16364,84242,0,4076,1850,15,459,10,2493,171,24277,20204,4073,121,24.58%
NAGALAND,Phek,2026.0,36639,163418,83743,79675,105893,57926,57525,25817,31708,80277,41556,38721,83141,42187,40954,157146,0,3563,950,31,350,17,198,85,46198,38903,7295,170,27.25%
UTTAR PRADESH,Pilibhit,3686.0,362573,2031007,1072002,959005,1061095,654290,969912,417712,552200,618605,534939,83666,1412402,537063,875339,1714,333558,1449007,489686,84787,360,138,45,3474,461390,371752,89638,2870,43.26%
UTTARAKHAND,Pithoragarh,7090.0,114730,483439,239306,244133,345550,189623,137889,49683,88206,216490,113539,102951,266949,125767,141182,19535,120378,475105,6015,260,185,13,30,430,209943,183687,26256,1344,13.96%
GUJARAT,Porbandar,2316.0,124556,585449,300209,285240,393678,221621,191771,78588,113183,231169,174118,57051,354280,126091,228189,13039,51830,549749,33565,248,91,515,38,743,183572,96015,87557,1653,8.45%
ANDHRA PRADESH,Prakasam,17626.0,860463,3397448,1714764,1682684,1904435,1107686,1493013,607078,885935,1700567,991842,708725,1696881,722922,973959,151145,787861,3150195,220654,266,97,204,206,7051,1087575,873486,214089,6151,13.84%
UTTAR PRADESH,Pratapgarh,3717.0,533546,3209141,1606085,1603056,1931559,1121381,1277582,484704,792878,1066601,704569,362032,2142540,901516,1241024,723,709252,2731351,452394,1451,7795,746,43,11441,752786,711085,41701,5149,36.94%
RAJASTHAN,Pratapgarh,4449.0,178726,867848,437744,430104,401515,250122,466333,187622,278711,481294,251691,229603,386554,186053,200501,550427,60429,827293,25597,72,32,14077,27,392,234082,209813,24269,716,52.33%
PONDICHERRY,Puducherry,294.0,231513,950289,468258,482031,726649,380946,223640,87312,136328,348105,256652,91453,602184,211606,390578,0,152406,855294,32674,245,366,1328,147,1907,291037,87296,203741,15437,1.30%
TAMIL NADU,Pudukkottai,4644.0,387679,1618345,803188,815157,1110545,608776,507800,194412,313388,761693,471099,290594,856652,332089,524563,1283,284804,1428784,114194,119,81,32,293,1992,503941,399712,104229,4494,11.14%
JAMMU AND KASHMIR,Pulwama,1086.0,86241,560440,293064,267376,293958,178326,266482,114738,151744,188420,138428,49992,372020,154636,217384,22607,402,13840,535159,9440,35,6,18,833,169223,147520,21703,1537,3.79%
JAMMU AND KASHMIR,Punch,1674.0,90261,476835,251899,224936,261724,163333,215111,88566,126545,161393,117677,43716,315442,134222,181220,176101,556,32604,431279,11188,83,10,2,711,147408,132139,15269,346,24.27%
MAHARASHTRA,Pune,15643.0,2151503,9429408,4924105,4505303,7171723,3940210,2257685,983895,1273790,4048993,2809816,1239177,5380415,2114289,3266126,348876,1180703,8090254,673704,27090,340404,127786,9873,26105,3222457,1165718,2056739,235018,5.29%
BIHAR,Purba Champaran,3968.0,981516,5099371,2681209,2418162,2276957,1407603,2822414,1273606,1548808,1737539,1260774,476765,3361832,1420435,1941397,12461,649726,4086453,990349,668,878,464,104,15590,1243825,1142260,101565,7719,64.13%
WEST BENGAL,Purba Medinipur,4713.0,1114170,5095875,2629834,2466041,3923194,2149073,1172681,480761,691920,1910320,1516096,394224,3185555,1113738,2071817,27952,745434,4343972,743436,746,317,574,359,3823,1363713,1193006,170707,9076,14.19%
JHARKHAND,Purbi Singhbhum,3562.0,476931,2293919,1176902,1117017,1507699,856526,786220,320376,465844,837167,616249,220918,1456752,560653,896099,653923,111414,1550178,203999,38544,892,1670,465367,3097,604663,262537,342126,22042,23.99%
ORISSA,Puri,3479.0,367269,1698730,865380,833350,1291939,704857,406791,160523,246268,621676,498461,123215,1077054,366919,710135,6129,325133,1644905,46094,193,243,94,302,2660,474224,402014,72210,3416,11.64%
BIHAR,Purnia,3229.0,647777,3264619,1699370,1565249,1332326,805261,1932293,894109,1038184,1143318,803275,340043,2121301,896095,1225206,139490,390991,1989420,1255641,614,353,1450,650,8502,798596,712847,85749,4170,63.31%
WEST BENGAL,Puruliya,6259.0,567824,2930115,1496996,1433119,1624905,1002058,1305210,494938,810272,1249642,801254,448388,1680473,695742,984731,540652,567767,2373120,227249,622,209,3052,309029,8188,752652,653219,99433,3551,49.69%
UTTAR PRADESH,Rae Bareli,4609.0,619707,3405559,1752542,1653017,1965843,1165965,1439716,586577,853139,1204710,867393,337317,2200849,885149,1315700,1756,1030367,2975998,413243,2424,722,397,602,8539,778418,705025,73393,5184,34.10%
KARNATAKA,Raichur,8442.0,363853,1928812,964511,964301,979769,577213,949043,387298,561745,903413,530373,373040,1025399,434138,591261,367071,400933,1634062,272022,538,2265,4156,29,5346,455848,330446,125402,5200,31.65%
CHHATTISGARH,Raigarh,7086.0,367962,1493984,750278,743706,951639,542756,542345,207522,334823,690167,429211,260956,803817,321067,482750,505609,224942,1422986,17332,2117,781,409,1782,924,420916,354278,66638,3342,30.82%
MAHARASHTRA,Raigarh,7152.0,611790,2634200,1344345,1289855,1939994,1059692,694206,284653,409553,1072969,753843,319126,1561231,590502,970729,305125,134952,2239370,227465,7477,121791,12260,1159,7226,959028,581868,377160,38570,30.82%
CHHATTISGARH,Raipur,12383.0,871225,4063872,2048186,2015686,2629749,1493158,1434123,555028,879095,1757664,1099964,657700,2306208,948222,1357986,476446,724250,3881485,103038,16707,8397,17137,10680,3247,1068500,673499,395001,20261,21.82%
MADHYA PRADESH,Raisen,8466.0,278895,1331597,700358,631239,820220,479093,511377,221265,290112,517838,370366,147472,813759,329992,483767,205006,225891,1195235,120331,2262,253,10637,190,964,325713,251272,74441,1141,34.52%
MADHYA PRADESH,Rajgarh,6153.0,345297,1545814,790212,755602,804245,488797,741569,301415,440154,745603,429768,315835,800211,360444,439767,53751,295718,1433879,106928,460,121,1599,50,1534,401717,331894,69823,1611,41.77%
GUJARAT,Rajkot,11198.0,786586,3804558,1974445,1830113,2725056,1514075,1079502,460370,619132,1479050,1159480,319570,2325508,814965,1510543,24017,290169,3397406,361388,1918,1170,33591,269,3338,1181006,459474,721532,21785,8.57%
CHHATTISGARH,Rajnandgaon,8070.0,318488,1537133,762855,774278,1008379,561355,528754,201500,327254,800092,436611,363481,737041,326244,410797,405194,156623,1399658,23648,3761,28541,8187,67444,701,390132,313604,76528,2111,23.14%
JAMMU AND KASHMIR,Rajouri,2630.0,130401,642415,345351,297064,364109,224469,278306,120882,157424,290912,184752,106160,351503,160599,190904,232815,48157,221880,402879,15513,189,26,3,942,213578,196070,17508,673,27.41%
RAJASTHAN,Rajsamand,4655.0,243078,1156597,581339,575258,619139,383334,537458,198005,339453,550831,319534,231297,605766,261805,343961,160809,148168,1105676,33677,260,100,14966,68,1091,365676,304622,61054,1989,29.42%
KARNATAKA,Ramanagara,3516.0,260533,1082636,548008,534628,674758,378461,407878,169547,238331,531459,344349,187110,551177,203659,347518,22946,203819,959260,114311,383,104,859,57,1272,351784,266950,84834,2844,8.73%
TAMIL NADU,Ramanathapuram,4104.0,323905,1353445,682658,670787,978946,536487,374499,146171,228328,602977,392751,210226,750468,289907,460561,1105,249008,1047411,208038,154,86,29,36,6552,417239,290478,126761,5172,6.53%
JAMMU AND KASHMIR,Ramban,1329.0,55490,283713,149132,134581,124065,82938,159648,66194,93454,87212,68476,18736,196501,80656,115845,39772,13920,81026,200516,753,43,3,252,706,89622,84281,5341,417,35.26%
JHARKHAND,Ramgarh,1341.0,179375,949443,494230,455213,596497,350031,352946,144199,208747,312125,234202,77923,637318,260028,377290,201166,106356,774251,129037,5093,69,537,32378,818,252625,134067,118558,2876,29.57%
UTTAR PRADESH,Rampur,2367.0,393736,2335819,1223889,1111930,1043666,630408,1292153,593481,698672,737261,609693,127568,1598558,614196,984362,358,307936,1073890,1181337,65316,384,1307,63,4321,539992,396775,143217,3847,38.89%
JHARKHAND,Ranchi,5097.0,569444,2914253,1494937,1419316,1911433,1085244,1002820,409693,593127,1142867,743967,398900,1771386,750970,1020416,1042016,152943,1612239,410759,4826,932,2733,677445,11345,730982,420740,310242,22538,27.60%
ANDHRA PRADESH,Rangareddy,7493.0,1235341,5296741,2701008,2595733,3538028,1948784,1758713,752224,1006489,2196078,1488916,707162,3100663,1212092,1888571,218757,652042,4458858,617518,8062,2041,3536,1629,61060,1561322,432098,1129224,142879,5.31%
MADHYA PRADESH,Ratlam,4861.0,296683,1455069,738241,716828,825880,485090,629189,253151,376038,690980,411446,279534,764089,326795,437294,409865,198612,1267043,151071,1353,175,29353,123,1955,373867,266716,107151,3644,41.48%
MAHARASHTRA,Ratnagiri,8208.0,397115,1615069,761121,853948,1199392,619012,415677,142109,273568,714076,407008,307068,900993,354113,546880,20374,66948,1307211,187197,230,113467,3347,95,1532,639362,538538,100824,7752,18.47%
ORISSA,Rayagada,7073.0,226144,967911,471960,495951,407735,241959,560176,230001,330175,467122,258032,209090,500789,213928,286861,541905,139514,874445,4607,219,249,123,44,3308,286548,237343,49205,1553,48.14%
JAMMU AND KASHMIR,Reasi,1719.0,56689,314667,166461,148206,150542,93937,164125,72524,91601,144767,88755,56012,169900,77706,92194,88365,37757,153898,156275,3107,15,7,3,154,107833,95572,12261,602,21.92%
MADHYA PRADESH,Rewa,6314.0,526065,2365106,1225100,1140006,1441757,845572,923349,379528,543821,991946,617184,374762,1373160,607916,765244,311985,383508,2268838,85414,832,986,655,232,6185,618399,523910,94489,3406,36.94%
HARYANA,Rewari,1594.0,178043,900332,474335,425997,636947,375453,263385,98882,164503,337727,235326,102401,562605,239009,323596,0,182606,889133,5713,1804,202,1525,12,1242,268754,199449,69305,5121,11.08%
MEGHALAYA,Ribhoi,2448.0,46872,258840,132531,126309,155859,80977,102981,51554,51427,106473,63871,42602,152367,68660,83707,230081,590,30945,1838,166,428,49,6308,598,63724,57988,5736,291,46.31%
HARYANA,Rohtak,1745.0,206988,1061204,568479,492725,747582,436025,313622,132454,181168,345967,272646,73321,715237,295833,419404,0,216889,1043887,8185,3916,200,3491,24,769,306942,175203,131739,8482,13.72%
BIHAR,Rohtas,3881.0,460345,2959918,1543546,1416372,1799832,1061783,1160086,481763,678323,924879,707939,216940,2035039,835607,1199432,31650,549546,2645415,300487,2569,1584,252,537,6185,608061,512383,95678,4594,40.74%
UTTARAKHAND,Rudraprayag,1984.0,53542,242285,114589,127696,170933,91803,71352,22786,48566,113032,52339,60693,129253,62250,67003,386,47679,240170,1486,38,9,4,44,363,117159,112705,4454,418,13.91%
PUNJAB,Rupnagar,1356.0,135635,684627,357485,327142,502731,278534,181896,78951,102945,233676,186910,46766,450951,170575,280376,0,180905,304481,14492,361045,118,653,143,1601,208699,148162,60537,6600,2.01%
GUJARAT,Sabar Kantha,7394.0,481414,2428589,1244231,1184358,1578734,918625,849855,325606,524249,1084878,681435,403443,1343711,562796,780915,542156,187685,2260560,148563,614,168,11110,52,1147,665533,544024,121509,5262,24.85%
MADHYA PRADESH,Sagar,10252.0,517850,2378458,1256257,1122201,1545719,908607,832739,347650,485089,1006035,682077,323958,1372423,574180,798243,221936,501630,2198297,103480,4146,991,62992,168,2804,613915,448408,165507,4546,40.07%
UTTAR PRADESH,Saharanpur,3689.0,597656,3466382,1834106,1632276,2077108,1220114,1389274,613992,775282,1037344,911136,126208,2429038,922970,1506068,980,764450,1966892,1454052,18627,1937,10208,135,8008,889238,605082,284156,9699,28.52%
BIHAR,Saharsa,1687.0,368979,1900661,997174,903487,804996,506374,1095665,490800,604865,649898,456724,193174,1250763,540450,710313,6009,317249,1629254,266620,197,60,109,8,3121,470697,432651,38046,1668,61.46%
JHARKHAND,Sahibganj,2063.0,227023,1150567,589391,561176,483263,287303,667304,302088,365216,490202,295690,194512,660365,293701,366664,308343,72341,628044,398243,198,245,125,38426,2078,260993,223450,37543,591,55.72%
PUNJAB,Sahibzada Ajit Singh Nagar,1094.0,205411,994628,529253,465375,736575,409944,258053,119309,138744,355995,283367,72628,638633,245886,392747,0,216231,476276,29488,478908,257,1257,239,2861,291335,117293,174042,25944,5.05%
MIZORAM,Saiha,1399.0,11144,56574,28594,27980,42233,21861,14341,6733,7608,19461,12211,7250,37113,16383,20730,54642,83,933,514,11,102,4,2,31,12827,7043,5784,168,12.69%
TAMIL NADU,Salem,5237.0,915967,3482056,1781571,1700485,2285562,1285107,1196494,496464,700030,1694160,1083797,610363,1787896,697774,1090122,119369,580512,3326357,95487,412,174,992,246,4547,1170352,572813,597539,20660,6.56%
BIHAR,Samastipur,2904.0,835493,4261566,2230003,2031563,2142880,1293575,2118686,936428,1182258,1343400,1037576,305824,2918166,1192427,1725739,1884,803128,3800598,452370,554,292,231,112,5283,1056465,1012979,43486,5379,55.87%
JAMMU AND KASHMIR,Samba,904.0,65385,318898,169124,149774,228139,130312,90759,38812,51947,92526,81952,10574,226372,87172,139200,17573,91835,275311,22950,17961,48,16,6,300,114236,94247,19989,992,9.67%
ORISSA,Sambalpur,6624.0,249597,1041099,526877,514222,703691,393192,337408,133685,203723,505840,313161,192679,535259,213716,321543,355261,191827,964188,20120,2506,310,86,1117,2135,315495,220697,94798,5231,24.37%
MAHARASHTRA,Sangli,8572.0,598386,2822143,1435728,1386415,2049467,1121550,772676,314178,458498,1215104,800214,414890,1607039,635514,971525,18333,353093,2440312,239607,1260,38210,87453,769,5434,853673,626872,226801,13212,10.18%
PUNJAB,Sangrur,3625.0,318870,1655169,878029,777140,1002077,570413,653092,307616,345476,568758,485129,83629,1086411,392900,693511,0,461609,389410,179116,1077438,268,3222,1038,2271,448944,292156,156788,10736,7.12%
UTTAR PRADESH,Sant Kabir Nagar,1646.0,256645,1715183,869656,845527,954949,567098,760234,302558,457676,539469,383482,155987,1175714,486174,689540,1593,369039,1300586,404410,447,4393,95,35,3451,352151,324972,27179,2031,43.79%
UTTAR PRADESH,Sant Ravidas Nagar (Bhadohi),1015.0,222403,1578213,807099,771114,910146,546782,668067,260317,407750,470608,343155,127453,1107605,463944,643661,1873,353103,1368291,203887,199,1562,161,7,2741,339507,293510,45997,2896,42.19%
JHARKHAND,Saraikela-Kharsawan,2657.0,221232,1065056,544411,520645,612993,365332,452063,179079,272984,430051,283281,146770,635005,261130,373875,374642,56195,709016,63588,1114,187,72,280469,2497,285687,217248,68439,2606,47.79%
BIHAR,Saran,2641.0,631097,3951862,2022821,1929041,2157454,1285767,1794408,737054,1057354,1040231,857660,182571,2911631,1165161,1746470,36786,474066,3534772,406449,371,229,322,107,7282,777622,701323,76299,4509,42.80%
MAHARASHTRA,Satara,10480.0,653735,3003741,1510842,1492899,2225694,1201034,778047,309808,468239,1354947,844805,510142,1648794,666037,982757,29635,323236,2691952,146970,1182,141315,12810,676,4428,975471,774522,200949,14093,11.02%
MADHYA PRADESH,Satna,7502.0,478741,2228935,1157495,1071440,1371781,801051,857154,356444,500710,911349,590487,320862,1317586,567008,750578,319975,398569,2158623,59471,1163,364,3135,1689,2262,576004,461831,114173,3754,34.12%
RAJASTHAN,Sawai Madhopur,4498.0,254716,1335551,704031,631520,741748,486184,593803,217847,375956,578068,343802,234266,757483,360229,397254,285848,278789,1165505,155681,812,177,9991,42,2398,353321,282057,71264,1887,33.25%
MADHYA PRADESH,Sehore,6578.0,257311,1311332,683743,627589,780362,469208,530970,214535,316435,586087,364559,221528,725245,319184,406061,145512,271281,1163607,137980,640,357,6232,66,1046,329647,270427,59220,1566,26.69%
MANIPUR,Senapati,3271.0,83411,479148,247323,231825,264477,148012,214671,99311,115360,233622,124143,109479,245526,123180,122346,419210,1000,43833,1649,140,2409,53,1243,3002,39834,38008,1826,256,33.58%
MADHYA PRADESH,Seoni,8758.0,314767,1379131,695879,683252,864194,485341,514937,210538,304399,684434,394660,289774,694697,301219,393478,519856,130797,1145052,79739,360,7288,4982,135315,4538,382587,335045,47542,1182,42.55%
MIZORAM,Serchhip,1421.0,12622,64937,32851,32086,54476,27598,10461,5253,5208,32397,18261,14136,32540,14590,17950,62889,32,991,335,6,60,9,35,57,15490,7472,8018,131,3.45%
MADHYA PRADESH,Shahdol,6205.0,251452,1066063,540021,526042,604194,348761,461869,191260,270609,493057,292402,200655,573006,247619,325387,476008,89733,997073,42426,912,268,1737,19448,1827,291440,233594,57846,1733,43.47%
PUNJAB,Shahid Bhagat Singh Nagar,1282.0,129500,612310,313291,299019,438459,239155,173851,74136,99715,204329,170252,34077,407981,143039,264942,0,260284,401368,6829,192885,5885,695,266,2903,231551,183168,48383,5264,3.56%
UTTAR PRADESH,Shahjahanpur,4388.0,527501,3006538,1606403,1400135,1490930,915142,1515608,691261,824347,892214,783313,108901,2114324,823090,1291234,508,532673,2412595,527581,51090,2312,301,84,7945,655003,520289,134714,3889,50.52%
MADHYA PRADESH,Shajapur,6195.0,300025,1512681,780520,732161,894612,543509,618069,237011,381058,717871,431857,286014,794810,348663,446147,37836,353914,1321003,174724,631,179,13755,66,1508,386608,312611,73997,1382,33.45%
BIHAR,Sheikhpura,689.0,100701,636342,329743,306599,328676,196431,307666,133312,174354,224655,151569,73086,411687,178174,233513,617,131115,596102,37653,75,41,43,31,2084,132638,108293,24345,631,52.70%
BIHAR,Sheohar,349.0,150144,656246,346673,309573,283698,171645,372548,175028,197520,216372,166693,49679,439874,179980,259894,318,96655,552492,99342,216,73,52,44,3505,166000,158484,7516,478,60.03%
MADHYA PRADESH,Sheopur,6606.0,146043,687861,361784,326077,328025,208201,359836,153583,206253,277455,183788,93667,410406,177996,232410,161448,108391,638702,41396,6387,201,379,40,526,176522,150146,26376,273,49.72%
HIMACHAL PRADESH,Shimla,5131.0,184362,814010,425039,388971,612642,342846,201368,82193,119175,430926,258628,172298,383084,166411,216673,8755,215777,791449,11810,4047,3262,185,197,1035,375165,279269,95896,9177,7.46%
KARNATAKA,Shimoga,8478.0,406816,1752753,877415,875338,1263016,674938,489737,202477,287260,780598,534487,246111,972155,342928,629227,65412,308158,1479424,234664,400,120,9234,367,2023,554106,352444,201662,8791,12.64%
MADHYA PRADESH,Shivpuri,10066.0,359969,1726050,919795,806255,900846,573242,825204,346553,478651,759281,481001,278280,966769,438794,527975,227802,321515,1648749,51200,7151,3421,12171,72,2169,434618,367859,66759,1852,46.09%
UTTAR PRADESH,Shrawasti,1640.0,188289,1117361,593897,523464,423313,276700,694048,317197,376851,403755,293981,109774,713606,299916,413690,5534,189334,768643,343981,407,323,68,56,2456,257274,248770,8504,624,74.35%
JAMMU AND KASHMIR,Shupiyan,312.0,44411,266215,136480,129735,136500,80355,129715,56125,73590,87721,63931,23790,178494,72549,105945,21820,43,3116,262263,178,6,1,6,216,80888,75616,5272,884,6.51%
UTTAR PRADESH,Siddharthnagar,2895.0,379351,2559297,1295095,1264202,1228926,740718,1330371,554377,775994,878898,583633,295265,1680399,711462,968937,12021,408763,1789704,748073,681,11964,179,356,5298,513513,480165,33348,2434,57.24%
MADHYA PRADESH,Sidhi,4851.0,238448,1127033,575912,551121,600785,353030,526248,222882,303366,461760,284289,177471,665273,291623,373650,313304,130202,1077545,34419,128,92,93,12556,1689,276869,250953,25916,837,52.68%
RAJASTHAN,Sikar,7732.0,444816,2677333,1374990,1302343,1652117,995275,1025216,379715,645501,1006504,657854,348650,1670829,717136,953693,75349,418806,2342076,327583,356,177,4050,15,1954,705834,527560,178274,5647,14.27%
JHARKHAND,Simdega,3774.0,118288,599578,300309,299269,343483,191991,256095,108318,147777,288645,159867,128778,310933,140442,170491,424407,44674,201524,15103,51,753,114,73930,1502,155283,144169,11114,423,49.98%
MAHARASHTRA,Sindhudurg,5207.0,209839,849651,417332,432319,666067,348289,183584,69043,114541,347178,229676,117502,502473,187656,314817,6976,55586,780384,26264,219,24762,1046,53,1452,340836,295847,44989,3517,15.39%
MADHYA PRADESH,Singrauli,5675.0,243925,1178273,613637,564636,585054,359923,593219,253714,339505,499439,304234,195205,678834,309403,369431,383994,150664,1118998,46574,1422,338,182,6139,2288,287325,228732,58593,2627,51.92%
HIMACHAL PRADESH,Sirmaur,2825.0,98208,529855,276289,253566,362645,205617,167210,70672,96538,280083,169399,110684,249772,106890,142882,11262,160745,476830,33215,15501,2645,236,86,765,192156,171102,21054,2220,10.88%
RAJASTHAN,Sirohi,5136.0,201785,1036346,534231,502115,476806,309900,559540,224331,335209,419829,272196,147633,616517,262035,354482,292470,201863,996562,30479,572,114,6829,56,450,308174,238535,69639,2146,41.71%
HARYANA,Sirsa,4277.0,246571,1295189,682582,612607,782897,456968,512292,225614,286678,502003,369462,132541,793186,313120,480066,0,387381,940255,9524,338962,370,2256,624,1012,338792,245476,93316,6287,14.52%
BIHAR,Sitamarhi,2294.0,736322,3423574,1803252,1620322,1436794,885188,1986780,918064,1068716,1114583,865929,248654,2308991,937323,1371668,2989,405714,2672311,740101,261,253,188,20,7543,856964,807294,49670,3460,63.46%
UTTAR PRADESH,Sitapur,5743.0,801764,4483992,2375264,2108728,2283733,1397702,2200259,977562,1222697,1422602,1171252,251350,3061390,1204012,1857378,1602,1446427,3555450,893725,11611,2663,1410,79,12475,938902,827583,111319,3874,56.71%
TAMIL NADU,Sivaganga,4233.0,338938,1339101,668672,670429,959744,526304,379357,142368,236989,620171,391305,228866,718930,277367,441563,790,227746,1186078,74310,150,80,109,24,2869,452417,309224,143193,5773,8.64%
ASSAM,Sivasagar,2668.0,248367,1151050,589216,561834,813505,444767,337545,144449,193096,485717,325071,160646,665333,264145,401188,49039,42347,1007277,95553,902,3953,286,8541,1391,405229,360182,45047,5146,25.55%
BIHAR,Siwan,2219.0,535661,3330464,1675090,1655374,1930175,1115906,1400289,559184,841105,932416,730396,202020,2398048,944694,1453354,87000,386685,2712635,608282,369,407,359,86,5708,674372,632514,41858,3834,40.55%
HIMACHAL PRADESH,Solan,1936.0,122425,580320,308754,271566,428578,244372,151742,64382,87360,298737,190001,108736,281583,118753,162830,25645,164536,548579,14678,13926,574,591,110,410,244296,192787,51509,5250,9.10%
MAHARASHTRA,Solapur,14895.0,873167,4317756,2227852,2089904,2910676,1651266,1407080,576586,830494,1898395,1206933,691462,2419361,1020919,1398442,77592,649745,3795424,441254,1279,35497,28134,568,5718,1156231,779929,376302,15145,12.60%
UTTAR PRADESH,Sonbhadra,6905.0,333174,1862559,971344,891215,985708,601988,876851,369356,507495,730399,463611,266788,1132160,507733,624427,385018,421661,1738769,103567,1649,1747,487,1907,10470,428088,337048,91040,5149,48.35%
HARYANA,Sonipat,2122.0,277726,1450001,781299,668702,998316,589881,451685,191418,260267,523179,391085,132094,926822,390214,536608,0,269935,1390149,45100,4484,336,6033,29,2465,417434,283858,133576,9029,6.35%
ASSAM,Sonitpur,5204.0,392919,1924110,983904,940206,1108572,620525,815538,363379,452159,770606,537195,233411,1153504,446709,706795,232207,109130,1422824,350536,1363,5088,1003,221,4909,547853,483325,64528,4358,25.32%
ANDAMAN AND NICOBAR ISLANDS,South Andaman,2672.0,59064,238142,127283,110859,190266,105794,47876,21489,26387,96831,77563,19268,141311,49720,91591,4091,0,174452,28912,866,135,27,269,444,85532,34901,50631,2789,2.20%
SIKKIM,South District,750.0,30543,146850,76670,70180,106741,59357,40109,17313,22796,74753,45300,29453,72097,31370,40727,41392,6053,84583,1889,151,35053,45,3176,491,39298,31135,8163,591,4.69%
MEGHALAYA,South Garo Hills,1887.0,24527,142334,73170,69164,82062,45003,60272,28167,32105,53069,32826,20243,89265,40344,48921,134237,319,7036,1050,27,332,10,362,533,39643,35930,3713,179,11.27%
GOA,South Goa,1966.0,151845,640537,322463,318074,502427,264085,138110,58378,79732,249590,180411,69179,390947,142052,248895,92669,7843,341664,63623,855,542,563,92,1237,251493,88620,162873,17624,4.37%
TRIPURA,South Tripura,3057.0,208127,876001,447544,428457,646810,351082,229191,96462,132729,366845,253229,113616,509156,194315,314841,344835,140168,736015,49258,245,49420,106,808,891,264077,219171,44906,948,17.03%
WEST BENGAL,South Twenty Four Parganas,9960.0,1781221,8161961,4173778,3988183,5531657,3043277,2630304,1130501,1499803,2964494,2356571,607923,5197467,1817207,3380260,96976,2464032,5155545,2903075,2783,2494,972,6065,24529,2180232,1568802,611430,20665,28.10%
NCT OF DELHI,South West,421.0,494439,2292958,1246046,1046912,1787689,1025261,505269,220785,284484,795352,667977,127375,1497606,578069,919537,0,318408,2102743,112691,31692,2784,9215,266,2341,647682,41179,606503,94853,2.17%
ANDHRA PRADESH,Sri Potti Sriramulu Nellore,13076.0,776854,2963557,1492974,1470583,1832189,1011922,1131368,481052,650316,1314561,859880,454681,1648996,633094,1015902,285997,666588,2639737,288378,678,239,2610,146,5567,953513,689137,264376,10201,11.27%
ANDHRA PRADESH,Srikakulam,5837.0,681330,2703114,1341738,1361376,1495381,857824,1207733,483914,723819,1290288,766483,523805,1412826,575255,837571,166118,255664,2666950,9025,193,77,160,106,7724,902436,752752,149684,3988,14.01%
JAMMU AND KASHMIR,Srinagar,1979.0,191678,1236829,651124,585705,748584,431746,488245,219378,268867,407188,333151,74037,829641,317973,511668,8935,1068,42540,1177342,12187,285,74,2,1653,262239,4518,257721,16413,1.51%
ORISSA,Subarnapur,2337.0,151136,610183,311312,298871,398421,230393,211762,80919,130843,286661,181595,105066,323522,129717,193805,57192,156219,605225,1566,58,46,17,6,891,193502,176927,16575,708,28.05%
UTTAR PRADESH,Sultanpur,4436.0,623523,3797117,1914586,1882531,2239902,1300248,1557215,614338,942877,1242632,869838,372794,2554485,1044748,1509737,696,851587,3119590,650261,1629,9989,426,336,10433,889628,839737,49891,5956,36.23%
ORISSA,Sundargarh,9712.0,479109,2093437,1061147,1032290,1342322,750147,751115,311000,440115,873227,584687,288540,1220210,476460,743750,1062349,191660,1532352,71391,5713,710,721,89986,7553,618062,387911,230151,12787,24.76%
BIHAR,Supaul,2425.0,443073,2229076,1155283,1073793,1033283,647672,1195793,507611,688182,877682,551718,325964,1351394,603565,747829,10168,354249,1809936,409251,271,136,546,42,5136,600102,572287,27815,1845,63.90%
GUJARAT,Surat,4549.0,1333200,6081322,3402224,2679098,4571410,2687468,1509912,714756,795156,2553542,2142819,410723,3527780,1259405,2268375,856952,158115,5260193,660772,5703,12902,112835,3920,3945,1899838,369840,1529998,55694,9.22%
GUJARAT,Surendranagar,10423.0,343213,1756268,909917,846351,1093626,643221,662642,266696,395946,723500,504038,219462,1032768,405879,626889,21453,179461,1620282,109681,512,312,22992,128,942,500598,340788,159810,2975,24.97%
CHHATTISGARH,Surguja,15732.0,526049,2359886,1193129,1166757,1187941,694686,1171945,498443,673502,1155807,649888,505919,1204079,543241,660838,1300628,115652,2126195,81442,2303,1287,623,48295,2309,590763,525596,65167,2737,47.37%
MANIPUR,Tamenglong,4391.0,25039,140651,72371,68280,85006,47403,55645,24968,30677,70675,37237,33438,69976,35134,34842,134626,22,2995,589,59,425,57,1144,622,28101,23982,4119,125,37.38%
GUJARAT,Tapi,3139.0,177091,807022,402188,404834,490036,269007,316986,133181,183805,450902,251049,199853,356120,151139,204981,679320,8168,725890,22309,239,1476,1828,408,1942,218489,192272,26217,1601,27.59%
PUNJAB,Tarn Taran,2414.0,203421,1119627,589369,530258,666162,376427,453465,212942,240523,380702,313639,67063,738925,275730,463195,0,377468,60504,3855,1044903,101,650,47,3472,267174,222717,44457,4300,8.32%
ARUNACHAL PRADESH,Tawang,2172.0,10062,49977,29151,20826,26073,17720,23904,11431,12473,28561,19554,9007,21416,9597,11819,34811,0,11842,787,1164,34920,72,349,67,13182,10730,2452,96,31.25%
UTTARAKHAND,Tehri Garhwal,3642.0,132714,618931,297986,320945,407994,227406,210937,70580,140357,280442,140821,139621,338489,157165,181324,875,102130,609835,7374,290,32,91,109,544,254236,227059,27177,1366,19.53%
MAHARASHTRA,Thane,9558.0,2529165,11060148,5865078,5195070,8227161,4591396,2832987,1273682,1559305,4492767,3363123,1129644,6567381,2501955,4065426,1542451,730089,8716055,1355630,39149,449617,172052,9862,37083,3618151,713994,2904157,256170,15.24%
TAMIL NADU,Thanjavur,3411.0,605363,2405890,1182416,1223474,1790998,944264,614892,238152,376740,974079,680483,293596,1431811,501933,929878,3561,455062,2075870,190814,231,795,1256,148,2805,753372,479070,274302,13495,7.23%
GUJARAT,The Dangs,1766.0,44699,228291,113821,114470,140968,77314,87323,36507,50816,118257,61329,56928,110034,52492,57542,216073,992,203545,3593,69,32,39,560,424,59618,52102,7516,137,57.33%
TAMIL NADU,The Nilgiris,2565.0,197653,735394,360143,375251,569647,299447,165747,60696,105051,349974,212172,137802,385420,147971,237449,32813,235878,569477,78452,338,382,910,87,1138,264105,112126,151979,4561,2.03%
TAMIL NADU,Theni,2868.0,338112,1245899,625683,620216,870080,479403,375819,146280,229539,591642,368900,222742,654257,256783,397474,1835,258200,1148990,56751,152,79,28,74,2251,410623,189328,221295,4667,4.76%
TAMIL NADU,Thiruvallur,3394.0,946949,3728104,1876062,1852042,2791721,1495711,936383,380351,556032,1538054,1103563,434491,2190050,772499,1417551,47243,821646,3325823,143093,1422,951,3693,530,18959,1119433,387237,732196,75634,2.53%
KERALA,Thiruvananthapuram,2189.0,837877,3301427,1581678,1719749,2785408,1354857,516019,226821,289198,1231669,864101,367568,2069758,717577,1352181,26759,372977,2194057,452915,404,301,76,1082,22019,1169117,559293,609824,71621,1.08%
TAMIL NADU,Thiruvarur,2274.0,327219,1264277,626693,637584,946471,503085,317806,123608,194198,540168,369853,170315,724109,256840,467269,3034,430927,1132785,96092,258,151,279,64,1456,408179,321331,86848,4416,6.79%
TAMIL NADU,Thoothukkudi,4745.0,462010,1750176,865021,885155,1349697,703106,400479,161915,238564,748095,503727,244368,1002081,361294,640787,4911,347895,1373920,80740,127,286,53,112,3030,636739,336078,300661,11455,7.90%
MANIPUR,Thoubal,514.0,85965,422168,210845,211323,269304,152617,152864,58228,94636,195319,109377,85942,226849,101468,125381,1808,40593,267146,107323,106,114,24,42347,786,104263,65961,38302,880,16.74%
KERALA,Thrissur,3027.0,759210,3121200,1480763,1640437,2678548,1282261,442652,198502,244150,1095727,789511,306216,2025473,691252,1334221,9430,324350,1823442,532839,259,278,62,585,6251,1051867,336748,715119,56148,0.33%
MADHYA PRADESH,Tikamgarh,5048.0,296116,1445166,760355,684811,747940,459353,697226,301002,396224,655318,402776,252542,789848,357579,432269,67857,361604,1383475,44143,251,109,15569,39,992,382992,322772,60220,1090,47.52%
ASSAM,Tinsukia,3790.0,268598,1327929,680231,647698,798322,453449,529607,226782,302825,557196,366623,190573,770733,313608,457125,82066,37688,1181347,48373,1999,16228,837,395,1873,381614,290704,90910,5135,36.70%
ARUNACHAL PRADESH,Tirap,2362.0,20611,111975,57604,54371,47974,29313,64001,28291,35710,50169,27545,22624,61806,30059,31747,98372,0,20682,1103,61,778,43,5325,622,24920,18420,6500,98,28.30%
TAMIL NADU,Tiruchirappalli,4509.0,698404,2722290,1352284,1370006,2038981,1087765,683309,264519,418790,1213979,789206,424773,1508311,563078,945233,18198,466561,2279413,190964,324,250,628,253,4302,875727,452707,423020,30046,3.73%
TAMIL NADU,Tirunelveli,6693.0,815528,3077233,1520912,1556321,2273457,1210710,803776,310202,493574,1436454,876175,560279,1640779,644737,996042,10270,569714,2425630,303368,268,373,144,450,4746,1064667,547962,516705,19070,5.52%
TAMIL NADU,Tiruppur,5187.0,712210,2479052,1246159,1232893,1760566,959623,718486,286536,431950,1266137,819783,446354,1212915,426376,786539,5458,395876,2278835,123983,455,198,371,119,5076,894908,356886,538022,17181,3.11%
TAMIL NADU,Tiruvannamalai,6188.0,588836,2464875,1235889,1228986,1626813,909803,838062,326086,511976,1238177,738995,499182,1226698,496894,729804,90954,565329,2294369,91636,232,157,7898,110,3486,710163,563102,147061,6445,5.92%
RAJASTHAN,Tonk,7194.0,266870,1421326,728136,693190,749659,478329,671667,249807,421860,649161,371848,277313,772165,356288,415877,178207,287903,1243527,153146,378,122,22458,30,911,380666,298911,81755,1908,25.23%
NAGALAND,Tuensang,2536.0,36742,196596,101933,94663,117511,63653,79085,38280,40805,98154,52931,45223,98442,49002,49440,190916,0,2979,1052,27,572,5,1,96,50141,40690,9451,155,38.33%
KARNATAKA,Tumkur,10597.0,640081,2678980,1350594,1328386,1813391,1006024,865589,344570,521019,1354646,837512,517134,1324334,513082,811252,209559,506901,2413812,245923,477,187,5067,161,4223,890242,685443,204799,7971,12.71%
RAJASTHAN,Udaipur,11724.0,623531,3068420,1566801,1501619,1582629,973444,1485791,593357,892434,1365783,835839,529944,1702637,730962,971675,1525289,188525,2869976,104307,4278,209,78647,373,3224,848218,665449,182769,14211,47.53%
ASSAM,Udalguri,2012.0,168717,831668,421617,410051,469926,264326,361742,157291,204451,345030,230690,114340,486638,190927,295711,267372,37844,612425,105319,215,1681,124,229,1460,281625,267790,13835,1448,29.46%
UTTARAKHAND,Udham Singh Nagar,2542.0,308581,1648902,858783,790119,1037839,598525,611063,260258,350805,591458,444578,146880,1057444,414205,643239,123037,238264,1104452,372267,162768,505,738,159,1949,414659,269406,145253,7883,22.98%
JAMMU AND KASHMIR,Udhampur,2637.0,99240,554985,296784,258201,322354,197543,232631,99241,133390,243672,163845,79827,311313,132939,178374,56309,138569,489044,59771,3418,106,57,235,392,183360,148664,34696,1214,26.83%
KARNATAKA,Udupi,3582.0,253078,1177361,562131,615230,926429,465704,250932,96427,154505,513241,335399,177842,664120,226732,437388,52897,75429,1009179,96740,232,161,4534,155,522,385389,269817,115572,9070,10.32%
MADHYA PRADESH,Ujjain,6091.0,391438,1986864,1016289,970575,1240990,730817,745874,285472,460402,897442,569425,328017,1089422,446864,642558,48730,523869,1718204,233133,3241,945,24622,211,1849,489449,300765,188684,7501,29.58%
MANIPUR,Ukhrul,4544.0,35694,183998,94718,89280,129829,70148,54169,24570,29599,87929,46533,41396,96069,48185,47884,173606,248,7553,1115,108,635,70,32,373,41890,36084,5806,276,28.52%
MADHYA PRADESH,Umaria,4076.0,145024,644758,330674,314084,356672,210907,288086,119767,168319,289691,175698,113993,355067,154976,200091,300687,58147,620515,15966,190,70,220,6028,1102,168066,138100,29966,839,45.45%
HIMACHAL PRADESH,Una,1540.0,110332,521173,263692,257481,399715,213281,121458,50411,71047,215346,141612,73734,305827,122080,183747,8601,115491,480138,14275,26009,56,70,10,225,205217,185091,20126,2412,5.00%
UTTAR PRADESH,Unnao,4558.0,588533,3108367,1630087,1478280,1773584,1053063,1334783,577024,757759,1124744,851014,273730,1983623,779073,1204550,2926,948588,2732016,363453,1204,920,240,31,6929,717356,596317,121039,3476,40.79%
ARUNACHAL PRADESH,Upper Siang,6590.0,7324,35320,18699,16621,18195,10723,17125,7976,9149,17644,9968,7676,17676,8731,8945,28468,0,5261,411,27,2577,7,20967,427,10751,8569,2182,97,15.88%
ARUNACHAL PRADESH,Upper Subansiri,7032.0,15869,83448,41758,41690,45278,24807,38170,16951,21219,33370,17898,15472,50078,23860,26218,78323,0,13474,521,28,297,11,59449,889,19214,14542,4672,139,29.78%
CHHATTISGARH,Uttar Bastar Kanker,7161.0,160937,748941,373338,375603,456042,258298,292899,115040,177859,389359,217513,171846,359582,155825,203757,414770,31543,627460,6040,552,2213,1071,105869,1729,194069,169191,24878,579,27.03%
WEST BENGAL,Uttar Dinajpur,3140.0,605674,3007134,1551066,1456068,1489667,853495,1517467,697571,819896,1075626,799627,275999,1931508,751439,1180069,162816,807950,1482943,1501170,477,432,1324,1622,2464,778250,683981,94269,2883,42.84%
KARNATAKA,Uttara Kannada,10277.0,324530,1437169,726256,710913,1081906,582099,355263,144157,211106,608526,430565,177961,828643,295691,532952,34239,116431,1187306,187974,305,12804,3624,64,562,474792,334281,140511,6129,13.21%
UTTARAKHAND,Uttarkashi,8016.0,67602,330086,168597,161489,215126,128237,114960,40360,74600,157276,84265,73011,172810,84332,88478,3512,80567,324859,3554,167,563,74,105,411,121209,112148,9061,602,24.28%
GUJARAT,Vadodara,7546.0,877106,4165626,2153736,2011890,2893080,1614087,1272546,539649,732897,1693473,1233312,460161,2472153,920424,1551729,1149901,221629,3713941,384579,9340,2069,27650,1124,3110,1240425,547454,692971,53606,21.24%
BIHAR,Vaishali,2036.0,626087,3495021,1844535,1650486,1926740,1152576,1568281,691959,876322,1060344,858648,201696,2434677,985887,1448790,2274,738031,3152346,333980,707,362,246,71,5106,750811,699317,51494,4810,47.56%
GUJARAT,Valsad,3008.0,364403,1705678,887222,818456,1170657,655528,535021,231694,303327,743245,516188,227057,962433,371034,591399,902794,38237,1571147,94034,1589,913,13809,1417,3108,498391,262410,235981,11020,19.95%
UTTAR PRADESH,Varanasi,1535.0,560162,3676841,1921857,1754984,2403903,1389116,1272938,532741,740197,1220708,921234,299474,2456133,1000623,1455510,28617,486958,3107681,546987,3309,1146,1898,298,7826,755064,438935,316129,19214,26.00%
TAMIL NADU,Vellore,6075.0,929281,3936331,1961688,1974643,2773928,1504355,1162403,457333,705070,1689330,1123874,565456,2247001,837814,1409187,72955,860212,3397857,414760,676,438,3514,251,7445,1140300,653499,486801,20623,3.16%
MADHYA PRADESH,Vidisha,7371.0,299676,1458875,769568,689307,862918,512344,595957,257224,338733,550402,401583,148819,908473,367985,540488,67603,292144,1287391,149548,914,295,18490,70,854,376409,292579,83830,1926,47.19%
TAMIL NADU,Viluppuram,7194.0,800368,3458873,1740819,1718054,2195776,1234479,1263097,506340,756757,1703249,1017383,685866,1755624,723436,1032188,74859,1015716,3174941,133896,325,238,4032,278,6884,967314,808042,159272,8472,9.29%
TAMIL NADU,Virudhunagar,4241.0,537748,1942288,967709,974579,1398788,760375,543500,207334,336166,950158,579111,371047,992130,388598,603532,2294,399831,1822626,47838,245,87,98,75,3914,734724,363782,370942,10219,7.99%
ANDHRA PRADESH,Visakhapatnam,11161.0,1097042,4290589,2138910,2151679,2568249,1422878,1722340,716032,1006308,1889879,1239064,650815,2400710,899846,1500864,618500,329486,4105320,86330,2301,850,2316,286,15579,1379340,718847,660493,45492,15.10%
ANDHRA PRADESH,Vizianagaram,6539.0,587149,2344474,1161477,1182997,1238388,707503,1106086,453974,652112,1157962,679289,478673,1186512,482188,704324,235556,247728,2299129,16423,380,114,815,183,9577,749514,592458,157056,4453,19.00%
ANDHRA PRADESH,Warangal,12846.0,886279,3512576,1759281,1753295,2065023,1179790,1447553,579491,868062,1705655,960926,744729,1806921,798355,1008566,530656,616102,3273755,197333,1453,253,569,126,7710,1046987,758738,288249,12952,12.12%
MAHARASHTRA,Wardha,6309.0,309846,1300774,668385,632389,1019458,552617,281316,115768,165548,608235,392316,215919,692539,276069,416470,149507,188830,1057096,53854,2147,175417,5663,2254,1647,388704,268486,120218,4313,8.82%
MAHARASHTRA,Washim,4898.0,259464,1197160,620302,576858,869917,487703,327243,132599,194644,569792,340353,229439,627368,279949,347419,80471,229462,859949,142672,518,179330,8476,381,4127,330846,274925,55921,1875,22.53%
KERALA,Wayanad,2130.0,190894,817420,401684,415736,645585,328136,171835,73548,98287,340077,228639,111438,477343,173045,304298,151443,32578,404460,234185,61,312,1797,286,1866,277988,266183,11805,4712,3.48%
SIKKIM,West District,1166.0,28023,136435,70238,66197,93432,51988,43003,18250,24753,70348,40772,29576,66087,29466,36621,57817,5935,75286,965,40,36390,20,10477,255,33977,32091,1886,286,2.29%
MEGHALAYA,West Garo Hills,3677.0,123352,643291,324159,319132,358702,193438,284589,130721,153868,255693,151914,103779,387598,172245,215353,474009,8810,122936,106788,209,3392,144,16950,2916,157945,139351,18594,1630,27.29%
ANDHRA PRADESH,West Godavari,7742.0,1091525,3936966,1964918,1972048,2652389,1379223,1284577,585695,698882,1773112,1199338,573774,2163854,765580,1398274,109072,811698,3733191,86142,288,209,1578,211,6227,1255628,1007255,248373,12050,9.11%
ARUNACHAL PRADESH,West Kameng,7422.0,18159,83947,46155,37792,48492,29566,35455,16589,18866,42493,28313,14180,41454,17842,23612,46380,0,31265,1970,328,36087,71,5556,204,24195,17889,6306,202,22.44%
MEGHALAYA,West Khasi Hills,5247.0,64906,383461,193715,189746,230678,117307,152783,76408,76375,163345,89694,73651,220116,104021,116095,375097,168,6498,1533,58,1313,38,5878,1262,87131,74832,12299,149,39.59%
ARUNACHAL PRADESH,West Siang,8325.0,21231,112274,58168,54106,64746,36777,47528,21391,26137,49177,29156,20021,63097,29012,34085,92783,0,15881,2218,577,3311,49,60005,264,30775,22272,8503,303,14.49%
TRIPURA,West Tripura,2993.0,410565,1725739,879428,846311,1361354,722998,364385,156430,207955,698178,500406,197772,1027561,379022,648539,431944,338094,1512801,152791,499,2128,362,430,3106,506637,289621,217016,6394,8.97%
NAGALAND,Wokha,1628.0,31891,166343,84505,81838,128208,67385,38135,17120,21015,78412,42096,36316,87931,42409,45522,156621,0,5605,2043,34,318,8,20,79,46669,38499,8170,198,15.35%
ANDHRA PRADESH,Y.S.R.,15359.0,706204,2882469,1451777,1430692,1716766,994699,1165703,457078,708625,1320404,823886,496518,1562065,627891,934174,75886,465794,2391231,454108,367,105,751,245,12381,884093,590589,293504,6667,9.14%
KARNATAKA,Yadgir,5270.0,202063,1174271,590329,583942,510003,306751,664268,283578,380690,547696,317135,230561,626575,273194,353381,146849,273315,997974,155340,331,7970,1519,996,1464,262995,207787,55208,1410,41.67%
HARYANA,Yamunanagar,1768.0,235423,1214205,646718,567487,832457,474793,381748,171925,209823,389233,342343,46890,824972,304375,520597,0,306743,984929,138569,84455,161,1555,126,764,357723,214464,143259,8079,4.47%
PONDICHERRY,Yanam,30.0,13812,55626,27301,28325,39274,19919,16352,7382,8970,16760,14047,2713,38866,13254,25612,0,8427,53537,1191,3,1,4,4,13,15519,0,15519,207,5.06%
MAHARASHTRA,Yavatmal,13582.0,646886,2772348,1419965,1352383,2022574,1115980,749774,303985,445789,1355999,815475,540524,1416349,604490,811859,514057,328518,2251401,239236,1596,249874,11422,3745,10507,798132,629243,168889,6094,23.54%
NAGALAND,Zunheboto,1255.0,27835,140757,71217,69540,102881,53504,37876,17713,20163,79466,41178,38288,61291,30039,31252,136561,0,2580,772,39,286,6,2,77,37311,31267,6044,261,23.61%
